27.34     25.85     0
27.23     25.85     1008
27.23     25.74     2018
27.23     25.85     3027
27.11     26.08     4037
27.00     26.54     5047
26.77     26.88     6056
26.65     27.34     7065
26.42     27.80     8075
26.08     28.27     9084
25.74     28.61     10094
25.51     29.08     11103
25.28     29.43     12112
25.06     29.90     13122
24.72     30.14     14132
24.38     30.49     15141
24.15     30.85     16150
23.93     31.09     17160
23.70     31.33     18169
23.48     31.44     19179
23.25     31.68     20189
22.92     31.92     21197
22.70     32.04     22207
22.47     32.16     23217
22.14     32.29     24226
21.92     32.53     25236
21.80     32.65     26245
21.47     32.77     27254
21.36     32.89     28264
21.03     33.01     29274
20.81     33.13     30282
20.70     33.26     31292
20.47     33.38     32302
20.25     33.50     33310
20.03     33.62     34320
19.81     33.74     35330
19.70     33.87     36339
19.48     33.87     37348
19.26     33.99     38358
19.04     34.11     39367
18.82     34.11     40376
18.71     34.36     41385
18.49     34.36     42395
18.38     34.36     43404
18.16     34.48     44413
18.05     34.61     45423
17.83     34.61     46433
17.73     34.73     47441
17.62     34.85     48451
17.40     34.85     49461
17.18     34.85     50470
17.07     35.10     51479
16.96     35.10     52489
16.74     35.10     53498
16.63     35.23     54507
16.41     35.23     55517
16.30     35.35     56526
16.19     35.35     57536
15.98     35.35     58545
15.98     35.48     59554
15.76     35.48     60564
15.65     35.60     61573
15.43     35.48     62582
15.32     35.60     63592
15.21     35.60     64601
14.99     35.73     65610
14.88     35.73     66620
14.77     35.73     67629
14.66     35.85     68638
14.56     35.85     69648
14.45     35.85     70657
14.34     35.85     71666
14.23     35.98     72676
14.12     35.98     73684
14.01     36.10     74694
13.90     36.10     75704
13.68     36.23     76712
13.57     36.23     77722
13.46     36.36     78732
13.35     36.36     79740
13.25     36.48     80750
13.14     36.36     81760
13.03     36.48     82768
12.92     36.48     83778
12.81     36.48     84788
12.70     36.48     85797
12.70     36.61     86806
12.59     36.61     87816
12.48     36.61     88825
12.37     36.61     89834
12.26     36.61     90844
12.15     36.61     91853
12.04     36.74     92862
11.93     36.61     93872
11.83     36.74     94881
11.72     36.74     95891
11.72     36.86     96900
11.50     36.86     97909
11.50     36.86     98919
11.39     36.99     99928
11.28     36.86     100937
11.17     36.86     101947
11.06     36.99     102956
11.06     36.99     103965
10.84     36.99     104975
10.84     37.12     105984
10.73     37.12     106993
10.62     37.12     108003
10.62     37.12     109011
10.51     37.12     110021
10.40     37.12     111031
10.29     37.12     112039
10.18     37.25     113049
10.18     37.25     114059
10.07     37.12     115067
9.96     37.12     116077
9.85     37.25     117087
9.85     37.25     118095
9.74     37.25     119105
9.63     37.25     120115
9.63     37.38     121124
9.52     37.38     122133
9.41     37.38     123143
9.30     37.38     124152
9.30     37.38     125162
9.19     37.50     126172
9.19     37.38     127181
9.08     37.50     128190
8.97     37.50     129200
8.86     37.38     130209
8.86     37.38     131219
8.75     37.38     132229
8.75     37.38     133238
8.64     37.50     134247
8.64     37.38     135257
8.53     37.50     136266
8.53     37.50     137276
8.42     37.50     138286
8.31     37.50     139295
8.31     37.63     140305
8.20     37.63     141315
8.09     37.63     142323
8.09     37.63     143333
7.98     37.63     144343
7.98     37.63     145352
7.86     37.63     146362
7.75     37.63     147372
7.75     37.63     148381
7.64     37.76     149391
7.64     37.76     150400
7.53     37.63     151409
7.53     37.63     152419
7.42     37.63     153428
7.42     37.76     154438
7.31     37.63     155448
7.20     37.76     156457
7.20     37.76     157467
7.09     37.63     158477
7.09     37.76     159486
6.98     37.76     160496
6.98     37.89     161506
6.86     37.76     162514
6.75     37.89     163524
6.75     37.89     164534
6.64     37.89     165544
6.64     37.89     166554
6.53     37.89     167564
6.53     38.02     168572
6.42     38.02     169582
6.31     38.02     170592
6.31     38.02     171601
6.31     38.02     172611
6.20     38.02     173621
6.08     38.02     174629
6.08     38.02     175639
6.08     38.02     176648
5.97     38.02     177657
5.97     38.02     178667
5.97     38.02     179677
5.86     38.02     180686
5.75     38.02     181696
5.75     38.02     182706
5.64     38.02     183715
5.64     38.02     184725
5.64     38.02     185735
5.52     38.15     186744
5.52     38.15     187754
5.41     38.15     188764
5.41     38.02     189773
5.41     38.15     190783
5.30     38.15     191793
5.30     38.02     192801
5.30     38.15     193811
5.19     38.02     194821
5.19     38.15     195830
5.19     38.15     196840
5.07     38.15     197850
5.07     38.28     198859
4.96     38.28     199869
4.96     38.28     200879
4.96     38.15     201887
4.85     38.15     202897
4.85     38.15     203907
4.74     38.28     204916
4.74     38.15     205926
4.74     38.15     206936
4.74     38.15     207945
4.62     38.15     208955
4.62     38.15     209965
4.62     38.15     210973
4.51     38.28     211983
4.51     38.28     212993
4.51     38.15     214002
4.40     38.15     215012
4.40     38.28     216022
4.40     38.28     217031
4.28     38.15     218041
4.28     38.15     219051
4.17     38.15     220059
4.17     38.15     221069
4.17     38.15     222078
4.06     38.28     223088
4.06     38.15     224098
4.06     38.15     225107
3.94     38.15     226117
3.94     38.28     227127
3.94     38.28     228136
3.94     38.28     229145
3.83     38.28     230155
3.83     38.28     231164
3.83     38.28     232174
3.72     38.15     233184
3.72     38.28     234193
3.72     38.15     235203
3.60     38.28     236213
3.60     38.15     237221
3.60     38.28     238231
3.60     38.28     239241
3.60     38.28     240250
3.49     38.28     241260
3.49     38.28     242270
3.49     38.28     243278
3.49     38.28     244288
3.37     38.28     245298
3.37     38.28     246307
3.37     38.28     247317
3.26     38.28     248326
3.26     38.28     249335
3.15     38.41     250345
3.15     38.28     251355
3.15     38.28     252364
3.15     38.28     253374
3.15     38.41     254384
3.15     38.28     255392
3.03     38.28     256402
3.03     38.41     257412
3.03     38.28     258421
3.03     38.41     259431
3.03     38.41     260441
2.92     38.28     261450
2.92     38.28     262459
2.92     38.28     263469
2.92     38.28     264478
2.80     38.28     265488
2.80     38.28     266498
2.80     38.28     267506
2.80     38.28     268516
2.69     38.28     269526
2.69     38.41     270535
2.69     38.41     271545
2.69     38.41     272555
2.57     38.41     273563
2.57     38.41     274573
2.57     38.28     275582
2.57     38.28     276592
2.57     38.28     277602
2.57     38.28     278611
2.57     38.28     279620
2.57     38.41     280630
2.46     38.28     281639
2.46     38.28     282649
2.46     38.28     283659
2.34     38.28     284667
2.34     38.28     285677
2.34     38.28     286687
2.34     38.28     287696
2.34     38.28     288706
2.34     38.28     289716
2.34     38.41     290724
2.23     38.41     291734
2.23     38.41     292744
2.23     38.41     293753
2.23     38.41     294763
2.23     38.41     295773
2.11     38.41     296782
2.11     38.41     297792
2.11     38.41     298801
2.11     38.41     299810
2.00     38.41     300820
2.00     38.41     301830
2.00     38.41     302839
2.00     38.28     303849
2.00     38.41     304858
1.88     38.41     305867
2.00     38.28     306877
2.00     38.28     307887
2.00     38.41     308896
1.88     38.41     309906
1.88     38.41     310916
1.77     38.54     311924
1.77     38.41     312934
1.77     38.41     313944
1.65     38.41     314953
1.65     38.41     315963
1.53     38.41     316973
1.65     38.41     317982
1.53     38.54     318991
1.53     38.54     320001
1.53     38.54     321010
1.53     38.41     322020
1.53     38.54     323030
1.42     38.54     324039
1.53     38.54     325049
1.42     38.54     326057
1.42     38.41     327067
1.42     38.41     328077
1.42     38.41     329086
1.30     38.41     330096
1.30     38.41     331106
1.30     38.54     332115
1.30     38.54     333124
1.19     38.41     334134
1.19     38.41     335143
1.19     38.41     336153
1.19     38.41     337163
1.19     38.41     338172
1.19     38.41     339181
1.07     38.41     340191
1.19     38.41     341200
1.07     38.41     342210
1.07     38.41     343220
0.95     38.41     344229
0.95     38.41     345238
0.95     38.41     346248
0.95     38.41     347257
0.95     38.41     348267
0.84     38.41     349277
0.95     38.41     350285
0.84     38.41     351295
0.84     38.41     352305
0.84     38.54     353314
0.84     38.41     354324
0.72     38.41     355334
0.72     38.41     356343
0.72     38.41     357352
0.60     38.41     358362
0.60     38.54     359371
0.60     38.41     360381
0.60     38.41     361391
0.60     38.41     362400
0.60     38.54     363409
0.60     38.41     364419
0.60     38.41     365428
0.60     38.41     366438
0.49     38.41     367448
0.49     38.41     368457
0.49     38.41     369466
0.49     38.41     370476
0.49     38.41     371485
0.49     38.41     372495
0.37     38.41     373505
0.49     38.41     374514
0.49     38.41     375524
0.49     38.41     376532
0.49     38.28     377542
0.49     38.41     378552
0.37     38.41     379561
0.37     38.41     380571
0.37     38.41     381581
0.37     38.41     382589
0.37     38.41     383599
0.37     38.41     384609
0.37     38.41     385618
0.37     38.41     386628
0.37     38.41     387638
0.25     38.41     388646
0.37     38.41     389656
0.37     38.41     390666
0.37     38.41     391675
0.37     38.41     392685
0.37     38.41     393695
0.37     38.28     394703
0.37     38.28     395713
0.37     38.41     396723
0.37     38.28     397732
0.25     38.28     398742
0.37     38.28     399752
0.25     38.28     400760
0.37     38.28     401770
0.25     38.41     402780
0.25     38.41     403789
0.25     38.41     404799
0.25     38.41     405809
0.37     38.41     406817
0.37     38.28     407827
0.37     38.28     408837
0.37     38.41     409846
0.37     38.41     410856
0.37     38.41     411866
0.25     38.41     412875
0.37     38.41     413884
0.37     38.41     414894
0.37     38.41     415903
0.25     38.41     416913
0.37     38.41     417923
0.25     38.41     418932
0.25     38.41     419941
0.25     38.41     420951
0.37     38.41     421960
0.25     38.41     422970
0.25     38.41     423980
0.25     38.28     424989
0.25     38.28     425998
0.25     38.41     427008
0.25     38.41     428017
0.25     38.41     429027
0.13     38.41     430036
0.13     38.41     431046
0.13     38.28     432056
0.13     38.28     433064
0.13     38.28     434074
0.13     38.28     435084
0.13     38.28     436093
0.13     38.28     437103
0.02     38.41     438113
0.02     38.41     439121
0.02     38.28     440131
0.02     38.28     441141
0.02     38.41     442150
0.02     38.41     443160
0.02     38.41     444169
-0.10     38.41     445178
-0.10     38.41     446188
-0.10     38.41     447198
-0.10     38.41     448207
-0.10     38.41     449217
-0.10     38.41     450226
-0.10     38.41     451235
-0.22     38.28     452245
-0.22     38.28     453255
-0.22     38.28     454264
-0.22     38.28     455274
-0.22     38.15     456283
-0.10     38.15     457292
-0.22     38.02     458302
-0.10     38.02     459312
0.02     38.02     460321
0.02     37.89     461330
0.02     37.89     462340
0.02     37.89     463349
0.13     37.89     464359
0.13     37.76     465368
0.13     37.76     466377
0.13     37.89     467387
0.13     37.89     468397
0.13     37.89     469406
0.13     37.89     470415
0.02     38.02     471425
0.02     38.02     472434
0.02     38.02     473444
0.02     38.02     474452
0.02     38.15     475462
0.13     38.15     476472
0.13     38.15     477481
0.02     38.15     478490
0.13     38.15     479500
0.13     38.15     480509
0.02     38.15     481519
0.02     38.15     482529
0.02     38.15     483537
0.02     38.15     484547
0.02     38.15     485557
0.13     38.15     486566
0.13     38.15     487575
0.13     38.15     488585
0.02     38.15     489594
0.02     38.15     490604
0.02     38.15     491614
0.13     38.15     492622
0.02     38.15     493632
0.02     38.28     494642
0.02     38.28     495651
0.02     38.28     496661
0.02     38.28     497670
0.02     38.28     498679
0.02     38.28     499689
0.02     38.28     500699
-0.10     38.28     501708
0.02     38.41     502717
-0.10     38.41     503727
-0.10     38.41     504736
-0.10     38.28     505746
-0.10     38.28     506756
-0.10     38.28     507764
-0.10     38.28     508774
-0.10     38.28     509784
0.02     38.28     510793
-0.10     38.15     511803
-0.10     38.15     512812
-0.10     38.28     513821
0.02     38.15     514831
0.02     38.15     515841
0.02     38.15     516849
0.02     38.15     517859
0.02     38.15     518868
0.02     38.15     519878
0.02     38.02     520888
0.02     38.15     521896
0.02     38.15     522906
0.02     38.15     523916
0.02     38.15     524925
0.02     38.15     525934
0.13     38.02     526944
0.02     38.02     527953
0.13     38.15     528963
0.02     38.15     529972
0.02     38.15     530981
0.02     38.15     531991
0.02     38.15     533001
0.02     38.02     534009
0.02     38.02     535019
0.02     38.15     536029
0.02     38.15     537038
0.13     38.15     538047
0.02     38.15     539057
0.02     38.15     540066
0.02     38.28     541076
0.13     38.15     542086
0.02     38.15     543094
0.02     38.15     544104
0.02     38.15     545114
0.02     38.15     546123
0.02     38.15     547133
0.02     38.28     548142
0.02     38.28     549151
0.02     38.28     550161
0.02     38.28     551171
0.02     38.28     552180
0.02     38.28     553189
0.02     38.28     554199
0.02     38.28     555208
0.02     38.28     556218
0.02     38.28     557228
0.02     38.28     558236
0.02     38.28     559246
0.02     38.28     560256
0.02     38.28     561265
0.02     38.28     562275
0.02     38.28     563283
0.02     38.28     564293
0.02     38.28     565303
0.02     38.41     566312
0.02     38.28     567322
0.02     38.28     568331
0.02     38.28     569340
0.02     38.28     570350
0.02     38.28     571360
0.02     38.28     572369
0.02     38.28     573378
0.02     38.28     574388
-0.10     38.28     575397
0.02     38.28     576407
0.02     38.28     577417
0.02     38.28     578425
0.02     38.28     579435
0.02     38.28     580445
0.02     38.28     581454
0.13     38.15     582464
0.13     38.15     583473
0.13     38.15     584482
0.13     38.15     585492
0.13     38.28     586502
0.13     38.15     587511
0.02     38.28     588520
0.13     38.15     589530
0.02     38.15     590539
0.13     38.28     591549
0.13     38.28     592559
0.13     38.28     593567
0.13     38.15     594577
0.13     38.15     595587
0.13     38.15     596596
0.13     38.15     597606
0.13     38.28     598615
0.13     38.15     599624
0.13     38.28     600634
0.13     38.28     601644
0.13     38.28     602653
0.13     38.28     603663
0.13     38.15     604672
0.13     38.41     605681
0.13     38.28     606691
0.13     38.28     607700
0.13     38.28     608710
0.13     38.28     609719
0.13     38.28     610728
0.13     38.28     611738
0.13     38.41     612748
0.13     38.28     613757
0.02     38.28     614767
0.02     38.41     615776
0.02     38.28     616785
0.02     38.41     617795
0.02     38.41     618805
0.02     38.41     619814
0.02     38.41     620824
0.02     38.41     621833
0.02     38.41     622842
0.02     38.54     623852
0.02     38.41     624862
0.02     38.54     625871
0.02     38.54     626881
0.02     38.54     627891
0.02     38.54     628899
0.02     38.54     629909
0.02     38.54     630919
0.02     38.54     631928
0.02     38.54     632938
0.02     38.54     633948
0.02     38.54     634957
0.02     38.54     635966
0.02     38.54     636976
0.02     38.41     637985
0.02     38.41     638995
0.02     38.41     640005
0.02     38.41     641014
0.02     38.41     642024
0.02     38.41     643033
0.02     38.41     644042
0.02     38.41     645052
0.02     38.41     646062
0.02     38.41     647071
0.02     38.54     648081
-0.10     38.54     649090
0.02     38.41     650099
0.02     38.54     651109
0.02     38.54     652119
0.02     38.54     653128
-0.10     38.54     654138
0.02     38.54     655148
0.02     38.54     656156
0.02     38.54     657166
0.02     38.54     658176
0.02     38.54     659185
0.13     38.54     660195
0.13     38.54     661204
0.13     38.54     662214
0.13     38.54     663224
0.13     38.54     664232
0.25     38.54     665242
0.25     38.54     666252
0.25     38.41     667261
0.25     38.41     668271
0.13     38.41     669281
0.13     38.41     670290
0.13     38.41     671299
0.13     38.41     672309
0.13     38.41     673318
0.25     38.41     674328
0.13     38.41     675338
0.13     38.28     676347
0.25     38.28     677356
0.13     38.28     678366
0.25     38.28     679375
0.13     38.41     680385
0.13     38.41     681395
0.13     38.28     682404
0.13     38.28     683413
0.13     38.28     684423
0.13     38.28     685432
0.13     38.41     686442
0.13     38.41     687452
0.13     38.41     688461
0.13     38.41     689470
0.13     38.54     690480
0.13     38.41     691489
0.13     38.41     692499
0.13     38.41     693509
0.13     38.41     694518
0.13     38.41     695528
0.25     38.41     696537
0.25     38.54     697546
0.25     38.41     698556
0.25     38.54     699566
0.25     38.41     700575
0.25     38.41     701585
0.25     38.41     702594
0.25     38.41     703603
0.25     38.41     704613
0.25     38.28     705623
0.37     38.28     706632
0.25     38.28     707642
0.25     38.28     708651
0.25     38.41     709660
0.25     38.41     710670
0.13     38.41     711680
0.13     38.41     712689
0.13     38.41     713699
0.13     38.41     714707
0.13     38.41     715717
0.13     38.41     716727
0.13     38.41     717736
0.13     38.41     718746
0.13     38.41     719756
0.13     38.54     720765
0.13     38.54     721774
0.13     38.41     722784
0.13     38.54     723793
0.13     38.54     724803
0.13     38.41     725813
0.13     38.54     726822
0.13     38.41     727832
0.02     38.54     728841
0.13     38.41     729850
0.13     38.41     730860
0.02     38.41     731870
0.02     38.41     732879
0.02     38.54     733889
0.02     38.41     734898
0.02     38.41     735907
0.02     38.41     736917
0.13     38.41     737927
0.13     38.41     738936
0.13     38.41     739946
0.13     38.41     740956
0.13     38.41     741964
0.13     38.41     742974
0.25     38.41     743984
0.25     38.41     744993
0.25     38.41     746003
0.25     38.41     747013
0.25     38.41     748021
0.25     38.41     749031
0.25     38.41     750041
0.25     38.41     751050
0.25     38.41     752060
0.25     38.41     753070
0.25     38.41     754079
0.13     38.41     755088
0.25     38.41     756098
0.13     38.41     757107
0.25     38.41     758117
0.25     38.41     759127
0.13     38.41     760136
0.25     38.41     761145
0.13     38.28     762155
0.13     38.41     763164
0.25     38.28     764174
0.25     38.28     765184
0.25     38.28     766193
0.25     38.28     767202
0.13     38.28     768211
0.13     38.28     769221
0.13     38.41     770231
0.13     38.41     771240
0.25     38.28     772250
0.13     38.41     773259
0.13     38.41     774268
0.13     38.54     775278
0.13     38.41     776288
0.13     38.41     777297
0.13     38.41     778307
0.13     38.41     779317
0.13     38.41     780325
0.25     38.54     781335
0.13     38.41     782345
0.25     38.41     783354
0.25     38.41     784364
0.25     38.28     785374
0.25     38.41     786382
0.25     38.41     787392
0.25     38.41     788402
0.13     38.41     789411
0.13     38.54     790421
0.13     38.41     791431
0.13     38.41     792440
0.13     38.41     793449
0.13     38.54     794459
0.13     38.54     795468
0.02     38.54     796478
0.02     38.54     797488
0.02     38.54     798497
0.02     38.41     799507
0.02     38.41     800516
0.02     38.41     801525
0.02     38.41     802535
0.02     38.54     803545
0.02     38.54     804554
-0.10     38.54     805564
0.02     38.54     806573
-0.10     38.54     807582
-0.10     38.54     808592
-0.10     38.54     809602
-0.10     38.41     810611
0.02     38.41     811621
-0.10     38.41     812630
0.02     38.41     813639
-0.10     38.41     814649
0.02     38.41     815659
0.02     38.41     816668
0.02     38.28     817677
0.02     38.28     818686
0.02     38.28     819696
0.02     38.28     820706
0.02     38.28     821715
0.13     38.28     822724
0.13     38.28     823734
0.13     38.28     824743
0.02     38.41     825753
0.02     38.41     826763
0.02     38.41     827771
0.02     38.41     828781
0.02     38.41     829791
0.02     38.41     830800
0.02     38.54     831810
0.02     38.41     832819
0.02     38.41     833828
0.02     38.41     834838
0.02     38.54     835848
0.02     38.54     836857
-0.10     38.41     837866
0.02     38.54     838876
0.02     38.54     839885
0.02     38.54     840895
-0.10     38.54     841905
-0.10     38.54     842913
-0.10     38.54     843923
-0.10     38.41     844933
0.02     38.54     845942
-0.10     38.54     846952
-0.10     38.54     847961
0.02     38.41     848970
0.02     38.41     849980
-0.10     38.41     850990
0.02     38.41     851999
0.02     38.28     853008
0.13     38.28     854018
0.13     38.28     855027
0.13     38.28     856037
0.13     38.28     857047
0.13     38.28     858055
0.13     38.28     859065
0.13     38.41     860075
0.13     38.41     861084
0.13     38.41     862094
0.13     38.41     863104
0.13     38.41     864112
0.13     38.28     865122
0.13     38.28     866131
0.13     38.41     867141
0.13     38.41     868151
0.13     38.41     869160
0.02     38.41     870169
0.13     38.41     871179
0.02     38.54     872188
0.02     38.41     873198
0.02     38.54     874208
0.02     38.41     875217
0.02     38.54     876227
0.02     38.54     877236
0.02     38.54     878245
0.02     38.54     879255
0.02     38.54     880265
0.02     38.67     881274
0.02     38.67     882284
0.02     38.54     883294
0.02     38.54     884302
0.02     38.67     885312
0.02     38.54     886322
0.02     38.54     887331
0.02     38.54     888341
0.02     38.54     889351
0.02     38.54     890360
0.02     38.54     891369
0.02     38.54     892379
0.02     38.54     893388
0.02     38.54     894398
-0.10     38.54     895408
-0.10     38.54     896417
-0.10     38.54     897426
-0.10     38.67     898436
0.02     38.54     899445
-0.10     38.54     900455
0.02     38.41     901465
0.02     38.41     902473
0.02     38.41     903483
-0.10     38.41     904493
0.02     38.41     905502
0.02     38.28     906512
-0.10     38.28     907521
0.02     38.41     908530
-0.10     38.41     909540
-0.10     38.28     910550
0.02     38.28     911559
0.02     38.28     912568
0.02     38.28     913577
-0.10     38.41     914587
0.02     38.28     915597
-0.10     38.28     916606
0.02     38.28     917615
0.02     38.15     918625
-0.10     38.15     919634

