23.82     24.15     0
23.70     24.15     1001
23.70     24.15     2002
23.70     24.27     3005
23.59     24.60     4006
23.48     24.94     5009
23.25     25.40     6010
23.03     25.85     7013
22.81     26.31     8014
22.47     26.65     9017
22.25     27.11     10018
21.80     27.46     11021
21.58     27.80     12022
21.25     28.15     13025
20.92     28.50     14026
20.59     28.73     15029
20.25     29.08     16030
19.92     29.20     17033
19.59     29.43     18034
19.26     29.55     19037
18.93     29.78     20038
18.60     29.90     21041
18.16     30.14     22042
17.94     30.26     23045
17.62     30.37     24047
17.29     30.49     25049
16.96     30.61     26051
16.63     30.73     27053
16.30     30.73     28055
15.98     30.85     29057
15.65     30.97     30059
15.43     31.09     31060
14.99     31.21     32063
14.77     31.33     33064
14.45     31.33     34067
14.12     31.44     35068
13.79     31.56     36071
13.57     31.56     37072
13.25     31.68     38075
12.92     31.68     39076
12.70     31.80     40079
12.37     31.92     41080
12.04     32.04     42083
11.72     32.04     43084
11.50     32.04     44087
11.28     32.16     45088
10.95     32.29     46091
10.73     32.29     47092
10.40     32.41     48095
10.07     32.41     49096
9.96     32.53     50099
9.63     32.53     51100
9.41     32.53     52103
9.08     32.65     53104
8.86     32.65     54107
8.64     32.77     55108
8.31     32.77     56111
8.09     32.89     57112
7.86     32.89     58115
7.64     32.89     59116
7.42     33.01     60119
7.20     33.13     61120
6.98     33.13     62123
6.75     33.13     63124
6.53     33.13     64126
6.31     33.26     65128
6.08     33.38     66130
5.86     33.38     67132
5.64     33.38     68134
5.52     33.50     69136
5.30     33.50     70138
5.07     33.50     71140
4.85     33.62     72142
4.62     33.62     73144
4.51     33.62     74146
4.28     33.62     75148
4.17     33.74     76150
3.94     33.87     77152
3.72     33.87     78154
3.60     33.87     79156
3.37     33.87     80158
3.15     33.99     81160
3.03     33.99     82161
2.80     33.99     83164
2.69     33.99     84165
2.46     34.11     85168
2.34     34.11     86169
2.23     34.11     87172
2.00     34.11     88173
1.88     34.24     89176
1.65     34.24     90177
1.53     34.24     91180
1.42     34.24     92181
1.19     34.36     93184
1.07     34.36     94185
0.95     34.36     95187
0.72     34.36     96189
0.72     34.48     97191
0.49     34.48     98193
0.37     34.48     99195
0.13     34.48     100197
0.02     34.61     101199
-0.10     34.48     102201
-0.22     34.61     103203
-0.34     34.61     104205
-0.46     34.61     105207
-0.57     34.73     106209
-0.81     34.61     107211
-0.93     34.61     108213
-0.93     34.73     109215
-1.17     34.73     110217
-1.29     34.73     111219
-1.41     34.85     112221
-1.41     34.85     113223
-1.65     34.85     114226
-1.77     34.85     115227
-1.89     34.85     116230
-1.89     34.85     117231
-2.13     34.85     118234
-2.13     34.85     119235
-2.37     34.85     120238
-2.37     34.98     121239
-2.49     34.98     122242
-2.61     34.98     123243
-2.73     34.98     124246
-2.86     34.98     125247
-2.98     35.10     126249
-2.98     34.98     127251
-3.10     35.10     128253
-3.22     35.10     129256
-3.34     35.10     130257
-3.34     35.10     131260
-3.59     35.10     132261
-3.59     35.10     133264
-3.71     35.10     134265
-3.84     35.23     135268
-3.96     35.10     136269
-3.96     35.23     137272
-4.08     35.23     138273
-4.08     35.23     139276
-4.33     35.23     140277
-4.33     35.23     141280
-4.46     35.23     142281
-4.46     35.23     143284
-4.58     35.23     144285
-4.71     35.23     145288
-4.71     35.23     146290
-4.83     35.35     147292
-4.96     35.35     148294
-4.96     35.35     149296
-4.96     35.35     150298
-5.08     35.35     151300
-5.21     35.35     152302
-5.21     35.35     153304
-5.33     35.35     154306
-5.33     35.35     155308
-5.33     35.35     156310
-5.33     35.35     157312
-5.46     35.23     158314
-5.46     35.10     159315
-5.46     34.98     160318
-5.33     34.85     161320
-5.46     34.73     162322
-5.33     34.61     163324
-5.33     34.48     164326
-5.33     34.36     165328
-5.21     34.24     166330
-5.21     34.11     167332
-5.21     33.99     168334
-5.08     33.99     169336
-5.08     33.87     170338
-5.08     33.87     171340
-5.08     33.87     172342
-4.96     33.74     173344
-4.96     33.74     174346
-4.83     33.74     175348
-4.83     33.74     176351
-4.96     33.74     177352
-4.96     33.74     178355
-4.96     33.74     179356
-4.83     33.87     180359
-4.83     33.87     181360
-4.83     33.87     182363
-4.83     33.99     183364
-4.96     33.99     184367
-4.96     34.11     185368
-4.96     34.11     186371
-4.96     34.11     187372
-4.96     34.11     188375
-4.96     34.11     189376
-5.08     34.11     190379
-4.96     34.24     191380
-5.08     34.11     192382
-4.96     34.24     193385
-4.96     34.24     194386
-4.96     34.11     195389
-5.08     34.11     196390
-4.96     34.24     197393
-5.08     34.11     198394
-5.08     34.11     199397
-5.08     34.11     200398
-5.08     34.11     201401
-5.08     34.11     202402
-5.08     34.11     203405
-5.08     34.11     204406
-4.96     33.99     205409
-5.08     33.99     206410
-4.96     33.99     207413
-4.96     33.99     208415
-4.96     33.99     209417
-4.96     33.99     210419
-4.96     33.99     211421
-4.96     33.99     212423
-4.96     33.99     213425
-4.96     33.99     214427
-4.96     33.99     215429
-4.96     33.99     216431
-4.96     33.99     217433
-4.96     34.11     218435
-4.96     33.99     219437
-4.96     34.11     220439
-5.08     34.11     221441
-5.08     34.11     222443
-4.96     34.11     223444
-5.08     34.11     224447
-4.96     34.11     225449
-5.08     34.11     226451
-5.08     34.11     227453
-5.08     34.11     228455
-5.08     34.11     229457
-5.08     33.99     230459
-5.08     33.99     231461
-5.08     33.99     232463
-4.96     33.99     233465
-4.96     33.99     234467
-4.96     33.87     235469
-4.96     33.87     236471
-4.96     33.87     237473
-4.96     33.87     238475
-4.96     33.99     239477
-4.96     33.87     240479
-4.96     33.99     241481
-4.96     33.87     242484
-5.08     33.99     243485
-4.96     33.99     244488
-4.96     33.99     245489
-4.96     33.99     246492
-4.96     33.99     247493
-5.08     33.99     248496
-4.96     33.99     249497
-5.08     33.99     250500
-4.96     33.99     251501
-4.96     33.99     252504
-5.08     33.99     253505
-4.96     33.99     254508
-5.08     33.99     255509
-5.08     33.99     256512
-4.96     33.99     257514
-5.08     33.99     258515
-4.96     33.99     259518
-4.96     33.99     260519
-4.96     33.99     261522
-5.08     33.99     262523
-4.96     33.99     263526
-5.08     33.99     264527
-5.08     33.99     265530
-4.96     33.99     266531
-4.96     33.87     267534
-4.96     33.99     268535
-4.96     33.01     269538
-4.96     33.99     270539
-4.96     33.99     271542
-5.08     33.99     272543
-4.96     33.99     273546
-5.08     33.99     274548
-4.96     33.99     275550
-4.96     33.99     276552
-4.96     33.99     277554
-5.08     33.99     278556
-5.08     33.99     279558
-4.96     33.99     280560
-5.08     33.99     281562
-5.08     33.99     282564
-4.96     33.99     283566
-4.96     33.99     284568
-4.96     33.99     285570
-5.08     33.01     286572
-5.08     33.99     287574
-5.08     33.99     288576
-5.08     33.87     289577
-5.08     33.87     290580
-4.96     33.99     291581
-4.96     33.87     292584
-4.96     33.87     293586
-4.96     33.87     294588
-4.96     33.87     295590
-4.96     33.87     296592
-4.96     33.87     297594
-4.96     33.87     298596
-4.96     33.99     299598
-4.96     33.99     300600
-4.96     33.99     301602
-4.96     33.99     302604
-5.08     33.99     303606
-5.08     33.99     304608
-5.08     33.99     305610
-5.08     33.99     306612
-4.96     33.99     307614
-4.96     33.99     308616
-4.96     33.99     309618
-5.08     33.99     310621
-5.08     33.99     311622
-4.96     33.99     312625
-4.96     33.99     313626
-4.96     33.99     314629
-4.96     33.99     315630
-4.96     33.99     316633
-4.96     33.99     317634
-5.08     33.87     318637
-4.96     33.99     319638
-5.08     33.99     320641
-5.08     33.99     321642
-5.08     33.99     322644
-5.08     33.99     323646
-4.96     33.99     324648
-4.96     33.87     325650
-4.96     33.99     326652
-4.96     33.87     327654
-4.96     33.87     328656
-4.96     33.87     329659
-5.08     33.87     330660
-4.96     33.99     331663
-4.96     33.87     332664
-4.96     33.87     333667
-4.96     33.87     334668
-4.96     33.99     335671
-4.96     33.99     336672
-4.96     33.99     337675
-5.08     33.99     338676
-4.96     33.99     339679
-5.08     33.99     340680
-4.96     33.99     341683
-4.96     33.99     342684
-4.96     33.99     343687
-4.96     33.99     344688
-4.96     34.11     345691
-4.96     33.99     346693
-5.08     33.99     347695
-5.08     33.99     348697
-5.08     34.11     349699
-5.08     34.11     350701
-4.96     33.99     351703
-5.08     33.99     352705
-5.08     33.99     353707
-4.96     34.11     354709
-5.08     33.99     355710
-5.08     33.99     356713
-4.96     33.99     357714
-5.08     33.99     358717
-4.96     33.99     359718
-4.96     33.87     360721
-4.96     33.87     361723
-4.96     33.99     362725
-4.96     33.87     363727
-4.96     33.99     364729
-4.96     33.99     365731
-4.96     33.99     366733
-4.96     33.99     367735
-5.08     33.99     368737
-5.08     33.99     369739
-5.08     33.99     370741
-5.08     33.99     371743
-5.08     33.99     372745
-5.08     33.99     373747
-4.96     33.99     374749
-4.96     33.99     375751
-4.96     33.87     376753
-4.96     33.87     377755
-4.96     33.87     378757
-4.96     33.87     379759
-4.96     33.87     380762
-4.96     33.99     381763
-4.96     33.99     382766
-4.96     33.99     383767
-4.96     33.99     384770
-4.96     33.99     385771
-4.96     33.99     386774
-5.08     33.99     387775
-4.96     33.99     388777
-6.22     33.99     389779
-4.96     34.11     390781
-4.96     33.99     391783
-4.96     33.87     392785
-4.96     33.74     393787
-4.96     33.74     394789
-4.83     33.74     395791
-4.83     33.74     396793
-4.83     33.74     397796
-4.83     33.87     398797
-4.83     33.74     399800
-4.83     33.87     400801
-4.96     33.87     401804
-4.96     33.87     402805
-4.96     33.99     403808
-4.96     33.99     404809
-4.96     34.11     405812
-4.96     34.11     406813
-4.96     33.99     407816
-4.96     34.11     408817
-4.96     34.11     409820
-5.08     34.11     410821
-5.08     34.24     411824
-5.08     34.11     412825
-5.08     34.11     413828
-5.08     34.11     414830
-5.08     34.11     415832
-5.08     34.11     416834
-5.08     34.11     417836
-5.08     33.99     418838
-5.08     33.99     419840
-5.08     33.99     420842
-5.08     33.99     421843
-5.08     33.99     422846
-5.08     33.87     423847
-5.08     33.87     424850
-4.96     33.87     425851
-4.96     33.87     426854
-4.96     33.87     427855
-4.96     33.74     428858
-4.96     33.74     429859
-4.96     33.87     430862
-4.96     33.87     431863
-4.96     33.87     432866
-4.96     33.87     433868
-4.96     33.87     434870
-4.83     33.99     435872
-4.96     33.87     436874
-4.96     33.87     437876
-4.96     33.87     438878
-4.96     33.99     439880
-4.96     33.99     440882
-4.96     33.99     441884
-4.96     33.99     442886
-4.96     34.11     443888
-4.96     34.11     444890
-5.08     34.11     445892
-4.96     34.11     446894
-5.08     34.11     447896
-5.08     34.11     448898
-5.08     34.11     449900
-5.08     34.11     450903
-5.08     34.11     451904
-5.08     33.99     452907
-4.96     33.99     453908
-4.96     33.99     454910
-4.96     33.99     455912
-5.08     33.87     456914
-4.96     33.99     457916
-5.08     33.99     458918
-5.08     33.99     459920
-5.08     33.99     460922
-5.08     33.99     461924
-4.96     33.87     462926
-4.96     33.99     463928
-4.96     33.87     464930
-5.08     33.87     465932
-4.96     33.99     466934
-4.96     33.99     467937
-5.08     33.87     468938
-5.08     33.99     469941
-4.96     33.99     470942
-5.08     33.99     471945
-4.96     33.87     472946
-4.96     33.87     473949
-4.96     33.87     474950
-4.96     33.87     475953
-4.96     33.99     476954
-4.96     33.87     477957
-4.96     33.99     478958
-4.96     32.65     479961
-4.96     33.99     480962
-4.96     33.99     481965
-4.96     33.99     482966
-4.96     33.99     483969
-5.08     33.99     484971
-4.96     33.99     485972
-5.08     34.11     486975
-5.08     33.99     487976
-5.08     33.99     488979
-5.08     34.11     489980
-5.08     34.11     490983
-5.08     33.99     491984
-5.08     33.99     492987
-5.08     33.99     493988
-4.96     33.99     494991
-4.96     33.87     495992
-4.96     33.74     496995
-4.96     33.87     497996
-4.96     33.87     498999
-4.96     33.87     500000
-4.96     33.87     501003
-4.83     33.99     502004
-5.08     33.87     503007
-4.96     33.99     504009
-4.96     33.99     505011
-4.96     33.99     506013
-5.08     33.99     507015
-4.96     33.99     508017
-4.96     33.99     509019
-4.96     33.99     510021
-5.08     33.99     511023
-5.08     33.99     512025
-4.96     33.99     513027
-5.08     32.77     514029
-4.96     34.11     515031
-5.08     33.99     516033
-4.96     33.99     517035
-5.08     33.99     518037
-4.96     33.99     519040
-5.08     33.99     520041
-4.96     33.99     521043
-4.96     33.99     522045
-4.96     33.99     523047
-4.96     33.99     524049
-4.96     33.99     525051
-5.84     33.99     526053
-4.96     33.99     527055
-4.96     33.99     528057
-4.96     33.87     529059
-4.96     33.87     530061
-4.96     33.74     531063
-4.96     33.74     532065
-4.83     33.74     533067
-4.96     33.74     534070
-4.83     33.87     535071
-4.83     33.87     536074
-4.83     33.87     537075
-4.96     33.87     538078
-4.96     33.99     539079
-4.96     33.99     540082
-4.96     33.99     541083
-4.96     33.99     542086
-5.08     34.11     543087
-4.96     34.11     544090
-4.96     34.11     545091
-5.08     33.99     546094
-5.08     34.11     547095
-5.08     34.11     548098
-5.08     34.11     549099
-5.08     34.11     550102
-5.08     34.11     551104
-5.08     33.99     552105
-4.96     33.99     553108
-5.08     33.99     554109
-4.96     33.99     555112
-4.96     33.87     556113
-4.96     33.99     557116
-4.96     33.99     558117
-4.96     33.87     559120
-4.96     33.99     560121
-4.96     33.99     561124
-5.08     33.99     562125
-5.08     33.99     563128
-4.96     33.99     564129
-5.08     33.99     565132
-4.96     33.99     566133
-5.08     33.99     567136
-5.08     33.99     568138
-5.08     33.99     569140
-4.96     33.99     570142
-5.08     33.99     571144
-4.96     33.87     572146
-5.08     33.99     573148
-4.96     33.87     574150
-4.96     33.87     575152
-4.96     33.87     576154
-4.96     33.87     577156
-4.96     33.87     578158
-4.96     33.87     579160
-4.96     33.99     580162
-4.96     33.99     581164
-4.96     33.99     582166
-4.96     33.87     583169
-5.08     33.99     584170


