23.03     24.60     0
23.03     24.60     1001
23.03     24.60     2002
23.03     24.72     3005
22.92     24.94     4006
22.81     25.40     5009
22.58     25.85     6010
22.36     26.31     7013
22.14     26.77     8014
21.80     27.11     9017
21.47     27.57     10018
21.14     27.92     11021
20.92     28.27     12022
20.47     28.61     13025
20.14     28.96     14026
19.81     29.20     15029
19.48     29.43     16030
19.15     29.67     17033
18.82     29.90     18034
18.49     30.02     19037
18.16     30.26     20038
17.83     30.37     21041
17.51     30.49     22042
17.18     30.61     23045
16.85     30.73     24046
16.52     30.97     25049
16.19     31.09     26051
15.87     31.21     27053
15.54     31.33     28055
15.21     31.44     29057
14.88     31.56     30059
14.56     31.56     31060
14.34     31.68     32063
14.01     31.80     33064
13.68     31.92     34067
13.35     32.04     35068
13.03     32.04     36071
12.81     32.16     37072
12.48     32.29     38075
12.26     32.29     39076
11.93     32.41     40079
11.72     32.53     41080
11.39     32.53     42083
11.06     32.65     43084
10.84     32.65     44087
10.51     32.77     45088
10.29     32.77     46091
10.07     32.89     47092
9.74     33.01     48095
9.52     33.01     49096
9.19     33.13     50099
8.97     33.13     51100
8.75     33.26     52103
8.53     33.26     53104
8.31     33.26     54107
7.98     33.38     55108
7.75     33.38     56111
7.53     33.50     57112
7.31     33.50     58115
7.09     33.50     59116
6.86     33.62     60119
6.64     33.62     61120
6.42     33.74     62123
6.20     33.74     63124
5.97     33.74     64126
5.75     33.87     65128
5.52     33.87     66129
5.30     33.87     67132
5.19     33.87     68133
4.96     33.99     69136
4.74     33.99     70137
4.51     34.11     71140
4.40     34.11     72141
4.17     34.11     73144
3.94     34.11     74145
3.83     34.24     75148
3.60     34.24     76149
3.37     34.24     77152
3.26     34.36     78153
3.03     34.36     79156
2.80     34.36     80157
2.69     34.36     81160
2.46     34.36     82161
2.34     34.48     83164
2.11     34.48     84165
2.00     34.48     85168
1.88     34.48     86169
1.65     34.48     87172
1.53     34.61     88173
1.42     34.61     89176
1.19     34.73     90177
1.07     34.73     91180
0.95     34.73     92181
0.84     34.73     93184
0.60     34.73     94185
0.49     34.73     95186
0.37     34.85     96189
0.25     34.85     97190
0.02     34.85     98193
-0.10     34.85     99194
-0.22     34.85     100197
-0.34     34.85     101198
-0.46     34.98     102201
-0.57     34.85     103202
-0.69     34.85     104205
-0.81     34.73     105207
-0.81     34.61     106209
-0.81     34.48     107211
-0.81     34.24     108213
-0.81     34.11     109215
-0.69     33.87     110217
-1.77     33.62     111219
-0.69     33.38     112221
-0.57     33.01     113223
-0.46     32.77     114225
-0.34     32.41     115227
-0.22     32.29     116229
-0.10     32.04     117231
0.02     31.92     118234
0.13     31.80     119235
0.13     31.68     120238
0.25     31.68     121239
0.25     31.68     122242
0.25     31.68     123243
0.25     31.80     124246
0.37     31.80     125247
0.37     31.92     126249
0.25     32.04     127251
0.25     32.16     128253
0.25     32.29     129255
0.25     32.41     130257
0.13     32.41     131259
0.13     32.53     132261
0.13     32.65     133263
0.02     32.65     134265
0.02     32.77     135267
0.02     32.77     136269
0.02     32.77     137271
0.02     32.77     138273
-0.10     32.77     139275
-0.10     32.77     140277
-0.10     32.77     141279
-0.10     32.77     142281
0.02     32.77     143283
-0.10     32.77     144285
0.02     32.65     145288
-0.10     32.65     146289
-0.10     32.65     147292
-0.10     32.53     148293
-0.10     31.56     149296
-0.10     32.53     150297
-0.10     32.41     151300
-0.10     32.41     152301
0.02     32.41     153304
0.02     32.29     154305
0.02     32.29     155308
0.02     32.29     156309
0.02     32.29     157312
0.02     32.29     158313
0.02     32.29     159315
0.02     32.29     160317
0.02     32.29     161319
0.02     32.29     162321
0.02     32.29     163323
0.02     32.29     164325
0.02     32.29     165327
0.02     32.29     166329
0.02     32.29     167331
0.02     32.29     168333
0.02     32.29     169335
0.02     32.29     170337
0.02     32.29     171339
0.02     32.29     172341
0.02     32.29     173343
0.02     32.29     174345
0.02     32.29     175347
0.02     32.29     176349
0.02     32.41     177351
0.13     32.29     178353
0.02     32.29     179355
0.02     32.29     180358
0.02     32.29     181359
0.02     32.29     182362
0.02     32.41     183363
0.02     32.29     184366
0.02     32.41     185367
0.02     32.41     186370
-0.10     32.29     187371
-0.10     32.41     188374
-0.10     32.29     189375
0.02     32.29     190377
0.02     32.29     191379
0.02     32.29     192381
0.02     32.29     193383
-0.10     32.29     194385
0.02     32.29     195387
0.02     32.29     196389
0.02     32.29     197391
0.02     32.29     198393
-0.10     32.29     199395
0.02     32.16     200397
0.02     32.29     201399
0.02     32.16     202401
0.02     32.16     203403
0.02     32.16     204405
0.02     32.29     205407
-0.10     32.16     206409
0.02     32.29     207411
0.02     32.29     208413
-0.10     32.16     209415
-0.10     32.16     210417
-0.10     32.16     211419
-1.17     32.16     212421
0.02     32.16     213424
0.02     32.04     214425
0.02     31.92     215428
0.13     31.92     216429
0.13     31.80     217432
0.13     31.80     218433
0.13     31.80     219436
0.13     31.80     220437
0.13     31.80     221440
0.25     31.92     222441
0.13     31.92     223443
0.13     32.04     224445
0.13     32.04     225447
0.13     32.04     226449
0.13     32.16     227451
0.13     32.16     228453
0.13     32.16     229455
0.02     32.29     230457
0.02     32.29     231459
0.02     32.41     232461
0.02     32.41     233463
-0.10     32.41     234465
-0.10     32.41     235467
-0.10     32.29     236469
-0.10     32.29     237471
-0.10     32.29     238473
-0.10     32.29     239475
-0.10     32.29     240478
-0.10     32.16     241479
-0.10     32.16     242482
-0.10     32.16     243483
-0.10     32.04     244486
0.02     32.04     245487
0.02     32.04     246490
0.02     32.04     247491
0.02     31.92     248494
0.02     32.04     249495
0.02     30.61     250498
0.02     31.92     251499
0.02     31.92     252502
0.02     31.92     253503
0.02     31.92     254505
0.02     32.04     255507
0.02     32.04     256509
0.13     32.04     257511
0.02     32.04     258513
0.02     32.04     259515
0.02     32.04     260517
0.02     32.04     261519
0.02     32.04     262521
0.02     32.04     263523
0.02     32.16     264525
0.13     32.04     265527
0.02     32.04     266529
0.02     32.04     267531
0.02     32.04     268533
0.02     32.04     269535
0.02     32.16     270537
0.02     32.16     271539
0.02     32.16     272541
0.02     32.16     273543
0.02     32.16     274545
0.02     32.16     275547
0.02     32.16     276549
0.02     32.16     277551
0.02     32.29     278553
0.02     32.16     279555
-0.10     32.16     280557
-0.10     32.16     281559
0.02     32.16     282561
-0.10     32.16     283564
0.02     32.16     284565
0.02     32.16     285568
-0.10     32.16     286569
0.02     32.16     287571
-0.10     32.16     288573
-0.10     32.16     289575
-0.10     32.16     290577
0.02     32.04     291579
0.02     32.04     292581
0.02     32.04     293583
0.02     32.04     294585
0.02     32.04     295587
0.02     31.92     296589
0.02     32.04     297591
0.02     32.04     298593
0.02     32.04     299595
0.02     32.04     300597
0.02     32.04     301599
0.02     32.04     302601
0.02     32.04     303603
0.02     32.04     304605
0.02     32.04     305607
0.02     32.04     306609
0.02     32.04     307611
0.02     32.04     308613
0.02     32.04     309615
0.02     32.04     310617
0.02     32.04     311619
0.02     32.04     312621
0.02     32.04     313623
0.02     32.16     314625
0.02     32.16     315627
0.02     32.16     316628

