
21.36     22.70     24.49     1013
21.36     22.70     24.38     2027
21.25     22.70     24.49     3042
21.14     22.70     24.49     4056
21.03     22.70     24.72     5070
20.92     22.70     24.72     6084
20.70     22.70     24.94     7098
20.59     22.70     25.06     8113
20.47     22.70     25.28     9126
20.36     22.70     25.40     10141
20.14     22.70     25.51     11155
19.92     22.70     25.62     12169
19.70     22.70     25.74     13184
19.59     22.70     25.97     14197
19.37     22.70     26.08     15212
19.15     22.70     26.19     16226
18.93     22.70     26.19     17241
18.71     22.70     26.42     18254
18.49     22.70     26.54     19268
18.38     22.70     26.65     20283
18.16     22.70     26.77     21297
17.94     22.70     26.77     22311
17.73     22.70     26.88     23325
17.51     22.70     27.00     24339
17.29     22.70     27.11     25354
17.07     22.70     27.23     26368
16.85     22.70     27.34     27382
16.63     22.70     27.46     28396
16.41     22.70     27.46     29410
16.19     22.70     27.57     30425
15.98     22.81     27.69     31438
15.76     22.81     27.80     32453
15.54     22.81     27.80     33467
15.32     22.70     27.92     34481
15.10     22.81     27.92     35495
14.88     22.81     28.03     36509
14.66     22.81     28.03     37523
14.45     22.81     28.15     38538
14.34     22.81     28.27     39552
14.01     22.81     28.38     40565
13.90     22.81     28.38     41580
13.68     22.81     28.50     42594
13.35     22.81     28.50     43608
13.25     22.81     28.50     44622
13.03     22.81     28.61     45636
12.81     22.81     28.73     46650
12.59     22.81     28.73     47665
12.37     22.81     28.85     48678
12.15     22.70     28.96     49692
11.93     22.81     28.96     50707
11.83     22.81     28.96     51721
11.61     22.81     29.08     52734
11.39     22.81     29.08     53748
11.17     22.81     29.20     54763
10.95     22.81     29.20     55777
10.73     22.81     29.31     56791
10.62     22.81     29.31     57805
10.40     22.81     29.43     58819
10.18     22.70     29.43     59833
9.96     22.70     29.55     60848
9.85     22.70     29.55     61861
9.63     22.70     29.67     62875
9.41     22.70     29.67     63890
9.19     22.81     29.67     64904
9.08     22.81     29.78     65918
8.97     22.70     29.90     66932
8.75     22.70     30.02     67947
8.53     22.70     30.02     68961
8.31     22.70     30.02     69975
8.20     22.70     30.02     70989
7.98     22.70     30.02     72003
7.75     22.70     30.14     73018
7.64     22.70     30.14     74032
7.42     22.58     30.26     75046
7.31     22.58     30.26     76060
7.09     22.58     30.37     77075
6.98     22.58     30.37     78089
6.75     22.58     30.37     79104
6.64     22.58     30.37     80118
6.42     22.47     30.49     81132
6.20     22.58     30.49     82147
6.08     22.47     30.61     83161
5.97     22.47     30.73     84174
5.86     22.47     30.61     85189
5.64     22.47     30.73     86203
5.41     22.47     30.73     87218
5.30     22.47     30.73     88231
5.19     22.47     30.85     89246
4.96     22.36     30.85     90260
4.85     22.36     30.97     91275
4.62     22.36     30.97     92289
4.51     22.36     30.97     93303
4.28     22.36     31.09     94317
4.17     22.36     31.09     95332
4.06     22.36     31.21     96346
3.83     22.36     31.09     97360
3.72     22.36     31.09     98374
3.60     22.36     31.21     99389
3.49     22.36     31.21     100403
3.26     22.25     31.21     101417
3.15     22.25     31.21     102431
2.92     22.14     31.33     103446
2.80     22.25     31.33     104460
2.69     22.14     31.33     105474
2.57     22.14     31.44     106488
2.46     22.14     31.44     107502
2.23     22.14     31.44     108517
2.11     22.03     31.44     109531
2.00     22.03     31.56     110544
1.88     22.14     31.56     111559
1.77     22.03     31.56     112573
1.65     22.03     31.56     113588
1.42     22.03     31.68     114601
1.30     21.92     31.56     115616
1.19     21.92     31.68     116630
1.07     21.92     31.68     117644
0.95     21.92     31.68     118659
0.84     21.92     31.68     119672
0.60     21.92     31.68     120686
0.60     21.92     31.80     121701
0.37     21.80     31.80     122715
0.25     21.80     31.80     123728
0.13     21.80     31.92     124743
0.02     21.80     31.80     125757
-0.10     21.80     31.80     126772
-0.22     21.80     31.92     127785
-0.34     21.69     31.92     128799
-0.46     21.69     31.92     129814
-0.57     21.58     31.92     130828
-0.69     21.58     32.04     131843
-0.81     21.58     31.92     132856
-0.93     21.58     32.04     133871
-1.05     21.58     32.04     134885
-1.17     21.47     32.04     135900
-1.29     21.47     32.04     136913
-1.41     21.47     32.04     137927
-1.53     21.47     32.04     138942
-1.65     21.47     32.16     139956
-1.77     21.36     32.04     140971
-1.89     21.36     32.04     141984
-2.01     21.36     32.16     142999
-2.13     21.36     32.16     144013
-2.25     21.36     32.16     145028
-2.25     21.25     32.16     146041
-2.37     21.25     32.16     147055
-2.49     21.25     32.29     148070
-2.61     21.25     32.29     149084
-2.73     21.14     32.29     150097
-2.86     21.14     32.29     151111
-2.98     21.14     32.29     152126
-3.10     21.14     32.29     153140
-3.22     21.03     32.41     154155
-3.22     21.03     32.41     155168
-3.34     21.03     32.41     156182
-3.47     21.03     32.41     157197
-3.59     21.03     32.41     158211
-3.71     21.03     32.41     159224
-3.71     20.92     32.41     160238
-3.84     20.92     32.41     161253
-3.96     20.92     32.41     162267
-4.08     20.92     32.53     163281
-4.08     20.81     32.53     164295
-4.21     20.81     32.53     165309
-4.33     20.81     32.53     166324
-4.46     20.70     32.53     167337
-4.58     20.70     32.53     168351
-4.58     20.70     32.53     169366
-4.71     20.70     32.53     170380
-4.83     20.59     32.53     171394
-4.96     20.59     32.53     172408
-5.08     20.59     32.53     173422
-5.08     20.47     32.53     174436
-5.21     20.47     32.53     175451
-5.33     20.47     32.53     176464
-5.33     20.47     32.53     177479
-5.46     20.47     32.53     178493
-5.59     20.47     32.53     179507
-5.71     20.36     32.65     180521
-5.71     20.36     32.53     181535
-5.84     20.36     32.53     182549
-5.97     20.25     32.65     183564
-5.97     20.25     32.65     184578
-6.09     20.25     32.65     185591
-6.22     20.25     32.65     186605
-6.35     20.25     32.53     187620
-6.35     20.14     32.65     188634
-6.48     20.14     32.65     189647
-6.48     20.14     32.65     190662
-6.61     20.14     32.65     191676
-6.74     20.14     32.65     192690
-6.74     20.03     32.77     193704
-6.86     20.03     32.65     194718
-6.99     20.03     32.77     195732
-6.99     19.92     32.77     196746
-7.12     19.92     32.77     197761
-7.25     19.92     32.65     198774
-7.25     19.92     32.77     199788
-7.25     19.81     32.77     200803
-7.38     19.92     32.77     201817
-7.51     19.81     32.77     202831
-7.51     19.70     32.77     203845
-7.64     19.70     32.77     204859
-7.64     19.70     32.77     205874
-7.78     19.70     32.77     206887
-7.91     19.70     32.77     207902
-7.91     19.70     32.89     208916
-8.04     19.70     32.89     209930
-8.04     19.59     32.77     210945
-8.17     19.59     32.89     211958
-8.17     19.59     32.89     212973
-8.30     19.59     32.89     213987
-8.43     19.59     32.89     215001
-8.57     19.48     32.89     216015
-8.57     19.48     32.77     217029
-8.57     19.48     32.77     218044
-8.70     19.37     32.89     219058
-8.70     19.37     32.89     220072
-8.83     19.37     32.89     221086
-8.83     19.26     32.89     222101
-8.97     19.26     32.89     223115
-8.97     19.26     32.89     224129
-9.10     19.26     32.89     225143
-9.24     19.26     32.89     226157
-9.24     19.15     32.89     227172
-9.37     19.26     32.89     228186
-9.37     19.15     32.89     229199
-9.51     19.15     32.89     230214
-9.51     19.04     32.89     231228
-9.51     19.15     33.01     232243
-9.64     19.04     32.89     233256
-9.64     19.04     32.89     234271
-9.78     19.04     32.89     235285
-9.91     19.04     32.89     236300
-9.91     18.93     32.89     237314
-9.91     18.93     32.89     238328
-10.05     18.93     32.89     239342
-10.05     18.93     32.89     240357
-10.19     18.82     32.89     241371
-10.19     18.82     32.89     242385
-10.32     18.82     32.89     243399
-10.32     18.82     33.01     244414
-10.46     18.82     32.89     245428
-10.46     18.71     33.01     246443
-10.46     18.71     32.89     247456
-10.60     18.71     33.01     248471
-10.60     18.71     33.01     249485
-10.74     18.60     33.01     250500
-10.87     18.60     33.01     251513
-10.74     18.60     33.01     252528
-10.87     18.49     33.01     253543
-10.87     18.49     33.01     254557
-11.01     18.49     33.01     255571
-11.01     18.49     33.01     256585
-11.15     18.49     33.01     257600
-11.15     18.38     32.89     258614
-11.29     18.38     33.01     259629
-11.29     18.49     33.01     260642
-11.29     18.38     33.01     261657
-11.43     18.38     33.01     262671
-11.43     18.38     33.01     263686
-11.43     18.27     33.01     264699
-11.57     18.27     33.01     265714
-11.57     18.27     33.01     266728
-11.71     18.27     33.01     267743
-11.71     18.27     33.01     268756
-11.86     18.27     33.01     269771
-11.86     18.16     33.01     270785
-11.86     18.16     33.01     271800
-12.00     18.16     33.01     272814
-12.00     18.05     33.01     273828
-12.00     18.05     33.13     274842
-12.14     18.05     33.01     275857
-12.14     18.05     33.01     276871
-12.28     18.05     33.13     277885
-12.28     18.05     33.01     278899
-12.28     18.05     33.01     279914
-12.28     17.94     33.01     280928
-12.42     17.94     33.01     281943
-12.42     17.94     33.01     282956
-12.57     17.94     33.01     283971
-12.57     17.94     33.01     284985
-12.57     17.94     33.01     286000
-12.71     17.83     33.01     287013
-12.71     17.83     33.01     288028
-12.71     17.83     33.01     289042
-12.86     17.73     33.01     290056
-12.86     17.73     33.01     291070
-12.86     17.73     33.01     292084
-13.00     17.73     33.01     293099
-13.00     17.73     33.01     294113
-13.00     17.73     33.01     295128
-13.15     17.62     33.01     296141
-13.15     17.62     33.01     297155
-13.29     17.62     33.01     298170
-13.29     17.51     33.01     299184
-13.29     17.51     33.01     300198
-13.29     17.51     33.01     301212
-13.44     17.51     33.01     302227
-13.44     17.51     33.13     303241
-13.44     17.51     33.13     304254
-13.44     17.40     33.01     305269
-13.58     17.40     33.01     306283
-13.58     17.40     33.01     307298
-13.73     17.40     33.01     308312
-13.73     17.40     33.01     309326
-13.73     17.40     33.01     310340
-13.73     17.29     33.13     311355
-13.73     17.29     33.01     312369
-13.88     17.29     33.01     313382
-13.88     17.29     33.01     314397
-13.88     17.18     33.01     315411
-14.03     17.18     33.01     316426
-14.03     17.18     33.01     317440
-14.03     17.18     33.01     318454
-14.03     17.07     33.01     319468
-14.17     17.07     33.01     320482
-14.17     17.07     33.01     321497
-14.17     17.07     33.01     322510
-14.32     17.07     33.01     323525
-14.32     17.07     33.01     324539
-14.32     17.07     33.01     325553
-14.47     17.07     33.01     326567
-14.32     17.07     33.01     327581
-14.47     16.96     33.01     328596
-14.47     16.96     33.01     329610
-14.62     16.96     33.01     330624
-14.62     16.96     33.01     331638
-14.62     16.96     33.01     332652
-14.77     16.85     33.01     333666
-14.77     16.85     33.01     334681
-14.77     16.85     33.01     335694
-14.77     16.85     33.01     336708
-14.77     16.85     33.01     337723
-14.92     16.85     33.01     338737
-14.92     16.74     33.01     339751
-14.92     16.74     33.01     340765
-14.92     16.74     33.01     341779
-14.92     16.74     33.01     342794
-14.92     16.74     33.01     343808
-15.07     16.74     33.01     344821
-15.07     16.63     33.01     345836
-15.23     16.63     33.01     346850
-15.23     16.63     33.01     347864
-15.23     16.63     33.01     348878
-15.23     16.63     33.01     349892
-15.23     16.63     33.01     350906
-15.38     16.63     33.01     351921
-15.38     16.52     33.01     352934
-15.38     16.52     33.01     353948
-15.53     16.52     33.01     354963
-15.53     16.52     33.01     355977
-15.53     16.52     33.01     356992
-15.53     16.52     33.01     358005
-15.53     16.52     33.01     359019
-15.69     16.41     33.01     360034
-15.69     16.41     33.13     361048
-15.69     16.41     33.01     362062
-15.69     16.41     33.01     363076
-15.69     16.41     33.01     364091
-15.69     16.41     33.13     365105
-15.84     16.41     33.01     366118
-15.69     16.41     33.01     367133
-15.84     16.30     33.01     368147
-15.99     16.41     33.01     369162
-15.99     16.30     33.01     370176
-15.99     16.30     33.01     371190
-15.99     16.30     33.13     372204
-15.99     16.19     33.13     373218
-15.99     16.30     33.13     374233
-16.15     16.19     33.13     375246
-16.15     16.19     33.13     376261
-16.15     16.19     33.13     377275
-16.15     16.19     33.01     378289
-16.30     16.08     33.01     379303
-16.30     16.08     33.13     380317
-16.30     16.08     33.01     381331
-16.30     16.08     33.01     382346
-16.30     16.08     33.01     383360
-16.46     16.08     33.01     384373
-16.46     16.08     33.01     385388
-16.46     16.08     33.01     386402
-16.46     16.08     33.01     387416
-16.46     16.08     33.01     388430
-16.62     15.98     33.01     389444
-16.62     15.98     33.01     390458
-16.62     15.98     33.01     391472
-16.62     15.98     33.01     392486
-16.62     15.98     33.01     393500
-16.78     15.87     33.01     394514
-16.78     15.87     33.01     395529
-16.78     15.87     33.01     396542
-16.78     15.87     33.01     397556
-16.78     15.87     33.01     398570
-16.93     15.76     33.01     399585
-16.93     15.76     33.01     400599
-16.93     15.76     33.01     401612
-16.93     15.76     33.01     402627
-16.93     15.76     33.01     403641
-16.93     15.76     33.01     404655
-16.93     15.76     33.01     405669
-17.09     15.76     33.01     406683
-17.09     15.76     33.01     407697
-17.09     15.65     33.01     408712
-17.09     15.76     33.01     409725
-17.25     15.65     33.01     410739
-17.25     15.65     33.01     411753
-17.25     15.65     33.01     412768
-17.25     15.65     33.01     413782
-17.25     15.65     33.01     414795
-17.25     15.65     33.01     415810
-17.25     15.54     33.01     416824
-17.41     15.54     33.01     417838
-17.41     15.54     32.89     418852
-17.25     15.54     33.01     419866
-17.41     15.54     33.01     420880
-17.41     15.54     33.01     421895
-17.41     15.54     33.01     422908
-17.57     15.54     33.01     423922
-17.57     15.54     33.01     424937
-17.57     15.54     33.01     425951
-17.57     15.54     33.01     426964
-17.57     15.43     33.01     427979
-17.57     15.43     33.01     428993
-17.57     15.43     33.01     430007
-17.57     15.43     33.01     431021
-17.73     15.43     32.89     432035
-17.73     15.43     33.01     433049
-17.73     15.43     33.01     434063
-17.73     15.43     33.01     435077
-17.73     15.32     33.01     436091
-17.73     15.32     33.01     437105
-17.73     15.32     33.01     438119
-17.90     15.32     33.01     439134
-17.90     15.32     33.01     440147
-17.90     15.32     33.01     441161
-17.90     15.32     33.01     442175
-17.90     15.32     32.89     443190
-17.90     15.21     33.01     444204
-17.90     15.21     33.01     445217
-17.90     15.21     33.01     446232
-18.06     15.21     32.89     447246
-18.06     15.21     33.01     448261
-18.06     15.21     33.01     449274
-18.06     15.21     33.01     450288
-18.06     15.10     33.01     451303
-18.06     15.10     33.01     452317
-18.22     15.10     33.01     453330
-18.22     15.10     33.01     454345
-18.22     15.10     33.01     455359
-18.22     15.10     33.01     456373
-18.22     15.10     33.01     457388
-18.22     15.10     33.01     458401
-18.22     15.10     32.89     459415
-18.39     15.10     33.01     460429
-18.39     15.10     33.01     461444
-18.22     15.10     33.01     462457
-18.39     14.99     32.89     463471
-18.39     14.99     33.01     464486
-18.39     14.99     33.01     465500
-18.39     14.99     33.01     466513
-18.55     14.99     33.01     467527
-18.55     14.99     33.01     468542
-18.55     14.99     33.01     469556
-18.55     14.99     33.01     470569
-18.55     14.99     33.01     471584
-18.55     14.99     33.01     472598
-18.55     14.99     33.01     473612
-18.55     14.88     32.89     474626
-18.72     14.88     33.01     475640
-18.72     14.88     32.89     476654
-18.55     14.88     33.01     477668
-18.72     14.88     32.89     478683
-18.72     14.88     33.01     479696
-18.72     14.88     33.01     480710
-18.72     14.88     33.01     481725
-18.72     14.88     33.01     482739
-18.88     14.77     33.01     483752
-18.72     14.77     33.01     484766
-18.88     14.77     33.01     485781
-18.88     14.77     33.01     486795
-18.88     14.77     33.01     487809
-18.88     14.77     33.01     488823
-18.88     14.77     33.01     489837
-18.88     14.77     33.01     490851
-19.05     14.77     33.01     491866
-19.05     14.77     33.01     492879
-19.05     14.77     33.01     493894
-19.05     14.66     33.01     494908
-19.05     14.66     33.01     495922
-19.05     14.66     33.01     496936
-19.05     14.66     33.01     497950
-19.05     14.66     33.01     498964
-19.05     14.66     33.01     499979
-19.05     14.66     33.01     500993
-19.22     14.66     32.89     502006
-19.05     14.66     33.01     503021
-19.22     14.66     33.01     504035
-19.22     14.66     33.01     505049
-19.22     14.66     33.01     506063
-19.22     14.66     33.01     507077
-19.22     14.56     33.01     508091
-19.22     14.66     33.01     509106
-19.22     14.66     33.13     510119
-19.22     14.66     33.13     511133
-19.22     14.66     33.01     512148
-19.38     14.66     33.13     513162
-19.38     14.56     33.13     514177
-19.38     14.56     33.01     515190
-19.38     14.56     33.01     516204
-19.38     14.56     33.13     517219
-19.38     14.56     33.01     518233
-19.38     14.45     33.01     519246
-19.38     14.56     33.01     520261
-19.38     14.56     33.01     521275
-19.38     14.45     33.01     522290
-19.55     14.45     33.01     523303
-19.55     14.45     33.01     524317
-19.55     14.45     33.01     525332
-19.55     14.45     33.01     526346
-19.55     14.45     33.01     527360
-19.55     14.45     33.01     528374
-19.55     14.45     33.01     529388
-19.55     14.45     33.01     530402
-19.55     14.45     33.01     531417
-19.55     14.45     33.01     532430
-19.55     14.45     33.01     533444
-19.55     14.45     33.01     534459
-19.72     14.45     33.01     535473
-19.72     14.34     32.89     536486
-19.72     14.34     33.01     537501
-19.72     14.34     33.01     538515
-19.72     14.34     33.01     539529
-19.72     14.34     33.01     540544
-19.72     14.34     32.89     541557
-19.72     14.34     32.89     542571
-19.72     14.34     33.01     543586
-19.72     14.34     33.01     544600
-19.89     14.23     32.89     545613
-19.89     14.34     33.01     546627
-19.89     14.23     32.89     547642
-19.89     14.23     32.89     548656
-19.72     14.23     32.89     549669
-19.89     14.23     32.89     550684
-19.89     14.23     32.89     551698
-19.89     14.12     32.89     552712
-19.89     14.23     32.89     553725
-20.06     14.12     32.89     554740
-20.06     14.12     33.01     555754
-19.89     14.12     32.89     556768
-20.06     14.12     33.01     557782
-20.06     14.12     32.89     558796
-20.06     14.12     32.89     559810
-20.06     14.12     32.89     560824
-20.06     14.12     32.89     561839
-20.06     14.12     32.89     562852
-20.06     14.12     32.89     563866
-20.06     14.12     32.89     564880
-20.06     14.12     32.89     565895
-20.06     14.01     32.89     566908
-20.06     14.01     32.89     567922
-20.06     14.01     32.89     568936
-20.24     14.12     32.89     569951
-20.24     14.01     32.89     570964
-20.06     14.01     32.89     571978
-20.24     14.01     32.89     572993
-20.24     14.01     32.89     574007
-20.24     14.01     32.89     575021
-20.24     13.90     32.89     576034
-20.24     13.90     32.89     577049
-20.24     13.90     32.89     578063
-20.41     13.90     32.89     579077
-20.24     13.90     32.89     580090
-20.41     13.90     32.89     581105
-20.24     13.90     32.89     582119
-20.24     13.90     32.89     583133
-20.41     14.01     32.89     584147
-20.41     13.90     32.89     585161
-20.41     13.90     32.89     586175
-20.41     13.90     32.89     587189
-20.41     13.90     32.89     588204
-20.41     13.90     32.89     589217
-20.41     13.90     32.89     590231
-20.41     13.90     32.89     591246
-20.41     13.90     32.89     592260
-20.41     13.90     32.89     593273
-20.41     13.90     32.89     594287
-20.41     13.79     32.89     595302
-20.41     13.90     32.89     596316
-20.58     13.79     32.89     597329
-20.58     13.90     32.89     598343
-20.58     13.90     32.89     599358
-20.58     13.90     32.89     600372
-20.58     13.90     32.89     601385
-20.58     13.90     32.89     602399
-20.58     13.90     32.89     603414
-20.58     13.90     33.01     604428
-20.58     13.90     33.01     605442
-20.58     13.79     32.89     606456
-20.58     13.90     33.01     607470
-20.76     13.79     33.01     608484
-20.76     13.79     32.89     609498
-20.58     13.79     32.89     610512
-20.76     13.90     33.01     611526
-20.76     13.79     32.89     612540
-20.76     13.79     32.89     613554
-20.76     13.79     32.89     614568
-20.76     13.79     32.89     615582
-20.76     13.79     32.89     616596
-20.76     13.79     32.89     617611
-20.76     13.79     32.89     618625
-20.76     13.68     32.89     619638
-20.76     13.79     32.89     620652
-20.76     13.68     32.89     621667
-20.76     13.68     32.89     622681
-20.76     13.68     32.89     623694
-20.76     13.68     32.89     624709
-20.76     13.68     32.89     625723
-20.76     13.68     32.89     626737
-20.93     13.68     32.89     627751
-20.93     13.68     32.89     628765
-20.93     13.68     32.89     629779
-20.93     13.68     32.89     630794
-20.93     13.68     32.89     631808
-20.93     13.68     32.89     632821
-20.93     13.68     32.89     633836
-20.93     13.68     32.89     634850
-20.93     13.68     32.89     635864
-20.93     13.57     32.89     636878
-20.93     13.68     32.89     637892
-20.93     13.57     32.89     638906
-20.93     13.57     32.77     639921
-20.93     13.57     32.89     640934
-20.93     13.57     32.89     641948
-20.93     13.57     32.89     642963
-20.93     13.57     32.77     643977
-21.11     13.57     32.89     644990
-21.11     13.57     32.89     646005
-21.11     13.57     32.89     647019
-21.11     13.57     32.89     648033
-21.11     13.57     32.89     649048
-21.11     13.57     32.89     650061
-21.11     13.68     32.89     651075
-21.11     13.57     32.89     652090
-21.11     13.57     32.89     653104
-21.11     13.57     32.89     654117
-21.11     13.57     32.89     655132
-21.11     13.57     32.89     656146
-21.11     13.57     32.89     657160
-21.11     13.57     32.89     658174
-21.11     13.57     32.89     659188
-21.11     13.46     32.89     660202
-21.29     13.46     32.89     661217
-21.11     13.46     33.01     662231
-21.11     13.46     32.89     663245
-21.29     13.46     32.89     664259
-21.29     13.46     32.89     665273
-21.29     13.57     33.01     666288
-21.29     13.46     33.01     667301
-21.29     13.46     32.89     668315
-21.29     13.46     32.89     669330
-21.29     13.46     33.01     670344
-21.29     13.46     33.01     671357
-21.29     13.46     33.01     672372
-21.29     13.46     33.01     673386
-21.29     13.46     33.01     674400
-21.29     13.46     33.01     675415
-21.46     13.46     32.89     676428
-21.29     13.46     33.01     677442
-21.29     13.46     33.01     678457
-21.29     13.46     33.01     679471
-21.29     13.46     33.01     680485
-21.46     13.46     33.01     681499
-21.46     13.46     33.01     682513
-21.46     13.46     33.01     683528
-21.46     13.46     33.01     684541
-21.46     13.46     33.01     685555
-21.46     13.46     33.01     686570
-21.46     13.46     33.01     687584
-21.46     13.35     33.01     688598
-21.46     13.35     33.01     689612
-21.46     13.46     33.01     690626
-21.46     13.46     33.01     691640
-21.46     13.35     33.01     692655
-21.46     13.46     33.01     693668
-21.46     13.35     33.01     694682
-21.46     13.35     33.01     695697
-21.46     13.46     33.01     696711
-21.46     13.35     33.01     697724
-21.46     13.35     33.01     698739
-21.46     13.35     33.01     699753
-21.46     13.35     33.01     700767
-21.46     13.35     33.01     701782
-21.64     13.35     33.01     702795
-21.46     13.35     33.01     703809
-21.64     13.35     32.89     704824
-21.64     13.35     33.01     705838
-21.64     13.35     32.89     706851
-21.64     13.35     32.89     707866
-21.64     13.25     32.89     708880
-21.64     13.25     33.01     709894
-21.64     13.25     33.01     710907
-21.64     13.25     33.01     711922
-21.64     13.25     33.01     712936
-21.64     13.25     33.01     713950
-21.64     13.25     33.01     714963
-21.64     13.35     33.01     715978
-21.64     13.25     33.01     716992
-21.64     13.25     33.01     718006
-21.64     13.25     32.89     719020
-21.64     13.35     33.01     720034
-21.64     13.25     33.01     721048
-21.64     13.25     33.01     722062
-21.82     13.25     33.01     723076
-21.64     13.25     33.01     724090
-21.64     13.25     33.01     725104
-21.64     13.25     32.89     726118
-21.64     13.25     32.89     727133
-21.64     13.14     33.01     728146
-21.64     13.14     32.89     729160
-21.82     13.25     32.89     730174
-21.82     13.25     32.89     731189
-21.64     13.14     32.89     732203
-21.82     13.25     33.01     733216
-21.82     13.25     32.89     734231
-21.82     13.14     32.89     735245
-21.82     13.25     33.01     736259
-21.82     13.14     32.89     737273
-21.82     13.25     33.01     738287
-21.82     13.14     32.89     739301
-21.82     13.14     32.89     740316
-21.82     13.14     32.89     741329
-21.82     13.14     32.89     742343
-21.82     13.14     32.89     743358
-21.82     13.14     33.01     744372
-21.82     13.14     32.89     745385
-21.82     13.14     32.89     746400
-21.82     13.14     32.89     747414
-21.82     13.14     32.89     748428
-21.82     13.14     32.89     749443
-21.82     13.14     32.89     750456
-21.82     13.14     32.89     751470
-21.82     13.14     32.89     752485
-21.82     13.14     33.01     753499
-21.82     13.14     32.89     754512
-21.82     13.14     32.89     755526
-21.82     13.14     32.89     756541
-21.82     13.14     32.89     757555
-22.00     13.14     32.89     758569
-21.82     13.14     33.01     759583
-21.82     13.14     32.89     760597
-21.82     13.14     33.01     761612
-21.82     13.14     33.01     762626
-22.00     13.14     32.89     763639
-22.00     13.14     33.01     764654
-22.00     13.03     33.01     765668
-22.00     13.03     33.01     766682
-22.00     13.03     32.89     767696
-22.00     13.03     32.89     768710
-22.00     13.03     32.89     769724
-22.00     13.03     32.89     770739
-22.00     13.03     32.89     771752
-22.00     13.03     32.89     772766
-22.00     13.03     32.89     773781
-22.00     13.03     32.89     774795
-22.00     13.03     33.01     775809
-22.18     13.03     32.89     776823
-22.18     13.03     32.89     777837
-22.00     13.03     32.89     778851
-22.00     12.92     32.77     779866
-22.00     12.92     32.77     780879
-22.00     13.03     32.77     781893
-22.00     13.03     32.77     782908
-22.18     12.92     32.77     783922
-22.00     13.03     32.77     784935
-22.18     13.03     32.77     785950
-22.00     13.03     32.89     786964
-22.18     12.92     32.77     787978
-22.00     13.03     32.77     788993
-22.18     13.03     32.77     790006
-22.18     12.92     32.77     791021
-22.18     13.03     32.77     792035
-22.18     13.03     32.77     793049
-22.00     13.03     32.77     794063
-22.18     12.92     32.77     795077
-22.18     13.03     32.77     796091
-22.18     12.92     32.77     797106
-22.00     12.92     32.77     798119
-22.18     13.03     32.89     799133
-22.18     13.03     32.77     800148
-22.18     13.03     32.77     801162
-22.18     12.92     32.77     802177
-22.18     12.92     32.77     803190
-22.18     12.92     32.77     804204
-22.18     12.92     32.77     805219
-22.18     13.03     32.77     806233
-22.18     12.92     32.77     807246
-22.18     12.92     32.77     808261
-22.18     12.92     32.77     809275
-22.18     12.92     32.77     810289
-22.18     12.92     32.77     811303
-22.18     12.92     32.77     812317
-22.18     12.92     32.77     813331
-22.18     12.92     32.77     814346
-22.37     12.92     32.77     815360
-22.37     12.92     32.77     816373
-22.18     12.92     32.77     817388
-22.37     12.92     32.77     818402
-22.37     12.81     32.77     819416
-22.37     12.81     32.77     820430
-22.37     12.81     32.77     821444
-22.18     12.92     32.77     822458
-22.37     12.92     32.77     823473
-22.37     12.81     32.77     824486
-22.37     12.81     32.77     825500
-22.37     12.92     32.77     826515
-22.37     12.81     32.77     827529
-22.37     12.81     32.77     828542
-22.37     12.81     32.77     829556
-22.37     12.81     32.77     830571
-22.37     12.81     32.77     831585
-22.18     12.81     32.77     832599
-22.37     12.81     32.77     833613
-22.37     12.81     32.77     834627
-22.37     12.81     32.77     835641
-22.37     12.81     32.77     836655
-22.37     12.81     32.77     837669
-22.37     12.81     32.77     838683
-22.37     12.81     32.77     839697
-22.37     12.81     32.77     840711
-22.37     12.81     32.77     841725
-22.37     12.81     32.77     842739
-22.37     12.81     32.77     843753
-22.37     12.70     32.77     844768
-22.37     12.81     32.77     845782
-22.55     12.81     32.77     846795
-22.55     12.81     32.77     847810
-22.37     12.81     32.77     848824
-22.37     12.70     32.65     849838
-22.37     12.81     32.89     850852
-22.55     12.81     32.77     851866
-22.37     12.81     32.77     852880
-22.37     12.70     32.77     853894
-22.37     12.81     32.77     854908
-22.55     12.81     32.77     855922
-22.37     12.70     32.77     856936
-22.37     12.81     32.77     857951
-22.55     12.70     32.77     858964
-22.37     12.70     32.77     859978
-22.37     12.81     32.77     860993
-22.55     12.70     32.77     862007
-22.37     12.70     32.77     863022
-22.37     12.70     32.77     864035
-22.55     12.81     32.77     865049
-22.55     12.70     32.77     866064
-22.55     12.70     32.65     867078
-22.55     12.70     32.65     868091
-22.55     12.81     32.77     869106
-22.55     12.81     32.65     870120
-22.55     12.70     32.77     871135
-22.55     12.70     32.65     872148
-22.55     12.70     32.65     873162
-22.55     12.70     32.65     874177
-22.55     12.70     32.65     875191
-22.55     12.70     32.65     876206
-22.55     12.70     32.65     877219
-22.55     12.81     32.65     878233
-22.55     12.70     32.65     879248
-22.55     12.70     32.65     880262
-22.55     12.70     32.53     881276
-22.55     12.70     32.53     882290
-22.55     12.70     32.53     883305
-22.55     12.70     32.53     884319
-22.55     12.70     32.53     885332
-22.55     12.59     32.53     886347
-22.55     12.59     32.53     887361
-22.55     12.59     32.53     888376
-22.55     12.59     32.53     889390
-22.55     12.59     32.53     890403
-22.55     12.59     32.53     891418
-22.55     12.59     32.53     892432
-22.55     12.59     32.53     893447
-22.55     12.59     32.53     894460
-22.55     12.59     32.53     895475
-22.55     12.59     32.53     896489
-22.55     12.59     32.53     897503
-22.55     12.59     32.53     898518
-22.55     12.59     32.53     899531
-22.55     12.59     32.53     900546
-22.55     12.59     32.53     901560
-22.55     12.59     32.53     902575
-22.55     12.59     32.53     903588
-22.73     12.59     32.53     904602
-22.73     12.70     32.53     905617
-22.55     12.59     32.53     906631
-22.55     12.59     32.53     907645
-22.73     12.59     32.53     908659
-22.73     12.59     32.53     909674
-22.73     12.59     32.53     910688
-22.73     12.59     32.65     911702
-22.73     12.59     32.65     912716
-22.73     12.59     32.53     913730
-22.73     12.59     32.65     914745
-22.73     12.59     32.65     915759
-22.73     12.59     32.65     916773
-22.73     12.48     32.65     917787
-22.73     12.59     32.65     918801
-22.73     12.59     32.65     919816
-22.73     12.48     32.65     920829
-22.73     12.59     32.65     921844
-22.73     12.59     32.65     922858
-22.73     12.59     32.65     923872
-22.55     12.48     32.65     924887
-22.73     12.59     32.65     925900
-22.73     12.59     32.65     926914
-22.73     12.48     32.65     927929
-22.73     12.59     32.65     928943
-22.73     12.48     32.65     929957
-22.73     12.48     32.65     930971
-22.73     12.48     32.65     931985
-22.73     12.48     32.65     933000
-22.73     12.59     32.65     934013
-22.73     12.48     32.65     935028
-22.73     12.48     32.65     936042
-22.73     12.48     32.65     937056
-22.73     12.48     32.65     938071
-22.73     12.48     32.65     939084
-22.73     12.59     32.65     940098
-22.73     12.48     32.65     941113
-22.73     12.48     32.65     942127
-22.92     12.48     32.65     943140
-22.92     12.48     32.65     944155
-22.73     12.48     32.65     945169
-22.73     12.48     32.65     946183
-22.92     12.48     32.65     947197
-22.73     12.48     32.65     948211
-22.73     12.48     32.53     949225
-22.73     12.48     32.65     950240
-22.73     12.48     32.65     951254
-22.73     12.48     32.65     952267
-22.92     12.48     32.65     953282
-22.92     12.48     32.65     954296
-22.73     12.37     32.65     955311
-22.73     12.48     32.77     956324
-22.92     12.48     32.65     957338
-22.73     12.37     32.65     958353
-22.92     12.37     32.65     959367
-22.73     12.37     32.65     960380
-22.92     12.48     32.77     961395
-22.92     12.37     32.65     962409
-22.92     12.37     32.65     963424
-22.92     12.37     32.65     964438
-22.92     12.48     32.65     965451
-22.92     12.48     32.65     966466
-22.73     12.48     32.65     967480
-22.92     12.48     32.65     968495
-22.92     12.48     32.65     969508
-22.92     12.48     32.65     970522
-22.92     12.37     32.65     971537
-22.92     12.48     32.65     972551
-22.92     12.37     32.65     973564
-22.92     12.37     32.65     974579
-22.92     12.37     32.65     975593
-22.92     12.37     32.65     976608
-22.73     12.37     32.77     977622
-22.92     12.37     32.65     978636
-22.92     12.37     32.77     979650
-22.92     12.37     32.65     980664
-22.92     12.37     32.77     981679
-22.92     12.37     32.77     982692
-22.92     12.37     32.77     983707
-22.92     12.48     32.65     984721
-22.92     12.48     32.77     985736
-22.92     12.48     32.77     986749
-22.92     12.48     32.77     987763
-22.92     12.37     32.65     988778
-22.92     12.37     32.77     989792
-22.92     12.37     32.77     990807
-22.92     12.37     32.77     991820
-22.92     12.37     32.77     992835
-22.92     12.26     32.77     993849
-22.92     12.37     32.77     994863
-22.92     12.37     32.77     995877
-22.92     12.37     32.77     996891
-23.11     12.37     32.77     997906
-22.92     12.37     32.77     998920
-22.92     12.37     32.77     999934
-23.11     12.37     32.77     1000948
-23.11     12.37     32.77     1001963
-22.92     12.37     32.77     1002977
-23.11     12.37     32.77     1003992
-23.11     12.26     32.77     1005005
-22.92     12.37     32.77     1006020
-23.11     12.37     32.77     1007034
-22.92     12.26     32.77     1008049
-23.11     12.26     32.77     1009062
-22.92     12.26     32.77     1010077
-23.11     12.26     32.77     1011091
-23.11     12.26     32.77     1012106
-23.11     12.26     32.77     1013120
-23.11     12.26     32.77     1014133
-23.11     12.26     32.77     1015148
-23.11     12.26     32.77     1016162
-23.11     12.26     32.77     1017177
-23.11     12.26     32.77     1018190
-23.11     12.26     32.77     1019205
-23.11     12.26     32.77     1020219
-23.11     12.26     32.77     1021234
-23.11     12.26     32.65     1022247
-22.92     12.26     32.89     1023262
-23.11     12.26     32.77     1024276
-23.11     12.26     32.77     1025291
-23.11     12.26     32.77     1026305
-23.11     12.26     32.77     1027319
-23.11     12.37     32.77     1028333
-23.11     12.37     32.77     1029348
-23.11     12.37     32.77     1030362
-23.11     12.26     32.77     1031376
-23.11     12.26     32.77     1032390
-23.11     12.26     32.77     1033405
-23.11     12.26     32.77     1034419
-23.11     12.26     32.77     1035433
-23.11     12.37     32.77     1036447
-23.11     12.37     32.77     1037462
-23.11     12.37     32.77     1038476
-23.11     12.37     32.77     1039491
-23.11     12.37     32.77     1040504
-23.11     12.37     32.77     1041519
-23.11     12.26     32.77     1042533
-23.11     12.26     32.77     1043548
-23.11     12.37     32.77     1044561
-23.11     12.37     32.77     1045576
-23.11     12.26     32.77     1046590
-23.11     12.26     32.77     1047605
-23.11     12.26     32.77     1048619
-23.11     12.26     32.77     1049633
-23.11     12.26     32.77     1050647
-23.11     12.37     32.77     1051662
-23.11     12.26     32.77     1052676
-23.11     12.26     32.77     1053689
-23.11     12.26     32.77     1054704
-23.29     12.26     32.77     1055719
-23.11     12.26     32.77     1056733
-23.11     12.26     32.77     1057747
-23.11     12.26     32.77     1058761
-23.29     12.26     32.77     1059776
-23.11     12.26     32.77     1060790
-23.29     12.26     32.77     1061805
-23.11     12.26     32.77     1062818
-23.11     12.26     32.77     1063833
-23.11     12.26     32.77     1064847
-23.11     12.26     32.77     1065862
-23.11     12.26     32.77     1066875
-23.11     12.26     32.89     1067890
-23.29     12.37     32.89     1068904
-23.29     12.26     32.89     1069919
-23.11     12.26     32.89     1070932
-23.29     12.26     32.89     1071947
-23.11     12.26     32.89     1072961
-23.29     12.26     32.77     1073976
-23.29     12.26     32.89     1074990
-23.29     12.26     32.89     1076004
-23.29     12.26     32.89     1077018
-23.29     12.26     32.89     1078033
-23.29     12.26     32.89     1079047
-23.29     12.26     32.89     1080061
-23.29     12.26     32.89     1081075
-23.29     12.26     32.89     1082090
-23.29     12.26     32.89     1083104
-23.29     12.26     32.89     1084119
-23.29     12.26     32.89     1085132
-23.11     12.26     32.89     1086147
-23.29     12.26     32.89     1087161
-23.29     12.26     32.89     1088176
-23.29     12.26     32.77     1089190
-23.29     12.26     32.77     1090204
-23.29     12.26     32.89     1091219
-23.29     12.26     32.77     1092233
-23.29     12.26     32.89     1093248
-23.29     12.26     32.89     1094261
-23.29     12.26     32.89     1095276
-23.29     12.26     32.89     1096290
-23.29     12.26     32.77     1097305
-23.29     12.26     32.89     1098318
-23.29     12.26     32.89     1099333
-23.29     12.26     32.89     1100348
-23.29     12.26     32.89     1101362
-23.29     12.26     32.89     1102376
-23.29     12.26     32.89     1103390
-23.29     12.26     32.89     1104405
-23.29     12.26     32.89     1105419
-23.29     12.26     32.89     1106434
-23.29     12.26     32.89     1107447
-23.29     12.26     32.89     1108462
-23.29     12.26     32.89     1109476
-23.29     12.26     32.89     1110491
-23.29     12.26     32.89     1111504
-23.29     12.26     32.89     1112519
-23.11     12.26     32.89     1113534
-23.29     12.26     32.89     1114548
-23.29     12.26     32.89     1115563
-23.29     12.26     32.89     1116576
-23.29     12.26     32.89     1117591
-23.29     12.26     33.01     1118605
-23.29     12.37     33.13     1119620
-23.29     12.37     33.13     1120633
-23.29     12.37     33.13     1121648
-23.29     12.37     33.13     1122662
-23.29     12.26     33.13     1123677
-23.29     12.26     33.01     1124691
-23.11     12.26     33.01     1125705
-23.29     12.26     33.01     1126720
-23.29     12.15     33.01     1127734
-23.29     12.15     33.01     1128749
-23.29     12.26     33.01     1129762
-23.29     12.15     32.89     1130777
-23.29     12.26     32.89     1131791
-23.29     12.15     32.89     1132806
-23.29     12.15     32.89     1133820
-23.29     12.15     32.89     1134834
-23.29     12.15     32.89     1135849
-23.29     12.15     32.89     1136863
-23.48     12.15     32.89     1137878
-23.29     12.15     32.89     1138891
-23.48     12.15     32.89     1139906
-23.48     12.15     32.89     1140920
-23.29     12.15     32.77     1141935
-23.29     12.15     32.77     1142948
-23.29     12.15     32.77     1143963
-23.29     12.15     32.77     1144977
-23.29     12.15     32.77     1145992
-23.29     12.15     32.89     1147005
-23.29     12.04     32.77     1148020
-23.29     12.15     32.77     1149035
-23.48     12.15     32.77     1150049
-23.29     12.15     32.77     1151064
-23.48     12.15     32.77     1152077
-23.48     12.04     32.77     1153092
-23.48     12.15     32.77     1154106
-23.29     12.15     32.77     1155121
-23.48     12.15     32.77     1156134
-23.29     12.15     32.77     1157149
-23.48     12.15     32.77     1158164
-23.48     12.15     32.77     1159178
-23.48     12.15     32.77     1160193
-23.29     12.15     32.77     1161206
-23.29     12.15     32.77     1162221
-23.48     12.15     32.89     1163235
-23.29     12.15     32.77     1164250
-23.29     12.15     32.77     1165263
-23.48     12.26     32.77     1166278
-23.48     12.15     32.77     1167292
-23.29     12.15     32.77     1168307
-23.48     12.15     32.77     1169321
-23.48     12.15     32.77     1170335
-23.48     12.15     32.77     1171350
-23.48     12.15     32.77     1172364
-23.48     12.15     32.77     1173379
-23.29     12.15     32.65     1174392
-23.48     12.15     32.77     1175407
-23.48     12.15     32.77     1176421
-23.48     12.04     32.65     1177436
-23.48     12.04     32.77     1178449
-23.48     12.15     32.77     1179464
-23.48     12.04     32.65     1180479
-23.48     12.15     32.65     1181493
-23.48     12.15     32.65     1182508
-23.48     12.15     32.65     1183521
-23.48     12.15     32.77     1184536
-23.48     12.15     32.77     1185550
-23.48     12.04     32.77     1186565
-23.48     12.15     32.77     1187578
-23.48     12.15     32.77     1188593
-23.48     12.15     32.77     1189607
-23.48     12.15     32.77     1190622
-23.48     12.04     32.77     1191635
-23.48     12.15     32.77     1192650
-23.48     12.15     32.77     1193665
-23.48     12.04     32.77     1194679
-23.48     12.04     32.77     1195694
-23.48     12.15     32.65     1196707
-23.48     12.04     32.77     1197722
-23.48     12.04     32.77     1198736
-23.48     12.04     32.65     1199751
-23.48     12.15     32.77     1200764
-23.48     12.04     32.65     1201779
-23.48     12.04     32.65     1202793
-23.48     12.15     32.77     1203808
-23.48     12.04     32.65     1204822
-23.48     12.04     32.65     1205836
-23.67     12.04     32.65     1206851
-23.48     12.04     32.65     1207865
-23.48     12.04     32.65     1208880
-23.48     12.04     32.65     1209893
-23.48     12.04     32.65     1210908
-23.48     12.15     32.77     1211922
-23.48     12.15     32.65     1212937
-23.48     12.15     32.65     1213950
-23.48     12.15     32.65     1214965
-23.48     12.15     32.65     1215979
-23.48     12.04     32.65     1216994
-23.48     12.15     32.53     1218008
-23.48     12.15     32.65     1219022
-23.48     12.04     32.65     1220036
-23.48     12.04     32.65     1221051
-23.48     12.04     32.65     1222065
-23.48     12.04     32.65     1223079
-23.48     12.04     32.65     1224093
-23.67     12.04     32.65     1225108
-23.48     12.04     32.65     1226123
-23.48     12.04     32.65     1227137
-23.67     12.04     32.65     1228151
-23.67     12.04     32.65     1229165
-23.48     12.04     32.53     1230180
-23.48     12.04     32.65     1231194
-23.48     12.04     32.65     1232208
-23.48     11.93     32.65     1233222
-23.67     11.93     32.53     1234237
-23.67     11.93     32.53     1235251
-23.48     11.93     32.53     1236265
-23.48     11.93     32.53     1237279
-23.67     11.93     32.53     1238294
-23.67     12.04     32.65     1239308
-23.67     11.93     32.53     1240323
-23.67     12.04     32.53     1241337
-23.67     12.04     32.53     1242351
-23.67     12.04     32.53     1243366
-23.67     12.04     32.53     1244380
-23.67     12.04     32.77     1245394
-23.67     12.04     32.65     1246408
-23.67     12.04     32.53     1247423
-23.67     12.04     32.53     1248437
-23.67     11.93     32.65     1249452
-23.48     11.93     32.65     1250465
-23.67     11.93     32.65     1251480
-23.67     11.93     32.65     1252494
-23.67     11.93     32.65     1253509
-23.48     11.93     32.65     1254523
-23.67     11.93     32.53     1255537
-23.67     11.93     32.65     1256552
-23.67     11.93     32.65     1257566
-23.48     11.93     32.65     1258580
-23.67     12.04     32.65     1259594
-23.48     12.04     32.65     1260609
-23.67     12.04     32.65     1261623
-23.67     11.93     32.53     1262638
-23.67     11.93     32.53     1263651
-23.67     11.93     32.65     1264666
-23.67     11.93     32.65     1265680
-23.67     11.93     32.65     1266695
-23.48     11.93     32.65     1267709
-23.67     12.04     32.65     1268723
-23.67     11.93     32.65     1269738
-23.67     11.93     32.65     1270752
-23.67     11.93     32.53     1271767
-23.67     11.93     32.65     1272780
-23.67     11.93     32.53     1273795
-23.67     11.93     32.53     1274809
-23.67     12.04     32.65     1275824
-23.67     11.93     32.53     1276837
-23.67     11.93     32.53     1277852
-23.67     11.93     32.53     1278866
-23.67     11.93     32.53     1279881
-23.67     11.93     32.53     1280894
-23.67     11.83     32.53     1281909
-23.67     11.93     32.53     1282924
-23.67     11.93     32.53     1283938
-23.67     11.83     32.53     1284953
-23.67     11.93     32.53     1285966
-23.67     11.93     32.53     1286981
-23.67     11.93     32.53     1287995
-23.67     11.93     32.53     1289010
-23.67     11.93     32.53     1290023
-23.67     11.93     32.53     1291038
-23.67     11.93     32.53     1292052
-23.67     11.93     32.53     1293067
-23.67     11.93     32.53     1294082
-23.67     11.93     32.53     1295095
-23.67     11.93     32.53     1296110
-23.67     11.93     32.53     1297124
-23.67     11.93     32.53     1298139
-23.67     11.93     32.53     1299152
-23.67     11.93     32.53     1300167
-23.67     11.93     32.53     1301181
-23.67     11.93     32.53     1302196
-23.67     11.93     32.65     1303209
-23.67     11.93     32.53     1304224
-23.67     11.83     32.53     1305239
-23.67     11.93     32.53     1306253
-23.67     11.83     32.53     1307268
-23.67     11.83     32.53     1308281
-23.86     11.83     32.53     1309296
-23.86     11.83     32.53     1310310
-23.67     11.83     32.53     1311325
-23.67     11.93     32.65     1312338
-23.67     11.93     32.53     1313353
-23.86     11.93     32.53     1314367
-23.86     11.93     32.53     1315382
-23.86     11.93     32.53     1316396
-23.86     11.93     32.53     1317410
-23.86     11.93     32.65     1318425
-23.86     11.93     32.53     1319439
-23.86     11.93     32.53     1320454
-23.86     11.93     32.53     1321467
-23.86     11.83     32.53     1322482
-23.86     11.93     32.53     1323496
-23.86     11.93     32.53     1324511
-23.86     11.93     32.53     1325524
-23.86     12.04     32.53     1326539
-23.67     11.93     32.53     1327553
-23.86     11.93     32.53     1328568
-23.86     11.93     32.53     1329582
-23.86     11.83     32.53     1330596
-23.86     11.93     32.53     1331611
-23.67     11.93     32.53     1332625
-23.86     11.93     32.53     1333640
-23.86     11.93     32.53     1334653
-23.86     11.93     32.65     1335668
-23.86     11.93     32.53     1336682
-23.86     11.93     32.65     1337697
-23.86     11.93     32.53     1338711
-23.86     11.93     32.65     1339725
-23.86     11.93     32.65     1340739
-23.86     11.93     32.65     1341754
-23.86     11.93     32.65     1342768
-23.86     11.93     32.77     1343782
-23.67     11.93     32.65     1344797
-23.86     11.93     32.65     1345811
-23.86     11.93     32.65     1346826
-23.86     11.93     32.65     1347840
-23.86     11.93     32.65     1348854
-23.86     11.93     32.65     1349868
-23.86     11.83     32.65     1350883
-23.86     11.83     32.65     1351897
-23.86     11.83     32.65     1352911
-23.86     11.83     32.65     1353925
-23.86     11.93     32.77     1354940
-23.86     11.93     32.77     1355954
-23.86     11.93     32.65     1356968
-23.86     11.93     32.65     1357982
-23.86     11.93     32.65     1358997
-23.86     11.93     32.65     1360011
-23.86     11.93     32.65     1361026
-23.86     11.93     32.77     1362040
-23.86     11.93     32.65     1363054
-23.86     11.93     32.77     1364069
-23.86     11.93     32.77     1365083
-23.86     11.93     32.65     1366097
-23.86     11.93     32.77     1367111
-23.86     11.93     32.77     1368126
-23.67     11.93     32.77     1369140
-23.86     11.93     32.77     1370155
-23.86     11.93     32.77     1371168
-23.86     11.93     32.77     1372183
-23.86     11.93     32.77     1373197
-23.86     11.93     32.77     1374212
-23.86     11.93     32.77     1375225
-23.67     11.93     32.77     1376240
-23.86     11.93     32.77     1377255
-23.86     11.93     32.77     1378269
-23.86     11.83     32.77     1379283
-23.86     11.93     32.77     1380297
-23.86     11.93     32.77     1381312
-23.86     11.93     32.77     1382326
-23.86     11.93     32.77     1383341
-23.86     11.93     32.89     1384354
-23.86     11.93     32.77     1385369
-23.86     11.93     32.77     1386383
-23.86     11.93     32.77     1387398
-23.86     11.93     32.77     1388412
-23.86     11.93     32.89     1389426
-23.86     11.93     32.77     1390441
-23.86     11.93     32.77     1391455
-23.86     11.93     32.77     1392470
-23.86     11.93     32.77     1393483
-23.86     11.93     32.77     1394498
-23.86     11.93     32.77     1395512
-23.86     11.93     32.89     1396527
-23.86     11.93     32.77     1397540
-23.86     11.93     32.77     1398555
-23.86     11.93     32.77     1399569
-23.86     11.93     32.77     1400584
-23.86     11.93     32.89     1401598
-23.86     11.93     32.77     1402612
-23.86     11.93     32.77     1403627
-23.86     11.93     32.77     1404641
-23.86     11.93     32.77     1405656
-23.86     11.93     32.77     1406669
-23.86     11.93     32.77     1407684
-23.86     11.93     32.77     1408698
-23.86     11.93     32.77     1409713
-23.86     11.93     32.77     1410726
-24.05     11.93     32.77     1411741
-23.86     11.93     32.77     1412755
-23.86     11.93     32.77     1413770
-23.86     11.93     32.77     1414785
-23.86     11.93     32.89     1415798
-23.86     11.93     32.77     1416813
-23.86     11.83     32.77     1417827
-23.86     11.93     32.77     1418842
-23.86     11.83     32.77     1419855
-23.86     11.83     32.77     1420870
-23.86     11.83     32.77     1421884
-24.05     11.83     32.89     1422899
-24.05     11.83     32.77     1423912
-23.86     11.83     32.77     1424927
-23.86     11.83     32.77     1425942
-23.86     11.83     32.77     1426956
-23.86     11.83     32.77     1427971
-23.86     11.83     32.77     1428984
-23.86     11.93     32.77     1429999
-23.86     11.93     32.77     1431013
-23.86     11.93     32.89     1432028
-23.86     11.83     32.77     1433041
-23.86     11.83     32.77     1434056
-24.05     11.83     32.77     1435070
-23.86     11.83     32.65     1436085
-23.86     11.83     32.77     1437100
-23.86     11.83     32.77     1438113
-23.86     11.83     32.77     1439128
-23.86     11.83     32.77     1440142
-24.05     11.83     32.77     1441157
-23.86     11.83     32.77     1442170
-24.05     11.83     32.77     1443185
-23.86     11.83     32.77     1444199
-23.86     11.83     32.77     1445214
-24.05     11.83     32.77     1446227
-23.86     11.83     32.77     1447242
-24.05     11.83     32.77     1448257
-24.05     11.83     32.77     1449271
-23.86     11.83     32.77     1450286
-23.86     11.83     32.77     1451299
-23.86     11.83     32.77     1452314
-23.86     11.83     32.77     1453328
-23.86     11.83     32.65     1454343
-24.05     11.83     32.77     1455356
-23.86     11.93     32.65     1456371
-23.86     11.93     32.77     1457385
-23.86     11.93     32.65     1458400
-23.86     11.83     32.77     1459414
-23.86     11.83     32.77     1460428
-23.86     11.93     32.65     1461443
-23.86     11.83     32.77     1462457
-23.86     11.83     32.77     1463472
-24.05     11.83     32.77     1464485
-23.86     11.83     32.77     1465500
-23.86     11.83     32.77     1466514
-23.86     11.83     32.77     1467529
-23.86     11.83     32.65     1468542
-23.86     11.83     32.77     1469557
-23.86     11.83     32.77     1470571
-23.86     11.83     32.77     1471586
-23.86     11.83     32.77     1472601
-24.05     11.83     32.77     1473614
-23.86     11.83     32.77     1474629
-23.86     11.83     32.77     1475643
-23.86     11.93     32.77     1476658
-24.05     11.93     32.77     1477671
-23.86     11.93     32.77     1478686
-23.86     11.93     32.77     1479700
-23.86     11.93     32.77     1480715
-24.05     11.93     32.77     1481729
-24.05     11.93     32.77     1482743
-23.86     11.93     32.77     1483758
-23.86     11.83     32.77     1484772
-23.86     11.93     32.77     1485787
-23.86     11.93     32.77     1486800
-23.86     11.93     32.89     1487815
-23.86     11.93     32.77     1488829
-24.05     11.93     32.89     1489844
-23.86     11.93     32.89     1490857
-23.86     11.93     32.89     1491872
-23.86     11.93     32.89     1492886
-24.05     11.93     32.77     1493901
-23.86     11.83     32.89     1494915
-23.86     11.83     32.89     1495929
-24.05     11.83     32.89     1496944
-23.86     11.83     32.89     1497958
-23.86     11.83     32.89     1498973
-24.05     11.72     32.89     1499986
-23.86     11.72     32.89     1501001
-23.86     11.83     32.89     1502015
-23.86     11.83     32.89     1503030
-23.86     11.83     32.89     1504044
-24.05     11.72     32.89     1505058
-24.05     11.72     32.89     1506072
-24.05     11.72     32.89     1507087
-24.05     11.72     32.89     1508101
-23.86     11.83     32.89     1509115
-24.05     11.72     32.89     1510129
-23.86     11.83     32.89     1511144
-23.86     11.72     32.89     1512158
-23.86     11.72     32.89     1513172
-23.86     11.72     32.89     1514187
-23.86     11.72     32.89     1515201
-24.05     11.72     32.89     1516216
-24.05     11.72     32.89     1517230
-23.86     11.72     32.89     1518244
-23.86     11.72     32.89     1519258
-24.05     11.61     32.89     1520273
-23.86     11.72     32.89     1521287
-23.86     11.61     32.77     1522301
-24.05     11.61     32.89     1523315
-24.05     11.61     32.77     1524330
-24.05     11.61     32.89     1525344
-24.05     11.61     32.89     1526359
-24.05     11.61     32.77     1527372
-23.86     11.61     32.77     1528387
-24.05     11.61     32.77     1529401
-24.05     11.61     32.77     1530416
-24.05     11.61     32.77     1531430
-23.86     11.61     32.77     1532444
-24.05     11.61     32.77     1533459
-23.86     11.61     32.77     1534473
-24.05     11.61     32.77     1535488
-23.86     11.61     32.77     1536501
-24.05     11.61     32.77     1537516
-24.05     11.61     32.77     1538530
-23.86     11.61     32.77     1539545
-23.86     11.61     32.77     1540559
-23.86     11.61     32.77     1541573
-24.05     11.61     32.77     1542588
-24.05     11.61     32.77     1543602
-23.86     11.72     32.77     1544616
-24.05     11.72     32.77     1545630
-24.05     11.72     32.77     1546645
-24.05     11.72     32.77     1547659
-24.05     11.72     32.89     1548674
-24.05     11.72     32.77     1549687
-24.05     11.72     32.77     1550702
-24.05     11.61     32.77     1551716
-23.86     11.72     32.77     1552731
-24.05     11.61     32.77     1553745
-23.86     11.61     32.77     1554759
-24.05     11.61     32.77     1555774
-24.05     11.61     32.89     1556788
-23.86     11.61     32.77     1557803
-24.05     11.61     32.77     1558816
-23.86     11.61     32.77     1559831
-23.86     11.61     32.77     1560845
-24.05     11.61     32.77     1561860
-24.05     11.61     32.89     1562873
-24.05     11.61     32.89     1563888
-23.86     11.61     32.77     1564903
-24.05     11.61     32.77     1565917
-23.86     11.61     32.77     1566931
-24.05     11.61     32.77     1567945
-23.86     11.61     32.77     1568960
-23.86     11.61     32.77     1569974
-23.86     11.61     32.77     1570989
-23.86     11.61     32.77     1572002
-23.86     11.61     32.77     1573017
-23.86     11.61     32.89     1574031
-24.05     11.61     32.77     1575046
-24.05     11.61     32.89     1576059
-24.05     11.61     32.89     1577074
-24.05     11.61     32.89     1578088
-24.05     11.61     32.89     1579103
-23.86     11.61     32.89     1580118
-24.05     11.61     32.89     1581131
-24.05     11.61     32.89     1582146
-24.05     11.61     32.89     1583160
-24.05     11.61     33.01     1584175
-24.05     11.61     32.89     1585188
-24.05     11.61     32.89     1586203
-24.05     11.61     32.89     1587217
-24.05     11.61     32.89     1588232
-24.05     11.61     32.89     1589245
-24.05     11.61     32.89     1590260
-23.86     11.61     32.89     1591274
-23.86     11.61     32.89     1592289
-24.05     11.61     32.89     1593303
-24.05     11.61     32.89     1594317
-24.05     11.61     32.89     1595331
-24.05     11.61     32.89     1596346
-24.05     11.61     32.89     1597360
-24.05     11.61     32.77     1598374
-24.05     11.61     32.77     1599388
-24.05     11.72     32.89     1600403
-23.86     11.72     32.77     1601418
-24.05     11.72     32.77     1602432
-24.05     11.72     32.77     1603446
-24.05     11.72     32.77     1604460
-24.05     11.72     32.77     1605475
-23.86     11.72     32.77     1606489
-24.05     11.72     32.77     1607503
-24.05     11.72     32.77     1608517
-23.86     11.61     32.77     1609532
-23.86     11.72     32.77     1610546
-24.05     11.61     32.77     1611560
-24.05     11.61     32.77     1612575
-24.05     11.61     32.77     1613589
-23.86     11.61     32.77     1614604
-24.05     11.61     32.77     1615618
-24.05     11.61     32.77     1616632
-24.05     11.61     32.65     1617646
-24.05     11.61     32.65     1618661
-24.05     11.61     32.77     1619675
-23.86     11.61     32.77     1620689
-24.05     11.72     32.65     1621703
-24.05     11.61     32.65     1622718
-24.05     11.61     32.65     1623732
-24.05     11.61     32.65     1624747
-24.05     11.61     32.65     1625761
-24.05     11.61     32.65     1626775
-24.05     11.61     32.65     1627790
-24.05     11.61     32.65     1628804
-23.86     11.72     32.65     1629818
-24.05     11.61     32.65     1630832
-23.86     11.61     32.65     1631847
-24.05     11.61     32.65     1632861
-24.05     11.72     32.65     1633875
-24.05     11.61     32.65     1634889
-24.05     11.61     32.65     1635904
-24.05     11.61     32.65     1636918
-24.05     11.61     32.65     1637933
-24.05     11.61     32.65     1638946
-24.05     11.61     32.65     1639961
-24.05     11.61     32.65     1640975
-23.86     11.72     32.65     1641990
-24.05     11.61     32.65     1643004
-24.05     11.61     32.65     1644018
-24.05     11.61     32.65     1645033
-24.05     11.61     32.65     1646047
-24.05     11.61     32.65     1647062
-24.05     11.61     32.53     1648075
-24.05     11.61     32.65     1649090
-24.05     11.61     32.65     1650104
-23.86     11.61     32.65     1651119
-23.86     11.50     32.65     1652132
-24.05     11.61     32.65     1653147
-24.05     11.50     32.65     1654161
-24.05     11.61     32.53     1655176
-24.05     11.50     32.53     1656189
-24.05     11.50     32.65     1657204
-23.86     11.50     32.53     1658219
-24.05     11.50     32.53     1659233
-23.86     11.50     32.53     1660248
-24.05     11.50     32.53     1661261
-24.05     11.50     32.53     1662276
-24.05     11.50     32.53     1663290
-23.86     11.50     32.53     1664305
-24.05     11.50     32.53     1665318
-24.05     11.50     32.53     1666333
-23.86     11.50     32.53     1667347
-24.05     11.50     32.53     1668362
-23.86     11.50     32.53     1669377
-24.05     11.50     32.53     1670390
-24.05     11.50     32.53     1671405
-24.05     11.50     32.53     1672419
-23.86     11.50     32.53     1673434
-24.05     11.61     32.53     1674447
-23.86     11.50     32.53     1675462
-24.05     11.50     32.41     1676476
-24.05     11.50     32.53     1677491
-24.05     11.50     32.53     1678504
-24.05     11.50     32.53     1679519
-24.05     11.50     32.53     1680533
-24.05     11.50     32.53     1681548
-24.05     11.50     32.53     1682563
-24.05     11.50     32.53     1683576
-24.05     11.50     32.53     1684591
-24.05     11.50     32.53     1685605
-23.86     11.50     32.53     1686620
-24.05     11.50     32.53     1687633
-24.05     11.50     32.53     1688648
-24.05     11.50     32.53     1689662
-24.05     11.50     32.53     1690677
-24.05     11.50     32.65     1691691
-24.05     11.50     32.53     1692705
-24.05     11.50     32.53     1693719
-24.05     11.50     32.53     1694734
-24.05     11.50     32.53     1695748
-24.05     11.50     32.53     1696762
-24.05     11.39     32.53     1697777
-23.86     11.50     32.53     1698791
-24.05     11.50     32.53     1699806
-24.05     11.39     32.53     1700819
-24.05     11.50     32.65     1701834
-24.05     11.39     32.53     1702848
-24.05     11.50     32.53     1703863
-24.05     11.39     32.53     1704877
-24.05     11.39     32.53     1705891
-24.05     11.39     32.53     1706905
-24.05     11.39     32.53     1707919
-24.05     11.39     32.53     1708934
-24.05     11.39     32.53     1709947
-24.05     11.50     32.41     1710962
-24.05     11.50     32.53     1711976
-24.05     11.50     32.53     1712991
-24.05     11.39     32.53     1714004
-24.05     11.39     32.53     1715019
-24.05     11.39     32.53     1716033
-24.05     11.50     32.53     1717048
-24.05     11.50     32.53     1718062
-24.05     11.50     32.53     1719076
-24.05     11.50     32.53     1720090
-24.05     11.50     32.53     1721105
-24.05     11.50     32.53     1722120
-24.05     11.39     32.65     1723133
-24.25     11.50     32.65     1724148
-24.05     11.50     32.65     1725162
-24.05     11.50     32.65     1726177
-24.05     11.50     32.65     1727191
-24.05     11.50     32.65     1728205
-24.05     11.50     32.65     1729219
-24.05     11.50     32.65     1730234
-24.05     11.39     32.65     1731248
-24.05     11.50     32.65     1732262
-24.05     11.39     32.77     1733276
-24.05     11.50     32.77     1734291
-24.05     11.50     32.65     1735305
-24.05     11.50     32.77     1736320
-24.25     11.50     32.77     1737333
-24.05     11.50     32.77     1738348
-24.05     11.50     32.77     1739363
-24.05     11.50     32.77     1740377
-24.05     11.50     32.77     1741391
-24.05     11.50     32.77     1742405
-24.05     11.50     32.77     1743420
-24.05     11.50     32.77     1744434
-24.05     11.50     32.77     1745448
-24.05     11.50     32.77     1746462
-24.05     11.50     32.77     1747477
-24.05     11.50     32.77     1748491
-24.05     11.50     32.77     1749506
-24.05     11.50     32.77     1750519
-24.05     11.50     32.89     1751534
-24.05     11.50     32.77     1752548
-24.05     11.50     32.77     1753563
-24.05     11.50     32.77     1754577
-24.05     11.50     32.89     1755591
-24.05     11.50     32.77     1756606
-24.05     11.50     32.77     1757620
-24.05     11.50     32.77     1758635
-24.05     11.50     32.77     1759648
-24.05     11.50     32.77     1760663
-24.05     11.50     32.89     1761677
-24.05     11.50     32.89     1762692
-24.05     11.50     32.89     1763705
-24.05     11.50     32.89     1764720
-24.05     11.50     32.89     1765734
-24.05     11.61     32.89     1766749
-24.05     11.50     32.89     1767762
-24.05     11.50     32.89     1768777
-24.05     11.50     32.89     1769791
-24.05     11.50     32.89     1770806
-24.05     11.61     32.89     1771820
-24.05     11.61     32.89     1772834
-24.05     11.61     32.89     1773848
-24.05     11.61     32.89     1774863
-24.05     11.50     32.89     1775878
-24.05     11.50     32.89     1776891
-24.05     11.61     32.89     1777906
-24.05     11.61     32.89     1778920
-24.05     11.61     32.89     1779935
-24.25     11.61     32.89     1780948
-24.05     11.61     32.89     1781963
-24.05     11.61     33.01     1782977
-24.05     11.61     32.89     1783992
-24.25     11.50     32.89     1785006
-24.05     11.61     33.01     1786020
-24.05     11.61     33.01     1787034
-24.05     11.61     33.01     1788049
-24.05     11.61     33.01     1789063
-24.05     11.61     33.01     1790077
-24.05     11.61     33.01     1791091
-24.05     11.61     32.89     1792106
-24.05     11.61     33.01     1793120
-24.05     11.61     33.01     1794135
-24.05     11.61     33.01     1795148
-24.05     11.61     33.01     1796163
-24.05     11.61     33.01     1797178
-24.05     11.61     33.01     1798192
-24.05     11.61     33.01     1799206
-24.05     11.61     32.89     1800220
-24.05     11.61     33.01     1801235
-24.05     11.61     33.01     1802249
-24.05     11.61     33.01     1803264
-24.05     11.61     33.01     1804277
-24.05     11.50     33.01     1805292
-24.25     11.50     33.01     1806306
-24.05     11.61     33.01     1807321
-24.05     11.61     33.01     1808334
-24.05     11.50     33.01     1809349
-24.05     11.61     32.89     1810363
-24.25     11.50     33.01     1811378
-24.05     11.50     33.01     1812391
-24.05     11.61     33.01     1813406
-24.05     11.61     33.01     1814421
-24.05     11.61     33.01     1815435
-24.05     11.61     33.01     1816450
-24.05     11.61     33.01     1817463
-24.05     11.50     33.01     1818478
-24.05     11.61     33.01     1819492
-24.05     11.50     32.89     1820507
-24.05     11.50     32.89     1821520
-24.05     11.61     32.89     1822535
-24.05     11.61     32.89     1823549
-24.05     11.61     32.89     1824564
-24.05     11.61     32.89     1825577
-24.05     11.61     32.89     1826592
-24.25     11.61     32.89     1827606
-24.05     11.61     32.89     1828621
-24.05     11.61     32.89     1829635
-24.05     11.61     32.89     1830649
-24.05     11.61     32.89     1831664
-24.05     11.61     32.89     1832678
-24.05     11.61     32.89     1833693
-24.05     11.61     32.89     1834706
-24.05     11.72     32.77     1835721
-24.05     11.61     32.77     1836735
-24.05     11.61     32.77     1837750
-24.25     11.61     32.77     1838764
-24.05     11.61     32.77     1839778
-24.05     11.61     32.77     1840792
-24.25     11.61     32.77     1841807
-24.05     11.61     32.77     1842821
-24.05     11.61     32.89     1843835
-24.05     11.61     32.89     1844849
-24.05     11.61     32.77     1845864
-24.05     11.50     32.77     1846879
-24.05     11.61     32.77     1847892
-24.05     11.50     32.89     1848907
-24.05     11.61     32.89     1849921
-24.05     11.61     32.89     1850936
-24.05     11.61     32.89     1851950
-24.05     11.61     32.89     1852964
-24.05     11.61     32.89     1853978
-24.05     11.61     32.89     1854993
-24.05     11.61     32.89     1856007
-24.05     11.61     32.89     1857021
-24.05     11.61     32.89     1858035
-24.05     11.61     32.89     1859050
-24.25     11.61     32.89     1860064
-24.05     11.61     32.89     1861079
-24.05     11.61     32.77     1862092
-24.05     11.50     32.89     1863107
-24.05     11.50     32.89     1864122
-24.05     11.50     32.89     1865136
-24.05     11.50     32.89     1866150
-24.05     11.50     32.89     1867164
-24.05     11.50     32.77     1868179
-24.25     11.50     32.77     1869193
-24.05     11.50     32.89     1870208
-24.25     11.50     32.89     1871221
-24.25     11.50     32.77     1872236
-24.05     11.50     32.77     1873250
-24.05     11.50     32.77     1874265
-24.05     11.50     32.77     1875278
-24.05     11.50     32.77     1876293
-24.05     11.50     32.77     1877307
-24.05     11.50     32.77     1878322
-24.05     11.50     32.77     1879335
-24.05     11.39     32.77     1880350
-24.05     11.50     32.77     1881365
-24.05     11.50     32.77     1882379
-24.05     11.50     32.77     1883394
-24.05     11.50     32.77     1884407
-24.05     11.50     32.77     1885422
-24.25     11.50     32.77     1886436
-24.25     11.50     32.77     1887451
-24.25     11.50     32.77     1888464
-24.05     11.50     32.77     1889479
-24.05     11.50     32.77     1890493
-24.05     11.50     32.77     1891508
-24.05     11.50     32.77     1892521
-24.05     11.50     32.77     1893536
-24.05     11.50     32.77     1894551
-24.05     11.50     32.77     1895565
-24.05     11.50     32.77     1896580
-24.05     11.50     32.77     1897593
-24.05     11.50     32.77     1898608
-24.25     11.50     32.89     1899622
-24.05     11.50     32.77     1900637
-24.05     11.61     32.77     1901650
-24.25     11.50     32.77     1902665
-24.05     11.50     32.77     1903679
-24.05     11.61     32.65     1904694
-24.25     11.50     32.77     1905709
-24.05     11.50     32.77     1906722
-24.05     11.50     32.77     1907737
-24.25     11.50     32.77     1908751
-24.25     11.50     32.77     1909766
-24.25     11.50     32.77     1910779
-24.25     11.50     32.77     1911794
-24.25     11.61     32.77     1912808
-24.05     11.61     32.77     1913823
-24.05     11.61     32.77     1914836
-24.05     11.61     32.77     1915851
-24.25     11.61     32.77     1916865
-24.25     11.61     32.77     1917880
-24.05     11.61     32.77     1918895
-24.05     11.61     32.65     1919908
-24.25     11.50     32.65     1920923
-24.05     11.61     32.77     1921937
-24.25     11.61     32.77     1922952
-24.05     11.50     32.77     1923965
-24.05     11.50     32.77     1924980
-24.25     11.50     32.77     1925994
-24.05     11.50     32.77     1927009
-24.25     11.50     32.65     1928024
-24.25     11.50     32.77     1929037
-24.05     11.50     32.77     1930052
-24.05     11.61     32.77     1931066
-24.05     11.50     32.77     1932081
-24.25     11.61     32.77     1933094
-24.25     11.61     32.65     1934109
-24.25     11.61     32.65     1935123
-24.05     11.61     32.65     1936138
-24.05     11.61     32.65     1937152
-24.05     11.61     32.65     1938166
-24.05     11.61     32.77     1939180
-24.25     11.61     32.65     1940195
-24.25     11.61     32.65     1941209
-24.25     11.61     32.65     1942223
-24.25     11.61     32.65     1943238
-24.05     11.50     32.65     1944252
-24.05     11.61     32.65     1945267
-24.05     11.50     32.77     1946280
-24.25     11.61     32.77     1947295
-24.25     11.50     32.65     1948309
-24.25     11.50     32.77     1949324
-24.05     11.50     32.65     1950338
-24.25     11.50     32.65     1951352
-24.25     11.39     32.65     1952366
-24.05     11.50     32.65     1953381
-24.25     11.50     32.65     1954395
-24.25     11.50     32.65     1955409
-24.25     11.50     32.65     1956423
-24.05     11.39     32.65     1957438
-24.25     11.39     32.65     1958452
-24.25     11.50     32.65     1959467
-24.05     11.50     32.65     1960480
-24.25     11.50     32.65     1961495
-24.05     11.50     32.65     1962509
-24.05     11.50     32.65     1963524
-24.05     11.39     32.65     1964537
-24.25     11.39     32.65     1965552
-24.05     11.39     32.65     1966566
-24.25     11.50     32.65     1967581
-24.25     11.50     32.65     1968594
-24.25     11.50     32.65     1969609
-24.25     11.50     32.65     1970623
-24.25     11.39     32.65     1971638
-24.25     11.50     32.65     1972652
-24.25     11.50     32.65     1973666
-24.25     11.50     32.65     1974680
-24.25     11.50     32.65     1975695
-24.25     11.50     32.65     1976709
-24.25     11.39     32.65     1977723
-24.25     11.50     32.77     1978738
-24.25     11.39     32.65     1979752
-24.25     11.50     32.77     1980767
-24.25     11.50     32.65     1981780
-24.05     11.50     32.65     1982795
-24.25     11.50     32.65     1983809
-24.25     11.50     32.65     1984824
-24.25     11.39     32.65     1985838
-24.05     11.50     32.77     1986852
-24.25     11.50     32.65     1987866
-24.05     11.50     32.65     1988881
-24.25     11.39     32.65     1989895
-24.25     11.39     32.65     1990909
-24.05     11.39     32.65     1991923
-24.25     11.39     32.65     1992938
-24.25     11.39     32.65     1993952
-24.25     11.39     32.65     1994967
-24.25     11.39     32.65     1995980
-24.25     11.50     32.77     1996995
-24.25     11.39     32.65     1998009
-24.25     11.50     32.77     1999024
-24.25     11.50     32.77     2000037
-24.25     11.39     32.77     2001052
-24.05     11.39     32.65     2002066
-24.05     11.50     32.65     2003081
-24.25     11.50     32.77     2004094
-24.25     11.50     32.77     2005109
-24.25     11.50     32.65     2006123
-24.25     11.50     32.65     2007138
-24.25     11.50     32.65     2008152
-24.05     11.39     32.65     2009166
-24.25     11.39     32.65     2010180
-24.25     11.50     32.65     2011195
-24.25     11.50     32.65     2012209
-24.25     11.39     32.77     2013223
-24.25     11.39     32.65     2014237
-24.25     11.39     32.65     2015252
-24.05     11.39     32.65     2016266
-24.25     11.50     32.65     2017281
-24.25     11.50     32.65     2018294
-24.25     11.50     32.77     2019309
-24.25     11.50     32.77     2020323
-24.25     11.50     32.89     2021338
-24.25     11.50     32.77     2022352
-24.05     11.39     32.77     2023366
-24.05     11.39     32.77     2024381
-24.25     11.50     32.77     2025395
-24.25     11.39     32.77     2026409
-24.25     11.39     32.65     2027423
-24.25     11.39     32.77     2028438
-24.25     11.50     32.77     2029452
-24.25     11.39     32.65     2030466
-24.25     11.39     32.65     2031480
-24.25     11.39     32.77     2032494
-24.05     11.39     32.65     2033509
-24.05     11.39     32.65     2034523
-24.25     11.39     32.65     2035537
-24.25     11.39     32.65     2036551
-24.25     11.39     32.65     2037566
-24.25     11.39     32.65     2038580
-24.25     11.50     32.77     2039595
-24.25     11.39     32.77     2040608
-24.25     11.39     32.65     2041623
-24.25     11.39     32.65     2042637
-24.25     11.39     32.77     2043652
-24.25     11.39     32.65     2044665
-24.25     11.39     32.65     2045680
-24.25     11.39     32.65     2046694
-24.25     11.39     32.65     2047709
-24.25     11.39     32.65     2048722
-24.25     11.50     32.65     2049737
-24.25     11.39     32.65     2050751
-24.25     11.39     32.65     2051765
-24.25     11.39     32.65     2052780
-24.25     11.39     32.65     2053793
-24.25     11.50     32.65     2054808
-24.25     11.50     32.65     2055822
-24.25     11.39     32.65     2056837
-24.25     11.39     32.77     2057850
-24.25     11.50     32.77     2058865
-24.25     11.39     32.65     2059879
-24.25     11.50     32.77     2060894
-24.25     11.50     32.65     2061907
-24.25     11.50     32.77     2062922
-24.25     11.50     32.77     2063936
-24.25     11.39     32.77     2064951
-24.25     11.50     32.77     2065965
-24.25     11.39     32.65     2066979
-24.25     11.39     32.77     2067993
-24.25     11.39     32.77     2069008
-24.25     11.39     32.77     2070022
-24.25     11.39     32.77     2071036
-24.25     11.39     32.77     2072050
-24.25     11.39     32.77     2073065
-24.25     11.39     32.77     2074079
-24.25     11.39     32.65     2075094
-24.25     11.39     32.65     2076107
-24.25     11.39     32.65     2077122
-24.25     11.39     32.65     2078136
-24.25     11.39     32.65     2079151
-24.25     11.39     32.77     2080164
-24.25     11.39     32.65     2081179
-24.25     11.39     32.65     2082193
-24.25     11.39     32.77     2083208
-24.25     11.39     32.65     2084221
-24.25     11.39     32.65     2085236
-24.25     11.39     32.65     2086250
-24.25     11.39     32.65     2087265
-24.25     11.39     32.65     2088279
-24.25     11.39     32.65     2089292
-24.25     11.39     32.65     2090307
-24.25     11.39     32.65     2091321
-24.25     11.39     32.65     2092336
-24.25     11.39     32.65     2093349
-24.25     11.39     32.65     2094364
-24.25     11.50     32.65     2095378
-24.25     11.39     32.65     2096393
-24.25     11.39     32.77     2097406
-24.25     11.39     32.65     2098421
-24.25     11.39     32.65     2099435
-24.25     11.39     32.65     2100450
-24.25     11.39     32.65     2101464
-24.25     11.50     32.77     2102478
-24.25     11.39     32.65     2103492
-24.25     11.39     32.65     2104507
-24.25     11.39     32.65     2105521
-24.25     11.39     32.65     2106535
-24.25     11.39     32.65     2107549
-24.25     11.39     32.65     2108563
-24.25     11.39     32.65     2109578
-24.25     11.39     32.65     2110592
-24.25     11.39     32.65     2111606
-24.25     11.39     32.65     2112620
-24.25     11.50     32.65     2113635
-24.25     11.39     32.65     2114649
-24.25     11.39     32.65     2115663
-24.25     11.39     32.65     2116677
-24.05     11.39     32.65     2117692
-24.25     11.39     32.65     2118706
-24.25     11.39     32.65     2119720
-24.25     11.39     32.65     2120734
-24.25     11.50     32.65     2121749
-24.25     11.39     32.65     2122763
-24.25     11.50     32.65     2123778
-24.25     11.50     32.65     2124791
-24.25     11.50     32.65     2125806
-24.25     11.50     32.65     2126820
-24.25     11.39     32.65     2127835
-24.25     11.39     32.65     2128848
-24.25     11.39     32.65     2129863
-24.25     11.39     32.65     2130877
-24.25     11.39     32.65     2131892
-24.25     11.50     32.65     2132905
-24.25     11.50     32.65     2133920
-24.25     11.50     32.65     2134934
-24.25     11.50     32.65     2135949
-24.25     11.50     32.65     2136963
-24.25     11.50     32.77     2137977
-24.25     11.50     32.65     2138992
-24.25     11.50     32.77     2140006
-24.25     11.50     32.77     2141021
-24.25     11.50     32.77     2142034
-24.25     11.50     32.77     2143049
-24.25     11.50     32.77     2144063
-24.25     11.50     32.65     2145078
-24.25     11.50     32.77     2146092
-24.25     11.50     32.65     2147106
-24.25     11.50     32.65     2148120
-24.25     11.50     32.65     2149135
-24.25     11.50     32.65     2150149
-24.25     11.50     32.65     2151163
-24.25     11.50     32.65     2152177
-24.25     11.50     32.65     2153192
-24.25     11.50     32.65     2154207
-24.25     11.39     32.65     2155220
-24.25     11.50     32.65     2156235
-24.25     11.50     32.65     2157249
-24.25     11.50     32.77     2158264
-24.25     11.50     32.65     2159278
-24.25     11.39     32.65     2160292
-24.25     11.50     32.65     2161306
-24.25     11.39     32.65     2162321
-24.25     11.39     32.65     2163335
-24.25     11.39     32.65     2164349
-24.25     11.39     32.65     2165363
-24.25     11.50     32.65     2166378
-24.25     11.50     32.65     2167392
-24.25     11.39     32.65     2168407
-24.25     11.39     32.53     2169420
-24.25     11.39     32.53     2170435
-24.25     11.39     32.65     2171449
-24.25     11.50     32.53     2172464
-24.25     11.50     32.65     2173477
-24.25     11.50     32.53     2174492
-24.25     11.50     32.65     2175506
-24.25     11.50     32.65     2176521
-24.25     11.50     32.65     2177534
-24.25     11.50     32.53     2178549
-24.25     11.39     32.53     2179563
-24.25     11.50     32.53     2180578
-24.25     11.50     32.53     2181592
-24.25     11.39     32.53     2182606
-24.25     11.50     32.53     2183620
-24.25     11.50     32.53     2184635
-24.25     11.50     32.53     2185649
-24.25     11.50     32.53     2186663
-24.25     11.50     32.65     2187677
-24.25     11.39     32.53     2188692
-24.25     11.50     32.65     2189707
-24.25     11.39     32.65     2190721
-24.25     11.50     32.65     2191735
-24.25     11.50     32.53     2192749
-24.25     11.50     32.65     2193764
-24.25     11.39     32.65     2194778
-24.25     11.50     32.65     2195792
-24.25     11.50     32.65     2196806
-24.25     11.50     32.65     2197821
-24.25     11.50     32.65     2198835
-24.25     11.39     32.65     2199849
-24.25     11.39     32.65     2200863
-24.25     11.39     32.53     2201878
-24.25     11.39     32.65     2202892
-24.25     11.39     32.65     2203907
-24.25     11.39     32.65     2204920
-24.25     11.39     32.65     2205935
-24.25     11.39     32.65     2206949
-24.25     11.50     32.65     2207964
-24.25     11.39     32.65     2208977
-24.25     11.39     32.65     2209992
-24.25     11.39     32.65     2211006
-24.25     11.39     32.65     2212020
-24.25     11.39     32.65     2213035
-24.25     11.39     32.65     2214048
-24.25     11.39     32.65     2215063
-24.25     11.39     32.53     2216077
-24.25     11.39     32.65     2217092
-24.25     11.39     32.65     2218105
-24.25     11.39     32.65     2219120
-24.25     11.39     32.65     2220134
-24.25     11.39     32.65     2221149
-24.25     11.39     32.65     2222162
-24.25     11.39     32.53     2223177
-24.25     11.39     32.53     2224191
-24.25     11.39     32.65     2225206
-24.25     11.39     32.53     2226220
-24.25     11.39     32.53     2227234
-24.25     11.39     32.53     2228248
-24.25     11.39     32.53     2229263
-24.25     11.39     32.53     2230277
-24.25     11.39     32.53     2231290
-24.25     11.39     32.53     2232305
-24.25     11.39     32.53     2233319
-24.25     11.39     32.53     2234334
-24.25     11.39     32.53     2235347
-24.25     11.39     32.53     2236362
-24.25     11.39     32.65     2237376
-24.25     11.39     32.65     2238391
-24.25     11.39     32.53     2239405
-24.25     11.39     32.53     2240419
-24.25     11.39     32.53     2241433
-24.25     11.39     32.53     2242448
-24.25     11.39     32.41     2243462
-24.25     11.39     32.53     2244476
-24.25     11.39     32.53     2245490
-24.25     11.39     32.53     2246505
-24.25     11.39     32.53     2247519
-24.25     11.39     32.53     2248534
-24.25     11.39     32.53     2249547
-24.25     11.39     32.53     2250562
-24.25     11.39     32.53     2251576
-24.25     11.39     32.53     2252591
-24.25     11.39     32.53     2253604
-24.25     11.39     32.53     2254619
-24.25     11.39     32.53     2255633
-24.25     11.39     32.53     2256648
-24.25     11.39     32.53     2257661
-24.25     11.39     32.41     2258676
-24.25     11.50     32.41     2259690
-24.25     11.50     32.53     2260705
-24.25     11.39     32.53     2261719
-24.25     11.39     32.41     2262733
-24.25     11.39     32.53     2263747
-24.25     11.39     32.53     2264762
-24.25     11.39     32.53     2265776
-24.25     11.39     32.53     2266790
-24.25     11.39     32.41     2267804
-24.25     11.39     32.41     2268819
-24.25     11.50     32.53     2269833
-24.25     11.39     32.41     2270846
-24.25     11.39     32.41     2271861
-24.25     11.39     32.53     2272875
-24.25     11.39     32.41     2273890
-24.25     11.39     32.41     2274904
-24.25     11.39     32.41     2275918
-24.25     11.39     32.41     2276932
-24.25     11.39     32.41     2277947
-24.25     11.39     32.41     2278961
-24.25     11.39     32.41     2279974
-24.25     11.39     32.41     2280989
-24.25     11.39     32.41     2282003
-24.25     11.39     32.41     2283018
-24.25     11.50     32.41     2284032
-24.25     11.39     32.41     2285046
-24.25     11.39     32.41     2286060
-24.25     11.39     32.41     2287075
-24.25     11.39     32.41     2288089
-24.25     11.39     32.41     2289103
-24.25     11.39     32.41     2290117
-24.25     11.39     32.41     2291131
-24.25     11.39     32.41     2292146
-24.25     11.39     32.41     2293159
-24.25     11.39     32.41     2294174
-24.25     11.39     32.41     2295188
-24.25     11.39     32.41     2296203
-24.25     11.39     32.41     2297217
-24.25     11.39     32.41     2298231
-24.25     11.39     32.41     2299245
-24.25     11.39     32.41     2300260
-24.25     11.50     32.41     2301274
-24.25     11.50     32.41     2302288
-24.25     11.50     32.41     2303302
-24.25     11.50     32.41     2304317
-24.25     11.50     32.41     2305331
-24.25     11.50     32.41     2306345
-24.25     11.39     32.41     2307359
-24.25     11.50     32.41     2308374
-24.25     11.39     32.41     2309388
-24.25     11.39     32.41     2310402
-24.25     11.39     32.41     2311416
-24.25     11.39     32.41     2312430
-24.25     11.39     32.41     2313445
-24.25     11.39     32.41     2314459
-24.25     11.39     32.41     2315473
-24.25     11.39     32.41     2316487
-24.25     11.39     32.41     2317501
-24.25     11.39     32.41     2318516
-24.25     11.28     32.41     2319529
-24.25     11.28     32.53     2320544
-24.25     11.28     32.41     2321558
-24.25     11.39     32.41     2322573
-24.25     11.28     32.41     2323587
-24.25     11.28     32.41     2324601
-24.25     11.28     32.29     2325615
-24.25     11.28     32.41     2326630
-24.25     11.28     32.41     2327644
-24.25     11.39     32.41     2328657
-24.25     11.28     32.41     2329672
-24.25     11.28     32.41     2330686
-24.25     11.28     32.41     2331701
-24.25     11.28     32.41     2332715
-24.25     11.39     32.41     2333729
-24.25     11.39     32.41     2334743
-24.25     11.39     32.41     2335758
-24.25     11.39     32.41     2336772
-24.25     11.39     32.41     2337786
-24.25     11.39     32.41     2338800
-24.25     11.39     32.41     2339815
-24.25     11.39     32.41     2340829
-24.25     11.39     32.41     2341842
-24.25     11.39     32.41     2342857
-24.25     11.39     32.41     2343871
-24.25     11.39     32.41     2344886
-24.25     11.39     32.53     2345900
-24.25     11.39     32.41     2346914
-24.25     11.39     32.41     2347928
-24.25     11.39     32.41     2348943
-24.25     11.39     32.53     2349957
-24.25     11.39     32.41     2350971
-24.25     11.39     32.53     2351985
-24.25     11.39     32.41     2352999
-24.25     11.39     32.41     2354014
-24.25     11.39     32.53     2355027
-24.25     11.39     32.53     2356042
-24.25     11.39     32.53     2357056
-24.25     11.39     32.53     2358071
-24.44     11.28     32.53     2359085
-24.25     11.39     32.53     2360099
-24.25     11.39     32.53     2361113
-24.25     11.39     32.53     2362128
-24.25     11.39     32.53     2363142
-24.25     11.39     32.53     2364156
-24.25     11.39     32.53     2365170
-24.25     11.39     32.41     2366185
-24.25     11.39     32.53     2367199
-24.25     11.28     32.53     2368214
-24.25     11.28     32.53     2369227
-24.25     11.28     32.41     2370242
-24.25     11.28     32.41     2371256
-24.25     11.39     32.41     2372271
-24.25     11.39     32.41     2373284
-24.25     11.28     32.41     2374299
-24.25     11.28     32.41     2375313
-24.25     11.28     32.41     2376328
-24.25     11.28     32.41     2377341
-24.25     11.28     32.41     2378355
-24.25     11.28     32.41     2379370
-24.25     11.28     32.41     2380384
-24.25     11.39     32.41     2381399
-24.25     11.39     32.41     2382412
-24.25     11.39     32.41     2383427
-24.25     11.28     32.41     2384441
-24.25     11.39     32.41     2385456
-24.25     11.28     32.29     2386469
-24.25     11.39     32.41     2387484
-24.25     11.28     32.41     2388498
-24.25     11.39     32.41     2389512
-24.25     11.39     32.41     2390526
-24.25     11.39     32.41     2391540
-24.25     11.39     32.41     2392555
-24.25     11.28     32.41     2393569
-24.25     11.39     32.41     2394584
-24.25     11.39     32.41     2395597
-24.25     11.39     32.41     2396612
-24.44     11.39     32.41     2397626
-24.25     11.39     32.41     2398641
-24.25     11.39     32.41     2399654
-24.25     11.28     32.41     2400669
-24.25     11.28     32.41     2401683
-24.25     11.28     32.41     2402697
-24.25     11.28     32.41     2403712
-24.25     11.28     32.41     2404725
-24.25     11.28     32.41     2405740
-24.25     11.39     32.41     2406754
-24.44     11.39     32.41     2407769
-24.25     11.28     32.41     2408782
-24.25     11.39     32.41     2409797
-24.25     11.39     32.41     2410811
-24.25     11.39     32.41     2411826
-24.25     11.28     32.41     2412839
-24.25     11.39     32.41     2413854
-24.25     11.39     32.41     2414868
-24.25     11.39     32.41     2415882
-24.25     11.39     32.41     2416897
-24.25     11.39     32.53     2417910
-24.25     11.39     32.53     2418925
-24.25     11.39     32.53     2419939
-24.25     11.39     32.53     2420954
-24.25     11.39     32.53     2421967
-24.25     11.39     32.53     2422982
-24.25     11.39     32.53     2423996
-24.25     11.39     32.53     2425011
-24.25     11.39     32.41     2426024
-24.44     11.39     32.53     2427039
-24.25     11.39     32.41     2428053
-24.25     11.39     32.53     2429068
-24.25     11.39     32.41     2430082
-24.44     11.39     32.41     2431096
-24.25     11.39     32.41     2432110
-24.25     11.39     32.41     2433125
-24.25     11.39     32.41     2434139
-24.25     11.39     32.41     2435153
-24.44     11.39     32.41     2436167
-24.25     11.39     32.41     2437182
-24.25     11.39     32.41     2438196
-24.44     11.39     32.41     2439211
-24.25     11.39     32.41     2440224
-24.25     11.39     32.41     2441238
-24.25     11.50     32.53     2442253
-24.25     11.39     32.41     2443267
-24.25     11.39     32.41     2444281
-24.25     11.39     32.41     2445295
-24.25     11.39     32.41     2446310
-24.25     11.50     32.41     2447324
-24.25     11.39     32.41     2448338
-24.25     11.39     32.41     2449352
-24.25     11.39     32.41     2450367
-24.25     11.50     32.41     2451381
-24.25     11.50     32.53     2452396
-24.25     11.39     32.41     2453409
-24.25     11.50     32.41     2454424
-24.44     11.50     32.41     2455438
-24.25     11.50     32.41     2456453
-24.25     11.50     32.41     2457466
-24.25     11.39     32.41     2458481
-24.25     11.50     32.41     2459495
-24.25     11.50     32.41     2460510
-24.25     11.50     32.41     2461523
-24.25     11.50     32.41     2462538
-24.25     11.50     32.41     2463552
-24.25     11.50     32.41     2464567
-24.25     11.50     32.41     2465581
-24.25     11.50     32.41     2466595
-24.25     11.50     32.41     2467609
-24.25     11.50     32.41     2468624
-24.25     11.61     32.41     2469638
-24.25     11.50     32.41     2470652
-24.25     11.50     32.41     2471666
-24.25     11.50     32.41     2472681
-24.25     11.50     32.41     2473695
-24.25     11.39     32.41     2474710
-24.25     11.50     32.41     2475723
-24.25     11.50     32.41     2476738
-24.25     11.50     32.41     2477752
-24.25     11.50     32.41     2478767
-24.25     11.50     32.41     2479780
-24.25     11.50     32.53     2480795
-24.25     11.50     32.41     2481809
-24.25     11.50     32.41     2482824
-24.25     11.39     32.41     2483837
-24.25     11.39     32.41     2484852
-24.25     11.39     32.41     2485866
-24.25     11.39     32.41     2486881
-24.25     11.39     32.41     2487895
-24.25     11.39     32.41     2488909
-24.05     11.39     32.41     2489923
-24.25     11.50     32.41     2490938
-24.25     11.50     32.41     2491952
-24.25     11.50     32.41     2492966
-24.25     11.39     32.41     2493980
-24.25     11.39     32.41     2494995
-24.25     11.39     32.41     2496009
-24.25     11.39     32.41     2497024
-24.25     11.39     32.41     2498037
-24.25     11.39     32.41     2499052
-24.25     11.39     32.41     2500066
-24.25     11.39     32.41     2501081
-24.25     11.39     32.41     2502094
-24.25     11.39     32.53     2503108
-24.25     11.39     32.41     2504123

