0.00     0.00     0.00     0
25.17     25.28     25.40     1013
25.17     25.28     25.51     2028
25.17     25.28     25.51     3042
25.17     25.28     25.74     4057
25.06     25.28     25.85     5070
25.06     25.17     26.08     6085
24.94     25.17     26.31     7099
24.83     25.17     26.54     8114
24.83     25.06     26.77     9127
24.72     25.06     27.00     10142
24.60     25.06     27.11     11156
24.49     25.06     27.34     12171
24.27     24.94     27.57     13185
24.15     24.94     27.80     14199
24.04     24.83     28.03     15213
23.93     24.83     28.03     16228
23.70     24.83     28.38     17242
23.59     24.72     28.61     18256
23.48     24.72     28.73     19270
23.25     24.60     28.96     20285
23.14     24.60     29.20     21299
22.92     24.49     29.31     22313
22.81     24.38     29.55     23328
22.58     24.38     29.67     24342
22.36     24.27     29.90     25357
22.25     24.27     30.02     26371
22.03     24.15     30.14     27385
21.80     24.04     30.37     28399
21.58     24.04     30.49     29414
21.47     23.93     30.61     30428
21.25     23.82     30.85     31442
21.03     23.82     30.97     32456
20.81     23.70     31.09     33471
20.59     23.70     31.21     34485
20.47     23.59     31.44     35499
20.25     23.48     31.56     36513
20.03     23.37     31.68     37527
19.81     23.37     31.80     38542
19.59     23.25     31.92     39556
19.37     23.14     32.04     40570
19.15     23.14     32.16     41584
18.93     23.03     32.29     42599
18.71     22.92     32.41     43613
18.49     22.81     32.53     44627
18.27     22.81     32.65     45641
18.05     22.70     32.77     46656
17.83     22.58     32.89     47670
17.62     22.47     33.01     48684
17.40     22.47     33.13     49698
17.18     22.36     33.13     50712
16.96     22.25     33.26     51727
16.74     22.14     33.38     52741
16.52     22.03     33.50     53755
16.30     22.03     33.62     54769
16.08     21.92     33.62     55784
15.87     21.80     33.74     56798
15.65     21.80     33.87     57811
15.43     21.58     33.99     58826
15.21     21.58     33.99     59840
14.99     21.47     34.11     60854
14.77     21.36     34.24     61869
14.56     21.25     34.36     62882
14.34     21.14     34.36     63896
14.12     21.14     34.48     64911
13.90     21.03     34.48     65925
13.68     20.92     34.61     66938
13.46     20.81     34.73     67953
13.25     20.70     34.73     68967
13.03     20.70     34.85     69982
12.81     20.59     34.85     70995
12.59     20.47     34.85     72009
12.37     20.36     34.98     73024
12.15     20.25     35.10     74038
11.93     20.14     35.10     75052
11.72     20.14     35.23     76066
11.50     20.03     35.35     77080
11.28     19.92     35.35     78094
11.17     19.81     35.35     79109
10.95     19.70     35.48     80122
10.73     19.70     35.48     81136
10.51     19.59     35.60     82151
10.29     19.48     35.60     83165
10.07     19.37     35.73     84178
9.85     19.26     35.73     85193
9.74     19.15     35.85     86207
9.52     19.15     35.85     87221
9.30     19.04     35.85     88236
9.08     18.93     35.98     89249
8.86     18.82     35.98     90263
8.75     18.71     36.10     91278
8.53     18.60     36.10     92292
8.31     18.60     36.23     93306
8.09     18.49     36.23     94320
7.86     18.38     36.23     95335
7.75     18.27     36.10     96349
7.53     18.16     36.36     97363
7.31     18.16     36.36     98377
7.20     18.05     36.36     99392
6.98     17.94     36.48     100407
6.75     17.94     36.48     101421
6.53     17.73     36.48     102435
6.42     17.73     36.61     103449
6.20     17.62     36.61     104464
5.97     17.51     36.61     105478
5.86     17.40     36.61     106492
5.64     17.40     36.74     107506
5.52     17.29     36.74     108521
5.30     17.18     36.74     109535
5.07     17.07     36.74     110550
4.96     16.96     36.86     111563
4.74     16.96     36.86     112578
4.62     16.85     36.86     113592
4.40     16.74     36.99     114607
4.28     16.63     36.74     115620
4.06     16.52     36.99     116635
3.94     16.52     37.12     117649
3.72     16.41     36.99     118664
3.60     16.30     37.12     119678
3.37     16.19     37.12     120692
3.26     16.19     37.12     121706
3.15     16.08     37.12     122721
2.92     15.98     37.12     123735
2.80     15.98     37.25     124749
2.57     15.87     37.25     125763
2.46     15.76     37.25     126777
2.23     15.76     37.25     127792
2.11     15.65     37.25     128805
2.00     15.54     37.25     129820
1.77     15.43     37.38     130834
1.65     15.32     37.38     131848
1.53     15.32     37.38     132862
1.30     15.21     37.38     133876
1.19     15.10     37.38     134891
0.95     14.99     37.50     135905
0.84     14.99     37.50     136919
0.72     14.88     37.50     137933
0.60     14.77     37.50     138947
0.37     14.77     37.50     139962
0.25     14.66     37.50     140976
0.13     14.56     37.63     141989
0.02     14.56     37.63     143004
-0.22     14.45     37.76     144018
-0.34     14.34     37.63     145033
-0.46     14.23     37.63     146046
-0.57     14.23     37.63     147060
-0.69     14.12     37.63     148075
-0.93     14.01     37.63     149089
-1.05     14.01     37.76     150104
-1.17     13.90     37.76     151117
-1.29     13.79     37.63     152131
-1.41     13.79     37.76     153146
-1.53     13.68     37.76     154160
-1.77     13.57     37.76     155174
-1.77     13.57     37.76     156188
-2.01     13.46     37.89     157203
-2.13     13.35     37.89     158217
-2.25     13.35     37.89     159230
-2.37     13.25     37.89     160245
-2.49     13.25     37.89     161259
-2.61     13.14     37.89     162274
-2.73     13.03     37.89     163288
-2.86     12.92     37.89     164301
-2.98     12.92     37.89     165316
-3.10     12.81     37.89     166330
-3.22     12.81     38.02     167345
-3.34     12.70     37.89     168358
-3.47     12.59     37.89     169372
-3.59     12.59     38.02     170387
-3.71     12.48     38.02     171401
-3.84     12.37     38.02     172416
-3.96     12.37     38.02     173429
-4.08     12.26     38.02     174443
-4.21     12.26     38.02     175458
-4.33     12.15     38.02     176472
-4.46     12.04     38.02     177486
-4.58     12.04     38.02     178500
-4.71     11.93     38.02     179514
-4.83     11.93     38.02     180529
-4.96     11.83     38.02     181542
-5.08     11.72     38.02     182557
-5.08     11.72     38.02     183571
-5.21     11.61     38.02     184585
-5.33     11.50     38.02     185600
-5.46     11.50     38.02     186613
-5.59     11.39     38.02     187628
-5.71     11.39     38.02     188642
-5.84     11.28     38.02     189656
-5.84     11.28     37.89     190669
-5.97     11.17     38.02     191684
-6.09     11.17     38.15     192698
-6.22     11.06     38.15     193712
-6.35     10.95     38.15     194726
-6.35     10.95     38.15     195740
-6.48     10.84     38.15     196754
-6.61     10.84     38.15     197769
-6.74     10.73     38.15     198782
-6.86     10.73     38.02     199796
-6.99     10.62     38.15     200811
-6.99     10.62     38.15     201825
-7.12     10.51     38.15     202840
-7.25     10.51     38.15     203853
-7.38     10.40     38.15     204867
-7.38     10.40     38.15     205882
-7.51     10.29     38.15     206896
-7.64     10.29     38.15     207910
-7.78     10.18     38.15     208924
-7.78     10.18     38.15     209938
-7.91     10.07     38.15     210953
-7.91     10.07     38.15     211966
-8.04     9.96     38.15     212981
-8.17     9.85     38.15     213995
-8.30     9.85     38.15     215009
-8.30     9.74     38.15     216024
-8.43     9.74     38.15     217037
-8.57     9.74     38.15     218052
-8.57     9.63     38.15     219066
-8.70     9.63     38.15     220081
-8.83     9.52     38.15     221094
-8.83     9.52     38.15     222109
-8.97     9.41     38.15     223124
-8.97     9.41     38.15     224138
-9.10     9.30     38.15     225153
-9.24     9.30     38.15     226166
-9.24     9.19     38.15     227181
-9.37     9.19     38.15     228195
-9.37     9.08     38.15     229210
-9.51     9.08     38.15     230224
-9.64     8.97     38.15     231238
-9.64     8.97     38.15     232253
-9.78     8.97     38.15     233268
-9.78     8.86     38.15     234283
-9.91     8.86     38.15     235296
-10.05     8.75     38.15     236311
-10.05     8.75     38.28     237326
-10.19     8.64     38.15     238341
-10.19     8.64     38.15     239354
-10.32     8.53     38.15     240369
-10.32     8.53     38.15     241384
-10.46     8.53     38.15     242398
-10.46     8.42     38.15     243412
-10.60     8.42     38.15     244427
-10.74     8.31     38.15     245441
-10.74     8.31     38.15     246456
-10.87     8.20     38.15     247471
-10.87     8.20     38.15     248485
-11.01     8.20     38.15     249500
-11.01     8.09     38.15     250514
-11.15     8.09     38.15     251529
-11.15     7.98     38.15     252544
-11.29     7.98     38.15     253557
-11.29     7.98     38.15     254572
-11.43     7.86     38.15     255587
-11.43     7.86     38.15     256602
-11.43     7.75     38.15     257615
-11.57     7.75     38.15     258630
-11.71     7.75     38.15     259645
-11.71     7.64     38.15     260659
-11.86     7.64     38.15     261673
-11.86     7.53     38.15     262688
-11.86     7.53     38.15     263703
-12.00     7.53     38.15     264717
-12.00     7.42     38.15     265732
-12.14     7.42     38.15     266746
-12.14     7.42     38.15     267760
-12.28     7.31     38.15     268775
-12.28     7.31     38.15     269790
-12.42     7.20     38.15     270804
-12.42     7.20     38.15     271818
-12.42     7.20     38.15     272833
-12.57     7.09     38.15     273848
-12.57     7.09     38.15     274862
-12.71     7.09     38.15     275876
-12.71     6.98     38.15     276891
-12.86     6.98     38.15     277906
-12.86     6.86     38.15     278920
-12.86     6.86     38.15     279934
-13.00     6.86     38.15     280949
-13.00     6.75     38.15     281964
-13.15     6.75     38.15     282978
-13.15     6.75     38.15     283993
-13.15     6.64     38.15     285007
-13.29     6.64     38.15     286022
-13.29     6.64     38.02     287036
-13.44     6.53     38.02     288051
-13.44     6.53     38.02     289065
-13.44     6.53     38.02     290080
-13.58     6.42     38.02     291094
-13.58     6.42     38.02     292109
-13.58     6.42     38.02     293124
-13.73     6.31     38.02     294137
-13.73     6.31     38.02     295152
-13.73     6.31     38.02     296167
-13.73     6.20     38.02     297181
-13.88     6.20     38.02     298194
-14.03     6.20     38.15     299208
-14.03     6.08     38.02     300222
-14.03     6.08     37.89     301237
-14.17     5.97     38.02     302252
-14.17     5.97     38.15     303265
-14.17     5.97     38.02     304280
-14.32     5.97     38.02     305295
-14.32     5.86     38.02     306309
-14.32     5.86     38.02     307323
-14.47     5.86     38.02     308338
-14.47     5.75     38.02     309352
-14.47     5.75     38.02     310367
-14.62     5.75     37.89     311382
-14.62     5.64     38.02     312395
-14.62     5.64     38.02     313410
-14.77     5.64     37.89     314425
-14.77     5.64     38.02     315439
-14.77     5.52     38.02     316453
-14.92     5.52     37.89     317467
-14.92     5.52     38.02     318482
-14.92     5.41     37.89     319497
-14.92     5.41     38.02     320510
-15.07     5.41     38.02     321525
-15.07     5.41     38.02     322540
-15.07     5.30     37.89     323554
-15.07     5.30     38.02     324569
-15.23     5.30     37.89     325582
-15.23     5.30     37.89     326597
-15.23     5.19     37.76     327611
-15.38     5.19     37.89     328626
-15.38     5.19     37.89     329640
-15.38     5.07     37.89     330654
-15.38     5.07     37.89     331669
-15.53     5.07     37.89     332683
-15.53     5.07     37.89     333698
-15.53     4.96     37.89     334712
-15.69     4.96     37.89     335726
-15.69     4.96     37.89     336741
-15.69     4.96     37.89     337755
-15.69     4.85     37.89     338769
-15.84     4.85     38.02     339784
-15.84     4.85     37.89     340798
-15.84     4.85     37.89     341813
-15.84     4.74     37.89     342828
-15.99     4.74     37.89     343841
-15.99     4.74     37.89     344856
-15.99     4.62     37.89     345870
-15.99     4.62     37.89     346885
-16.15     4.62     37.89     347899
-16.15     4.62     37.89     348913
-16.15     4.51     37.89     349928
-16.15     4.51     37.89     350942
-16.15     4.51     37.89     351956
-16.30     4.51     37.89     352970
-16.30     4.40     37.89     353985
-16.30     4.40     37.89     355000
-16.30     4.40     37.89     356014
-16.30     4.40     37.89     357028
-16.46     4.40     37.89     358042
-16.46     4.40     37.89     359057
-16.46     4.28     37.89     360071
-16.62     4.28     37.89     361085
-16.62     4.28     37.89     362099
-16.62     4.17     37.89     363114
-16.62     4.17     37.89     364128
-16.62     4.17     37.89     365143
-16.78     4.17     37.89     366157
-16.78     4.17     37.89     367171
-16.78     4.06     37.89     368186
-16.78     4.06     37.89     369200
-16.78     4.06     37.89     370214
-16.78     4.06     37.89     371228
-16.93     3.94     37.89     372243
-16.93     3.94     37.89     373257
-16.93     3.94     37.89     374272
-17.09     3.94     37.89     375285
-17.09     3.83     37.89     376300
-17.09     3.83     37.89     377314
-17.09     3.83     37.89     378329
-17.09     3.83     37.76     379343
-17.09     3.83     37.89     380357
-17.25     3.83     37.89     381372
-17.25     3.72     37.89     382386
-17.25     3.72     37.89     383400
-17.25     3.72     37.89     384414
-17.41     3.72     37.76     385429
-17.41     3.72     37.89     386443
-17.41     3.60     37.89     387458
-17.41     3.60     37.76     388471
-17.41     3.60     37.89     389486
-17.57     3.60     37.76     390500
-17.57     3.49     37.76     391515
-17.57     3.49     37.76     392528
-17.57     3.49     37.89     393543
-17.57     3.49     37.76     394557
-17.73     3.49     38.02     395572
-17.73     3.49     37.76     396585
-17.73     3.37     37.89     397600
-17.73     3.37     37.76     398614
-17.73     3.37     37.76     399629
-17.73     3.37     37.63     400643
-17.90     3.37     37.76     401656
-17.90     3.26     37.76     402671
-17.90     3.26     37.76     403685
-17.90     3.26     37.76     404700
-17.90     3.26     37.76     405713
-17.90     3.26     37.76     406728
-18.06     3.15     37.76     407742
-18.06     3.15     37.76     408757
-18.06     3.15     37.76     409772
-18.06     3.15     37.76     410785
-18.06     3.15     37.76     411800
-18.06     3.03     37.76     412814
-18.22     3.03     37.76     413829
-18.22     3.03     37.76     414842
-18.22     3.03     37.76     415857
-18.22     3.03     37.76     416871
-18.22     3.03     37.76     417886
-18.22     2.92     37.76     418899
-18.39     2.92     37.76     419914
-18.39     2.92     37.76     420928
-18.39     2.92     37.76     421943
-18.39     2.92     37.76     422957
-18.39     2.92     37.63     423971
-18.39     2.80     37.89     424985
-18.55     2.80     37.76     426000
-18.55     2.80     37.76     427014
-18.55     2.80     37.76     428028
-18.55     2.80     37.76     429042
-18.55     2.69     37.76     430057
-18.55     2.69     37.76     431071
-18.55     2.69     37.76     432086
-18.72     2.69     37.76     433099
-18.72     2.69     37.76     434113
-18.72     2.69     37.76     435128
-18.72     2.69     37.76     436142
-18.72     2.57     37.76     437156
-18.72     2.57     37.76     438170
-18.88     2.57     37.76     439185
-18.88     2.57     37.76     440199
-18.88     2.57     37.76     441213
-18.88     2.57     37.76     442227
-18.88     2.46     37.76     443242
-18.88     2.46     37.76     444256
-18.88     2.46     37.76     445271
-18.88     2.46     37.76     446284
-19.05     2.46     37.76     447299
-19.05     2.46     37.76     448313
-19.05     2.46     37.76     449328
-19.05     2.34     37.76     450341
-19.05     2.34     37.76     451356
-19.05     2.34     37.76     452370
-19.05     2.34     37.76     453384
-19.05     2.34     37.76     454398
-19.22     2.34     37.76     455412
-19.22     2.34     37.76     456427
-19.22     2.23     37.76     457441
-19.22     2.23     37.76     458456
-19.22     2.23     37.76     459469
-19.38     2.23     37.63     460484
-19.22     2.23     37.76     461498
-19.38     2.23     37.76     462513
-19.38     2.11     37.76     463527
-19.38     2.11     37.63     464541
-19.38     2.11     37.63     465556
-19.22     2.11     37.63     466570
-19.38     2.11     37.63     467585
-19.38     2.11     37.63     468598
-19.38     2.11     37.63     469613
-19.38     2.00     37.63     470627
-19.55     2.00     37.63     471642
-19.55     2.00     37.63     472655
-19.55     2.00     37.63     473670
-19.55     2.00     37.63     474684
-19.55     2.00     37.63     475699
-19.55     1.88     37.63     476712
-19.55     2.00     37.63     477727
-19.55     1.88     37.63     478741
-19.55     1.88     37.63     479756
-19.55     1.88     37.63     480770
-19.72     1.88     37.63     481784
-19.72     2.00     37.63     482798
-19.72     1.88     37.63     483813
-19.72     1.77     37.63     484827
-19.72     1.88     37.63     485840
-19.72     1.77     37.63     486855
-19.72     1.77     37.50     487869
-19.72     1.77     37.63     488884
-19.89     1.77     37.63     489897
-19.89     1.77     37.63     490912
-19.89     1.77     37.50     491926
-19.89     1.77     37.50     492941
-19.89     1.77     37.50     493955
-19.89     1.65     37.50     494969
-19.89     1.65     37.50     495983
-19.89     1.65     37.50     496997
-19.89     1.65     37.50     498012
-20.06     1.65     37.50     499025
-20.06     1.65     37.50     500040
-20.06     1.65     37.50     501054
-20.06     1.53     37.50     502069
-20.06     1.53     37.50     503083
-20.06     1.53     37.50     504096
-20.06     1.53     37.50     505111
-20.06     1.53     37.50     506125
-20.06     1.53     37.50     507140
-20.06     1.53     37.50     508153
-20.24     1.42     37.50     509168
-20.24     1.42     37.50     510182
-20.24     1.42     37.50     511197
-20.24     1.42     37.50     512210
-20.24     1.42     37.50     513225
-20.24     1.42     37.50     514239
-20.24     1.42     37.50     515253
-20.24     1.42     37.50     516268
-20.24     1.42     37.50     517281
-20.24     1.42     37.50     518296
-20.41     1.30     37.50     519310
-20.41     1.30     37.50     520325
-20.41     1.30     37.50     521338
-20.41     1.30     37.50     522353
-20.41     1.30     37.50     523367
-20.41     1.30     37.50     524382
-20.41     1.30     37.50     525395
-20.41     1.30     37.50     526409
-20.41     1.19     37.50     527424
-20.41     1.19     37.50     528438
-20.41     1.19     37.38     529453
-20.41     1.19     37.50     530466
-20.58     1.19     37.50     531481
-20.58     1.19     37.50     532495
-20.58     1.19     37.50     533510
-20.58     1.19     37.50     534523
-20.58     1.19     37.38     535537
-20.58     1.19     37.50     536552
-20.58     1.07     37.50     537566
-20.58     1.07     37.50     538580
-20.58     1.07     37.38     539594
-20.58     1.07     37.50     540609
-20.58     1.07     37.50     541623
-20.76     1.07     37.38     542637
-20.76     1.07     37.38     543651
-20.76     1.07     37.38     544665
-20.76     1.07     37.38     545680
-20.76     0.95     37.25     546694
-20.76     0.95     37.38     547707
-20.76     0.95     37.38     548722
-20.76     0.95     37.38     549736
-20.76     1.07     37.38     550751
-20.76     0.95     37.38     551764
-20.76     0.95     37.38     552779
-20.93     0.95     37.38     553793
-20.93     0.95     37.38     554808
-20.93     0.84     37.38     555822
-20.93     0.84     37.38     556836
-20.93     0.84     37.38     557850
-20.93     0.84     37.38     558864
-20.93     0.84     37.38     559879
-20.93     0.84     37.25     560892
-20.93     0.84     37.38     561907
-20.93     0.84     37.38     562921
-20.93     0.84     37.38     563936
-20.93     0.84     37.38     564950
-21.11     0.84     37.38     565964
-21.11     0.84     37.38     566978
-21.11     0.72     37.38     567993
-21.11     0.72     37.38     569007
-21.11     0.72     37.38     570021
-21.11     0.72     37.38     571035
-21.11     0.72     37.38     572050
-21.11     0.72     37.38     573064
-21.11     0.60     37.38     574077
-21.11     0.72     37.38     575092
-21.11     0.72     37.38     576106
-21.11     0.72     37.38     577121
-21.11     0.72     37.38     578135
-21.11     0.60     37.38     579149
-21.11     0.60     37.38     580163
-21.29     0.60     37.38     581178
-21.29     0.60     37.38     582192
-21.29     0.60     37.38     583206
-21.29     0.60     37.38     584220
-21.11     0.60     37.38     585235
-21.29     0.60     37.38     586249
-21.29     0.60     37.38     587264
-21.29     0.60     37.25     588277
-21.29     0.60     37.38     589291
-21.29     0.60     37.25     590306
-21.29     0.60     37.25     591320
-21.29     0.49     37.38     592334
-21.29     0.49     37.25     593348
-21.29     0.49     37.25     594363
-21.29     0.49     37.25     595377
-21.29     0.49     37.25     596391
-21.29     0.49     37.25     597405
-21.29     0.49     37.25     598420
-21.46     0.49     37.25     599434
-21.46     0.49     37.25     600449
-21.46     0.49     37.25     601462
-21.46     0.49     37.25     602477
-21.29     0.37     37.25     603491
-21.46     0.37     37.25     604505
-21.46     0.37     37.25     605519
-21.46     0.37     37.25     606533
-21.46     0.37     37.25     607548
-21.46     0.37     37.25     608562
-21.46     0.37     37.25     609576
-21.46     0.37     37.25     610590
-21.46     0.37     37.25     611605
-21.46     0.37     37.25     612619
-21.46     0.37     37.25     613634
-21.46     0.37     37.25     614647
-21.46     0.37     37.25     615662
-21.46     0.37     37.25     616676
-21.64     0.25     37.25     617691
-21.64     0.25     37.25     618704
-21.64     0.25     37.25     619718
-21.64     0.25     37.25     620733
-21.64     0.25     37.25     621747
-21.64     0.25     37.25     622760
-21.64     0.25     37.25     623775
-21.64     0.25     37.25     624789
-21.64     0.25     37.25     625804
-21.64     0.25     37.25     626818
-21.64     0.25     37.25     627831
-21.64     0.25     37.25     628846
-21.64     0.25     37.25     629860
-21.64     0.13     37.25     630875
-21.64     0.13     37.25     631888
-21.64     0.25     37.25     632902
-21.64     0.13     37.25     633917
-21.64     0.13     37.25     634931
-21.82     0.13     37.25     635945
-21.82     0.13     37.25     636959
-21.64     0.13     37.25     637973
-21.82     0.13     37.25     638988
-21.82     0.13     37.50     640002
-21.82     0.13     37.25     641016
-21.82     0.02     37.25     642030
-21.82     0.13     37.25     643045
-21.82     0.13     37.25     644059
-21.82     0.13     37.25     645073
-21.82     0.13     37.38     646087
-21.82     0.13     37.25     647102
-21.82     0.02     37.25     648116
-21.82     0.02     37.25     649131
-21.82     0.02     37.25     650144
-21.82     0.02     37.25     651158
-21.82     0.02     37.12     652173
-21.82     0.02     37.25     653187
-21.82     0.02     37.25     654201
-21.82     0.02     37.25     655215
-21.82     0.02     37.25     656230
-21.82     0.02     37.25     657244
-21.82     0.02     37.25     658258
-22.00     0.02     37.25     659272
-22.00     0.02     37.38     660287
-22.00     0.02     37.25     661301
-22.00     0.02     37.38     662316
-22.00     0.02     37.38     663329
-22.00     -0.10     37.38     664343
-22.00     -0.10     37.38     665358
-22.00     -0.10     37.38     666372
-22.00     -0.10     37.50     667386
-22.00     -0.10     37.38     668400
-22.00     -0.10     37.38     669415
-22.00     -0.10     37.38     670429
-22.00     -0.10     37.38     671443
-22.00     -0.10     37.38     672457
-22.00     -0.10     37.38     673471
-22.00     -0.10     37.38     674486
-22.00     -0.10     37.38     675500
-22.00     -0.10     37.38     676514
-22.00     -0.10     37.38     677528
-22.00     -0.10     37.38     678543
-22.00     -0.10     37.38     679557
-22.00     -0.10     37.38     680571
-22.00     -0.10     37.38     681585
-22.18     -0.10     37.50     682600
-22.18     -0.22     37.38     683614
-22.18     -0.22     37.38     684628
-22.18     -0.22     37.38     685642
-22.18     -0.22     37.25     686657
-22.18     -0.22     37.38     687671
-22.18     -0.22     37.38     688686
-22.18     -0.22     37.38     689699
-22.18     -0.22     37.38     690714
-22.18     -0.22     37.38     691728
-22.18     -0.22     37.38     692743
-22.18     -0.22     37.50     693756
-22.18     -0.22     37.38     694771
-22.18     -0.22     37.38     695785
-22.18     -0.22     37.38     696800
-22.18     -0.22     37.38     697814
-22.37     -0.22     37.38     698828
-22.18     -0.22     37.38     699842
-22.18     -0.22     37.38     700857
-22.18     -0.22     37.38     701871
-22.18     -0.34     37.38     702884
-22.18     -0.34     37.38     703899
-22.18     -0.34     37.38     704913
-22.18     -0.34     37.38     705928
-22.18     -0.34     37.38     706941
-22.18     -0.34     37.25     707956
-22.18     -0.34     37.38     708970
-22.37     -0.34     37.38     709985
-22.18     -0.34     37.38     710999
-22.37     -0.34     37.38     712013
-22.37     -0.34     37.38     713027
-22.37     -0.34     37.38     714041
-22.37     -0.34     37.38     715056
-22.37     -0.34     37.38     716069
-22.37     -0.46     37.38     717084
-22.37     -0.34     37.38     718098
-22.37     -0.34     37.38     719112
-22.37     -0.34     37.38     720126
-22.37     -0.34     37.38     721140
-22.37     -0.34     37.38     722155
-22.37     -0.34     37.38     723169
-22.37     -0.34     37.38     724183
-22.37     -0.46     37.25     725197
-22.37     -0.46     37.38     726211
-22.37     -0.34     37.38     727226
-22.37     -0.46     37.38     728240
-22.37     -0.46     37.38     729253
-22.37     -0.46     37.38     730268
-22.37     -0.46     37.38     731282
-22.37     -0.46     37.38     732297
-22.37     -0.46     37.38     733310
-22.37     -0.46     37.38     734324
-22.37     -0.46     37.25     735339
-22.37     -0.46     37.38     736353
-22.37     -0.46     37.25     737367
-22.37     -0.46     37.25     738381
-22.37     -0.46     37.38     739395
-22.55     -0.46     37.25     740410
-22.37     -0.46     37.25     741424
-22.37     -0.46     37.25     742438
-22.37     -0.46     37.25     743452
-22.37     -0.46     37.25     744466
-22.37     -0.46     37.25     745481
-22.55     -0.46     37.25     746494
-22.55     -0.46     37.25     747509
-22.55     -0.57     37.25     748523
-22.55     -0.57     37.25     749538
-22.55     -0.57     37.25     750552
-22.55     -0.57     37.25     751566
-22.55     -0.57     37.25     752580
-22.55     -0.57     37.25     753595
-22.55     -0.57     37.25     754609
-22.55     -0.57     37.25     755623
-22.55     -0.57     37.25     756638
-22.55     -0.57     37.25     757652
-22.55     -0.57     37.25     758667
-22.55     -0.57     37.25     759681
-22.55     -0.69     37.25     760695
-22.55     -0.57     37.25     761709
-22.55     -0.57     37.25     762724
-22.55     -0.57     37.25     763738
-22.55     -0.57     37.25     764752
-22.55     -0.57     37.25     765767
-22.55     -0.57     37.25     766781
-22.55     -0.57     37.25     767796
-22.55     -0.57     37.25     768809
-22.55     -0.57     37.25     769824
-22.55     -0.69     37.25     770838
-22.55     -0.69     37.25     771853
-22.55     -0.69     37.25     772867
-22.55     -0.69     37.25     773881
-22.55     -0.69     37.12     774896
-22.55     -0.69     37.25     775910
-22.55     -0.69     37.25     776925
-22.55     -0.69     37.25     777938
-22.55     -0.69     37.25     778953
-22.55     -0.69     37.25     779967
-22.55     -0.69     37.25     780982
-22.55     -0.69     37.25     781996
-22.55     -0.69     37.25     783010
-22.55     -0.69     37.25     784025
-22.55     -0.69     37.12     785039
-22.55     -0.69     37.25     786054
-22.55     -0.69     37.25     787067
-22.73     -0.69     37.25     788082
-22.55     -0.69     37.25     789096
-22.55     -0.69     37.25     790111
-22.55     -0.69     37.25     791124
-22.55     -0.69     37.25     792139
-22.55     -0.69     37.25     793154
-22.55     -0.81     37.25     794168
-22.55     -0.81     37.25     795183
-22.55     -0.81     37.25     796196
-22.55     -0.81     37.25     797211
-22.55     -0.81     37.25     798225
-22.55     -0.81     37.25     799240
-22.55     -0.81     37.25     800253
-22.73     -0.81     37.25     801268
-22.55     -0.81     37.25     802283
-22.73     -0.81     37.25     803297
-22.73     -0.81     37.25     804312
-22.73     -0.81     37.25     805325
-22.73     -0.81     37.25     806340
-22.73     -0.81     37.25     807354
-22.73     -0.81     37.25     808369
-22.73     -0.81     37.25     809382
-22.73     -0.81     37.38     810397
-22.73     -0.81     37.25     811412
-22.73     -0.81     37.50     812426
-22.73     -0.81     37.25     813441
-22.73     -0.81     37.25     814454
-22.73     -0.81     37.25     815469
-22.73     -0.81     37.25     816483
-22.73     -0.81     37.25     817498
-22.73     -0.81     37.25     818511
-22.73     -0.93     37.25     819526
-22.73     -0.81     37.25     820540
-22.73     -0.93     37.25     821555
-22.73     -0.93     37.25     822569
-22.73     -0.93     37.25     823583
-22.73     -0.93     37.25     824598
-22.73     -0.93     37.25     825612
-22.73     -0.93     37.25     826627
-22.73     -0.93     37.25     827640
-22.73     -0.93     37.25     828655
-22.73     -0.93     37.25     829669
-22.73     -0.81     37.25     830684
-22.73     -0.93     37.25     831698
-22.73     -0.93     37.25     832712
-22.73     -0.93     37.25     833727
-22.73     -0.93     37.25     834741
-22.73     -0.93     37.50     835756
-22.73     -0.93     37.25     836769
-22.73     -0.93     37.25     837784
-22.92     -0.93     37.25     838798
-22.92     -0.93     37.25     839813
-22.92     -0.93     37.25     840827
-22.92     -0.93     37.25     841841
-22.92     -0.93     37.25     842856
-22.92     -0.93     37.25     843870
-22.92     -1.05     37.25     844884
-22.92     -1.05     37.25     845898
-22.92     -0.93     37.25     846913
-22.92     -0.93     37.25     847927
-22.92     -1.05     37.25     848942
-22.92     -1.05     37.25     849955
-22.92     -1.05     37.25     850970
-22.92     -1.05     37.25     851985
-22.92     -1.05     37.25     852999
-22.92     -1.05     37.12     854013
-22.92     -1.05     37.25     855027
-22.92     -1.05     37.25     856042
-22.92     -1.05     37.25     857056
-22.92     -1.05     37.25     858071
-22.92     -1.05     37.25     859084
-22.92     -1.05     37.12     860099
-22.92     -0.93     37.25     861113
-22.92     -1.05     37.25     862128
-22.92     -1.05     37.25     863141
-22.92     -1.05     37.25     864156
-22.92     -1.05     37.25     865171
-22.92     -1.05     37.25     866185
-22.92     -1.05     37.25     867200
-22.92     -1.05     37.25     868213
-22.92     -1.05     37.25     869228
-22.92     -1.05     37.25     870242
-22.92     -1.05     37.25     871257
-22.92     -1.05     37.25     872270
-22.92     -1.17     37.25     873285
-22.92     -1.05     37.25     874299
-22.92     -1.05     37.25     875314
-22.92     -1.05     37.25     876327
-22.92     -1.05     37.25     877342
-23.11     -1.05     37.25     878356
-22.92     -1.05     37.25     879371
-23.11     -1.17     37.25     880386
-23.11     -1.17     37.25     881399
-23.11     -1.17     37.25     882414
-23.11     -1.17     37.25     883428
-23.11     -1.17     37.25     884443
-23.11     -1.17     37.25     885456
-23.11     -1.17     37.25     886471
-23.11     -1.17     37.25     887486
-23.11     -1.17     37.25     888500
-23.11     -1.17     37.25     889515
-23.11     -1.17     37.25     890528
-23.11     -1.17     37.25     891543
-23.11     -1.17     37.25     892557
-23.11     -1.17     37.25     893572
-23.11     -1.17     37.25     894586
-23.11     -1.17     37.25     895600
-23.11     -1.17     37.25     896615
-23.11     -1.17     37.25     897629
-23.11     -1.17     37.25     898643
-23.11     -1.17     37.25     899657
-23.11     -1.17     37.25     900672
-23.11     -1.17     37.25     901687
-23.11     -1.17     37.25     902701
-23.11     -1.17     37.25     903715
-23.11     -1.17     37.25     904729
-23.11     -1.17     37.25     905744
-23.11     -1.17     37.25     906758
-23.11     -1.17     37.25     907772
-23.11     -1.17     37.25     908787
-23.11     -1.17     37.25     909801
-23.11     -1.17     37.25     910816
-23.29     -1.17     37.25     911830
-23.11     -1.17     37.25     912844
-23.11     -1.17     37.25     913858
-23.11     -1.17     37.25     914873
-23.11     -1.17     37.25     915888
-23.11     -1.29     37.25     916901
-23.11     -1.17     37.25     917916
-23.11     -1.17     37.25     918930
-23.11     -1.29     37.25     919945
-23.11     -1.29     37.25     920958
-23.11     -1.29     37.25     921973
-23.11     -1.17     37.25     922988
-23.29     -1.29     37.25     924002
-23.11     -1.29     37.25     925017
-23.11     -1.29     37.25     926030
-23.29     -1.29     37.25     927045
-23.29     -1.29     37.25     928060
-23.29     -1.29     37.25     929074
-23.29     -1.29     37.25     930088
-23.29     -1.29     37.25     931103
-23.11     -1.29     37.25     932117
-23.29     -1.29     37.25     933132
-23.29     -1.29     37.25     934146
-23.29     -1.29     37.25     935160
-23.29     -1.29     37.25     936175
-23.29     -1.29     37.25     937189
-23.29     -1.29     37.25     938204
-23.29     -1.29     37.25     939218
-23.29     -1.29     37.25     940232
-23.29     -1.29     37.25     941247
-23.29     -1.29     37.25     942262
-23.29     -1.29     37.25     943276
-23.29     -1.29     37.25     944290
-23.29     -1.29     37.25     945305
-23.29     -1.29     37.25     946319
-23.29     -1.29     37.25     947334
-23.29     -1.29     37.25     948347
-23.29     -1.29     37.25     949362
-23.29     -1.29     37.12     950377
-23.29     -1.29     37.25     951391
-23.29     -1.29     37.25     952406
-23.29     -1.29     37.25     953420
-23.29     -1.41     37.25     954434
-23.29     -1.29     37.25     955449
-23.29     -1.41     37.25     956464
-23.29     -1.41     37.25     957477
-23.29     -1.41     37.25     958492
-23.29     -1.41     37.25     959507
-23.29     -1.41     37.25     960521
-23.29     -1.41     37.25     961536
-23.29     -1.41     37.25     962549
-23.29     -1.41     37.25     963564
-23.29     -1.41     37.25     964579
-23.29     -1.41     37.25     965593
-23.29     -1.41     37.25     966607
-23.29     -1.41     37.25     967622
-23.29     -1.41     37.25     968636
-23.29     -1.41     36.99     969651
-23.48     -1.41     37.25     970665
-23.29     -1.41     37.25     971679
-23.29     -1.41     37.25     972694
-23.29     -1.41     37.25     973709
-23.48     -1.41     37.25     974723
-23.48     -1.41     37.25     975737
-23.48     -1.41     37.25     976751
-23.48     -1.41     37.25     977766
-23.48     -1.41     37.25     978781
-23.48     -1.41     37.25     979794
-23.48     -1.41     37.25     980809
-23.48     -1.41     37.25     981824
-23.48     -1.41     37.25     982838
-23.48     -1.41     37.25     983853
-23.48     -1.41     37.25     984867
-23.48     -1.41     37.25     985881
-23.48     -1.41     37.25     986896
-23.48     -1.41     37.25     987911
-23.48     -1.41     37.25     988924
-23.48     -1.41     37.25     989939
-23.48     -1.41     37.25     990953
-23.48     -1.41     37.25     991968
-23.48     -1.41     37.25     992983
-23.48     -1.41     37.25     993996
-23.48     -1.41     37.25     995011
-23.48     -1.41     37.25     996026
-23.48     -1.41     37.12     997040
-23.48     -1.41     37.25     998054
-23.48     -1.41     37.25     999069
-23.48     -1.53     37.25     1000083
-23.48     -1.53     37.25     1001098
-23.48     -1.41     37.25     1002113
-23.48     -1.53     37.12     1003126
-23.48     -1.53     37.12     1004141
-23.48     -1.53     37.25     1005156
-23.48     -1.53     37.25     1006170
-23.48     -1.53     37.25     1007184
-23.48     -1.41     37.25     1008199
-23.48     -1.53     37.25     1009213
-23.48     -1.53     37.25     1010228
-23.48     -1.53     37.12     1011243
-23.48     -1.53     37.25     1012256
-23.48     -1.53     37.25     1013271
-23.48     -1.53     37.25     1014286
-23.67     -1.53     37.25     1015301
-23.48     -1.53     37.25     1016314
-23.48     -1.53     37.25     1017329
-23.67     -1.53     37.25     1018344
-23.67     -1.53     37.25     1019358
-23.67     -1.53     37.12     1020372
-23.67     -1.53     37.25     1021387
-23.67     -1.53     37.25     1022401
-23.67     -1.53     37.25     1023416
-23.67     -1.53     37.25     1024431
-23.67     -1.53     37.25     1025444
-23.67     -1.53     37.25     1026459
-23.67     -1.53     37.25     1027474
-23.67     -1.53     37.25     1028488
-23.67     -1.53     37.25     1029502
-23.67     -1.53     37.25     1030517
-23.67     -1.53     37.12     1031532
-23.67     -1.53     37.25     1032546
-23.67     -1.53     37.25     1033561
-23.67     -1.53     37.25     1034575
-23.67     -1.53     37.25     1035589
-23.67     -1.53     37.25     1036604
-23.67     -1.53     37.25     1037619
-23.67     -1.53     37.25     1038632
-23.67     -1.53     37.25     1039647
-23.67     -1.53     37.25     1040662
-23.67     -1.53     37.25     1041676
-23.86     -1.65     37.25     1042691
-23.67     -1.65     37.25     1043705
-23.67     -1.65     37.25     1044719
-23.67     -1.65     37.25     1045734
-23.67     -1.65     37.25     1046749
-23.86     -1.65     37.25     1047763
-23.67     -1.65     37.25     1048777
-23.67     -1.65     37.25     1049792
-23.67     -1.65     37.25     1050807
-23.67     -1.65     37.25     1051821
-23.67     -1.65     37.25     1052835
-23.67     -1.53     37.25     1053850
-23.67     -1.65     37.25     1054864
-23.67     -1.65     37.25     1055879
-23.86     -1.65     37.25     1056893
-23.67     -1.65     37.25     1057907
-23.86     -1.65     37.25     1058922
-23.86     -1.65     37.25     1059937
-23.67     -1.65     37.25     1060951
-23.86     -1.53     37.25     1061965
-23.86     -1.65     37.25     1062980
-23.86     -1.65     37.25     1063995
-23.86     -1.65     37.25     1065009
-23.86     -1.65     37.25     1066023
-23.86     -1.65     37.38     1067038
-23.86     -1.65     37.25     1068052
-23.86     -1.65     37.25     1069067
-23.86     -1.65     37.25     1070082
-23.86     -1.65     37.25     1071095
-23.86     -1.65     37.25     1072110
-23.86     -1.65     37.25     1073125
-23.86     -1.65     37.25     1074139
-23.86     -1.65     37.25     1075153
-23.86     -1.65     37.25     1076168
-23.86     -1.65     37.25     1077183
-23.86     -1.65     37.25     1078197
-23.86     -1.65     37.25     1079212
-23.86     -1.65     37.25     1080226
-23.86     -1.65     37.12     1081240
-23.86     -1.65     37.25     1082255
-23.86     -1.65     37.25     1083270
-23.86     -1.65     37.25     1084283
-23.86     -1.65     37.25     1085298
-23.86     -1.65     37.12     1086313
-23.86     -1.65     37.12     1087327
-23.86     -1.65     37.25     1088342
-23.86     -1.65     37.25     1089356
-23.86     -1.65     37.25     1090370
-23.86     -1.65     37.25     1091385
-23.86     -1.65     37.25     1092400
-23.86     -1.65     37.25     1093413
-23.86     -1.65     37.25     1094428
-23.86     -1.77     37.25     1095443
-23.86     -1.65     37.25     1096458
-23.86     -1.77     37.25     1097472
-23.86     -1.77     37.25     1098486
-23.86     -1.77     37.25     1099501
-23.86     -1.77     37.25     1100515
-23.86     -1.77     37.25     1101530
-23.86     -1.77     37.25     1102544
-23.86     -1.77     37.25     1103558
-23.86     -1.77     37.25     1104573
-23.86     -1.77     37.25     1105588
-23.86     -1.77     37.25     1106601
-23.86     -1.77     37.38     1107616
-23.86     -1.77     37.25     1108631
-23.86     -1.77     37.25     1109645
-23.86     -1.77     37.12     1110660
-23.86     -1.77     37.25     1111674
-23.86     -1.77     37.12     1112688
-24.05     -1.77     37.25     1113703
-23.86     -1.77     37.25     1114718
-23.86     -1.77     37.25     1115732
-24.05     -1.77     37.25     1116746
-24.05     -1.77     37.25     1117761
-24.05     -1.77     37.12     1118776
-24.05     -1.77     37.25     1119790
-24.05     -1.77     37.25     1120804
-24.05     -1.77     37.25     1121819
-24.05     -1.77     37.25     1122833
-24.05     -1.77     37.25     1123848
-24.05     -1.77     37.25     1124862
-24.05     -1.77     37.12     1125876
-24.05     -1.77     37.25     1126891
-24.05     -1.77     37.25     1127906
-24.05     -1.77     37.25     1128920
-24.05     -1.77     37.25     1129934
-24.05     -1.77     37.25     1130949
-24.05     -1.77     37.12     1131963
-24.05     -1.77     37.12     1132978
-24.05     -1.77     37.25     1133992
-24.05     -1.77     37.25     1135006
-24.05     -1.77     37.25     1136021
-24.05     -1.77     37.25     1137036
-24.05     -1.77     37.25     1138050
-24.05     -1.77     37.25     1139064
-24.05     -1.77     37.25     1140079
-24.05     -1.77     37.25     1141093
-24.05     -1.77     37.12     1142108
-24.05     -1.77     37.25     1143122
-24.05     -1.77     37.25     1144136
-24.05     -1.89     37.25     1145151
-24.05     -1.77     37.25     1146166
-24.05     -1.77     37.25     1147180
-24.05     -1.77     37.25     1148194
-24.05     -1.89     37.25     1149209
-24.05     -1.77     37.25     1150223
-24.05     -1.77     37.25     1151238
-24.05     -1.77     37.12     1152252
-24.05     -1.77     37.25     1153266
-24.05     -1.77     37.25     1154281
-24.05     -1.77     37.38     1155296
-24.05     -1.77     37.25     1156310
-24.05     -1.77     37.25     1157324
-24.05     -1.77     37.25     1158339
-24.05     -1.77     37.25     1159353
-24.05     -1.77     37.25     1160368
-24.05     -1.77     37.25     1161382
-24.05     -1.89     37.25     1162396
-24.05     -1.77     37.25     1163411
-24.05     -1.77     37.25     1164426
-24.05     -1.89     37.25     1165440
-24.05     -1.89     37.25     1166454
-24.05     -1.89     37.25     1167469
-24.05     -1.89     37.25     1168483
-24.05     -1.89     37.25     1169498
-24.05     -1.89     37.25     1170512
-24.05     -1.89     37.25     1171526
-24.05     -1.89     37.25     1172541
-24.05     -1.89     37.25     1173556
-24.05     -1.89     37.25     1174569
-24.05     -1.89     37.25     1175584
-24.05     -1.89     37.25     1176599
-24.05     -1.89     37.25     1177613
-24.05     -1.89     37.25     1178628
-24.05     -1.89     37.25     1179642
-24.05     -1.89     37.25     1180656
-24.05     -1.89     37.25     1181671
-24.05     -1.89     37.25     1182686
-24.05     -1.89     37.25     1183699
-24.05     -1.89     37.25     1184714
-24.05     -1.89     37.25     1185729
-24.05     -1.89     37.25     1186743
-24.05     -1.89     37.25     1187758
-24.05     -1.89     37.25     1188772
-24.05     -1.89     37.25     1189786
-24.25     -1.89     37.25     1190801
-24.25     -1.89     37.25     1191816
-24.25     -1.89     37.25     1192829
-24.25     -1.89     37.25     1193844
-24.25     -1.89     37.25     1194859
-24.05     -1.89     37.25     1195873
-24.25     -1.89     37.25     1196888
-24.25     -1.89     37.25     1197902
-24.25     -1.89     37.25     1198916
-24.25     -1.89     37.25     1199931
-24.25     -1.89     37.25     1200946
-24.25     -1.89     37.25     1201959
-24.25     -1.89     37.25     1202974
-24.25     -1.89     37.25     1203989
-24.25     -1.89     37.25     1205003
-24.25     -1.89     37.25     1206018
-24.25     -1.89     37.25     1207032
-24.25     -1.89     37.25     1208046
-24.25     -1.89     37.25     1209061
-24.25     -1.89     37.25     1210076
-24.25     -1.89     37.25     1211089
-24.25     -1.89     37.25     1212104
-24.25     -1.89     37.12     1213119
-24.25     -1.89     36.99     1214133
-24.25     -1.89     37.25     1215148
-24.25     -1.89     37.12     1216162
-24.25     -1.89     37.12     1217176
-24.25     -1.89     37.12     1218191
-24.25     -1.89     37.12     1219206
-24.25     -1.89     37.12     1220219
-24.25     -1.89     37.12     1221234
-24.25     -1.89     37.12     1222249
-24.25     -1.89     37.12     1223263
-24.25     -1.89     37.12     1224278
-24.25     -1.89     37.12     1225292
-24.25     -2.01     37.12     1226306
-24.25     -1.89     37.12     1227321
-24.25     -1.89     37.12     1228336
-24.25     -1.89     37.12     1229349
-24.25     -1.89     37.12     1230364
-24.25     -1.89     37.12     1231379
-24.25     -2.01     37.12     1232393
-24.25     -1.89     37.12     1233408
-24.25     -2.01     37.12     1234422
-24.25     -2.01     37.12     1235436
-24.25     -1.89     37.12     1236451
-24.25     -2.01     37.12     1237466
-24.25     -2.01     37.12     1238480
-24.25     -2.01     37.12     1239494
-24.25     -2.01     37.12     1240509
-24.25     -1.89     37.12     1241524
-24.25     -2.01     37.12     1242537
-24.25     -2.01     37.12     1243552
-24.25     -2.01     37.12     1244567
-24.25     -2.01     37.12     1245581
-24.25     -2.01     37.12     1246596
-24.44     -2.01     37.12     1247610
-24.25     -2.01     37.12     1248624
-24.25     -2.01     37.25     1249639
-24.25     -2.01     37.12     1250654
-24.25     -2.01     37.12     1251667
-24.25     -2.01     37.12     1252682
-24.25     -2.01     37.12     1253697
-24.25     -2.01     37.12     1254711
-24.25     -2.01     37.25     1255726
-24.25     -2.01     37.25     1256740
-24.25     -2.01     37.25     1257755
-24.25     -2.01     37.25     1258769
-24.25     -2.01     37.25     1259784
-24.25     -1.89     37.25     1260798
-24.25     -2.01     37.25     1261812
-24.25     -2.01     37.25     1262827
-24.25     -2.01     37.25     1263842
-24.25     -2.01     37.25     1264856
-24.25     -2.01     37.25     1265870
-24.25     -2.01     37.25     1266885
-24.44     -2.01     37.25     1267899
-24.25     -2.01     37.25     1268914
-24.44     -2.01     37.25     1269928
-24.25     -2.01     37.25     1270943
-24.25     -2.01     37.25     1271957
-24.44     -2.01     37.25     1272972
-24.44     -2.01     37.25     1273987
-24.25     -2.01     37.25     1275001
-24.44     -2.01     37.25     1276015
-24.44     -2.01     37.25     1277030
-24.44     -2.01     37.25     1278045
-24.44     -2.01     37.25     1279059
-24.44     -2.01     37.25     1280073
-24.44     -2.01     37.25     1281088
-24.44     -2.01     37.25     1282103
-24.44     -2.01     37.25     1283118
-24.44     -2.01     37.25     1284131
-24.44     -2.01     37.25     1285146
-24.44     -2.01     37.25     1286161
-24.44     -2.01     37.25     1287176
-24.44     -2.01     37.25     1288189
-24.44     -2.01     37.25     1289204
-24.44     -2.01     37.25     1290219
-24.44     -2.01     37.25     1291234
-24.44     -2.01     37.25     1292248
-24.44     -2.01     37.25     1293262
-24.44     -2.01     37.25     1294277
-24.44     -2.01     37.25     1295292
-24.44     -2.01     37.25     1296306
-24.44     -2.01     37.25     1297320
-24.44     -2.01     37.25     1298335
-24.44     -2.01     37.25     1299350
-24.44     -2.01     37.25     1300364
-24.44     -2.01     37.25     1301379
-24.44     -2.01     37.25     1302393
-24.44     -2.01     37.25     1303408
-24.44     -2.01     37.25     1304422
-24.44     -2.01     37.25     1305437
-24.44     -2.01     37.25     1306451
-24.44     -2.01     37.25     1307466
-24.44     -2.01     37.25     1308480
-24.44     -2.01     37.12     1309495
-24.44     -2.01     37.25     1310510
-24.44     -2.01     37.25     1311524
-24.44     -2.01     37.25     1312538
-24.44     -2.01     37.25     1313553
-24.44     -2.01     37.25     1314568
-24.44     -2.01     37.25     1315582
-24.44     -2.01     37.25     1316596
-24.44     -2.01     37.25     1317611
-24.44     -2.01     37.25     1318626
-24.44     -2.01     37.25     1319641
-24.44     -2.01     37.25     1320654
-24.44     -2.01     37.25     1321669
-24.44     -2.01     37.25     1322684
-24.44     -2.01     37.25     1323699
-24.44     -2.01     37.25     1324712
-24.44     -2.01     37.12     1325727
-24.44     -2.01     37.25     1326742
-24.44     -2.01     37.25     1327757
-24.44     -2.13     37.25     1328771
-24.44     -2.01     37.25     1329785
-24.44     -2.01     37.25     1330800
-24.44     -2.01     37.25     1331815
-24.44     -2.01     37.38     1332829
-24.44     -2.01     37.25     1333843
-24.44     -2.01     37.25     1334858
-24.44     -2.01     37.25     1335873
-24.44     -2.01     37.25     1336887
-24.44     -2.13     37.25     1337902
-24.44     -2.13     37.25     1338916
-24.44     -2.01     37.25     1339931
-24.44     -2.13     37.25     1340945
-24.44     -2.13     37.25     1341960
-24.44     -2.13     37.25     1342974
-24.44     -2.13     37.25     1343989
-24.44     -2.13     37.25     1345003
-24.44     -2.01     37.25     1346018
-24.44     -2.13     37.25     1347033
-24.44     -2.13     37.38     1348047
-24.44     -2.13     37.25     1349061
-24.44     -2.13     37.38     1350076
-24.44     -2.13     37.38     1351091
-24.44     -2.13     37.50     1352105
-24.44     -2.13     37.38     1353119
-24.44     -2.13     37.38     1354134
-24.44     -2.13     37.50     1355149
-24.44     -2.13     37.38     1356164
-24.44     -2.13     37.38     1357177
-24.44     -2.13     37.38     1358192
-24.44     -2.13     37.38     1359207
-24.44     -2.13     37.25     1360221
-24.44     -2.13     37.38     1361235
-24.64     -2.13     37.38     1362250
-24.44     -2.13     37.38     1363265
-24.64     -2.13     37.38     1364280
-24.64     -2.13     37.38     1365294
-24.64     -2.13     37.38     1366308
-24.44     -2.13     37.38     1367323
-24.64     -2.13     37.38     1368338
-24.64     -2.13     37.38     1369352
-24.64     -2.13     37.38     1370366
-24.64     -2.13     37.38     1371381
-24.44     -2.13     37.38     1372396
-24.64     -2.13     37.38     1373410
-24.64     -2.13     37.38     1374425
-24.64     -2.13     37.38     1375439
-24.64     -2.13     37.38     1376453
-24.64     -2.13     37.38     1377468
-24.64     -2.13     37.38     1378483
-24.64     -2.13     37.25     1379497
-24.64     -2.13     37.38     1380511
-24.64     -2.13     37.38     1381526
-24.64     -2.13     37.38     1382541
-24.64     -2.13     37.38     1383556
-24.64     -2.13     37.38     1384569
-24.64     -2.13     37.38     1385584
-24.64     -2.13     37.38     1386599
-24.64     -2.13     37.38     1387614
-24.64     -2.13     37.38     1388627
-24.64     -2.13     37.38     1389642
-24.64     -2.13     37.38     1390657
-24.64     -2.13     37.38     1391672
-24.64     -2.13     37.38     1392686
-24.64     -2.13     37.38     1393700
-24.64     -2.13     37.38     1394715
-24.64     -2.13     37.38     1395730
-24.64     -2.13     37.38     1396744
-24.64     -2.13     37.38     1397758
-24.64     -2.13     37.38     1398773
-24.64     -2.13     37.38     1399788
-24.64     -2.13     37.38     1400802
-24.64     -2.13     37.38     1401817
-24.64     -2.13     37.38     1402831
-24.64     -2.13     37.38     1403846
-24.64     -2.13     37.38     1404860
-24.64     -2.13     37.38     1405875
-24.64     -2.13     37.38     1406889
-24.64     -2.13     37.38     1407904
-24.64     -2.13     37.38     1408918
-24.64     -2.13     37.38     1409933
-24.64     -2.13     37.38     1410948
-24.64     -2.01     37.38     1411962
-24.64     -2.13     37.38     1412976
-24.64     -2.13     37.38     1413991
-24.64     -2.13     37.38     1415006
-24.64     -2.13     37.38     1416020
-24.64     -2.13     37.25     1417034
-24.64     -2.13     37.38     1418049
-24.64     -2.13     37.38     1419064
-24.64     -2.13     37.38     1420078
-24.64     -2.13     37.38     1421092
-24.64     -2.13     37.38     1422107
-24.64     -2.13     37.38     1423122
-24.64     -2.13     37.38     1424136
-24.64     -2.13     37.38     1425150
-24.64     -2.13     37.38     1426165
-24.64     -2.13     37.38     1427180
-24.64     -2.13     37.38     1428194
-24.64     -2.13     37.38     1429209
-24.64     -2.13     37.38     1430223
-24.64     -2.13     37.38     1431238
-24.64     -2.13     37.38     1432252
-24.64     -2.13     37.38     1433267
-24.64     -2.13     37.38     1434281
-24.64     -2.01     37.38     1435296
-24.64     -2.13     37.38     1436310
-24.64     -2.13     37.38     1437325
-24.64     -2.13     37.38     1438340
-24.64     -2.13     37.38     1439354
-24.64     -2.25     37.38     1440368
-24.64     -2.13     37.38     1441383
-24.64     -2.13     37.38     1442398
-24.64     -2.13     37.38     1443412
-24.64     -2.13     37.38     1444426
-24.64     -2.13     37.38     1445441
-24.64     -2.13     37.38     1446456
-24.64     -2.13     37.38     1447471
-24.64     -2.13     37.38     1448484
-24.64     -2.13     37.38     1449499
-24.64     -2.13     37.38     1450514
-24.64     -2.13     37.38     1451528
-24.64     -2.13     37.38     1452542
-24.64     -2.13     37.38     1453557
-24.64     -2.13     37.38     1454572
-24.64     -2.13     37.38     1455586
-24.64     -2.13     37.38     1456601
-24.64     -2.13     37.38     1457615
-24.64     -2.13     37.38     1458630
-24.64     -2.13     37.38     1459644
-24.64     -2.13     37.38     1460659
-24.64     -2.13     37.38     1461673
-24.64     -2.13     37.38     1462688
-24.64     -2.13     37.38     1463702
-24.64     -2.13     37.38     1464717
-24.64     -2.13     37.38     1465732
-24.64     -2.13     37.50     1466746
-24.64     -2.13     37.38     1467760
-24.64     -2.13     37.38     1468775
-24.64     -2.13     37.50     1469790
-24.64     -2.13     37.38     1470804
-24.64     -2.13     37.38     1471818
-24.64     -2.13     37.50     1472833
-24.64     -2.13     37.38     1473848
-24.64     -2.25     37.38     1474863
-24.64     -2.13     37.38     1475876
-24.64     -2.13     37.38     1476891
-24.64     -2.13     37.38     1477906
-24.64     -2.13     37.38     1478920
-24.64     -2.13     37.38     1479934
-24.64     -2.13     37.38     1480949
-24.64     -2.13     37.38     1481964
-24.64     -2.13     37.38     1482978
-24.64     -2.13     37.38     1483993
-24.64     -2.13     37.38     1485007
-24.83     -2.13     37.38     1486022
-24.64     -2.13     37.38     1487036
-24.64     -2.13     37.38     1488051
-24.64     -2.13     37.38     1489065
-24.83     -2.13     37.38     1490079
-24.83     -2.13     37.38     1491094
-24.83     -2.13     37.25     1492109
-24.83     -2.13     37.38     1493124
-24.83     -2.13     37.38     1494137
-24.83     -2.13     37.63     1495152
-24.83     -2.13     37.38     1496167
-24.83     -2.13     37.38     1497181
-24.83     -2.25     37.38     1498195
-24.64     -2.13     37.38     1499210
-24.83     -2.13     37.38     1500224
-24.83     -2.13     37.38     1501239
-24.83     -2.13     37.50     1502254
-24.83     -2.13     37.38     1503267
-24.83     -2.13     37.38     1504282
-24.83     -2.13     37.38     1505297
-24.83     -2.13     37.38     1506311
-24.83     -2.13     37.38     1507325
-24.83     -2.13     37.38     1508340
-24.83     -2.13     37.38     1509354
-24.83     -2.13     37.38     1510369
-24.83     -2.13     37.38     1511384
-24.83     -2.13     37.38     1512397
-24.83     -2.13     37.38     1513412
-24.83     -2.13     37.38     1514427
-24.83     -2.13     37.38     1515441
-24.83     -2.13     37.38     1516455
-24.83     -2.13     37.38     1517470
-24.83     -2.13     37.38     1518484
-24.83     -2.13     37.38     1519499
-24.83     -2.13     37.38     1520514
-24.83     -2.13     37.38     1521527
-24.83     -2.13     37.38     1522542
-24.83     -2.13     37.38     1523557
-24.83     -2.13     37.38     1524571
-24.83     -2.13     37.38     1525585
-24.83     -2.13     37.38     1526600
-24.83     -2.13     37.38     1527614
-24.83     -2.13     37.38     1528629
-24.83     -2.13     37.38     1529644
-24.83     -2.13     37.38     1530657
-24.83     -2.13     37.38     1531672
-24.83     -2.13     37.38     1532687
-24.83     -2.25     37.38     1533701
-24.83     -2.13     37.38     1534715
-24.83     -2.13     37.38     1535730
-24.83     -2.25     37.38     1536744
-24.83     -2.13     37.38     1537759
-24.83     -2.13     37.38     1538774
-24.83     -2.13     37.38     1539787
-24.83     -2.13     37.38     1540802
-24.83     -2.13     37.38     1541817
-24.83     -2.13     37.38     1542831
-24.83     -2.13     37.38     1543845
-24.83     -2.25     37.50     1544860
-24.83     -2.13     37.38     1545874
-24.83     -2.25     37.38     1546889
-24.83     -2.13     37.38     1547904
-24.83     -2.25     37.38     1548917
-24.83     -2.25     37.38     1549932
-24.83     -2.25     37.38     1550947
-24.83     -2.25     37.63     1551961
-24.83     -2.25     37.38     1552975
-24.83     -2.25     37.38     1553990
-24.83     -2.25     37.38     1555004
-24.83     -2.13     37.38     1556019
-24.83     -2.25     37.38     1557033
-24.83     -2.25     37.38     1558047
-24.83     -2.25     37.38     1559062
-24.83     -2.25     37.38     1560077
-24.83     -2.25     37.38     1561091
-24.83     -2.25     37.38     1562105
-24.83     -2.25     37.38     1563120
-24.83     -2.25     37.38     1564134
-24.83     -2.25     37.38     1565149
-24.83     -2.25     37.38     1566163
-24.83     -2.25     37.38     1567177
-24.83     -2.25     37.38     1568192
-24.83     -2.25     37.38     1569207
-24.83     -2.25     37.38     1570221
-24.83     -2.25     37.38     1571235
-24.83     -2.25     37.38     1572250
-24.83     -2.25     37.38     1573264
-24.83     -2.25     37.38     1574279
-24.83     -2.25     37.38     1575293
-24.83     -2.25     37.38     1576307
-24.83     -2.25     37.38     1577322
-24.83     -2.13     37.38     1578337
-24.83     -2.25     37.38     1579351
-24.83     -2.25     37.38     1580365
-24.83     -2.25     37.38     1581380
-24.83     -2.25     37.38     1582394
-24.83     -2.25     37.38     1583409
-24.83     -2.25     37.38     1584423
-24.83     -2.25     37.63     1585437
-24.83     -2.25     37.38     1586452
-24.83     -2.25     37.38     1587467
-24.83     -2.25     37.38     1588481
-24.83     -2.25     37.38     1589495
-24.83     -2.25     37.63     1590510
-24.83     -2.25     37.38     1591524
-24.83     -2.25     37.38     1592539
-24.83     -2.25     37.38     1593553
-24.83     -2.25     37.38     1594567
-24.83     -2.25     37.38     1595582
-24.83     -2.25     37.38     1596597
-24.83     -2.25     37.38     1597611
-24.83     -2.25     37.38     1598625
-24.83     -2.25     37.38     1599640
-24.83     -2.25     37.38     1600654
-24.83     -2.25     37.38     1601669
-24.83     -2.25     37.50     1602683
-24.83     -2.25     37.38     1603697
-24.83     -2.25     37.38     1604712
-24.83     -2.25     37.38     1605727
-24.83     -2.25     37.38     1606740
-24.83     -2.25     37.38     1607755
-24.83     -2.13     37.38     1608770
-24.83     -2.25     37.38     1609784
-24.83     -2.25     37.38     1610799
-24.83     -2.25     37.38     1611813
-24.83     -2.25     37.38     1612827
-24.83     -2.25     37.38     1613842
-24.83     -2.25     37.38     1614856
-24.83     -2.25     37.38     1615870
-24.83     -2.25     37.38     1616885
-24.83     -2.25     37.50     1617899
-24.83     -2.25     37.38     1618914
-24.83     -2.25     37.38     1619929
-24.83     -2.25     37.50     1620942
-24.83     -2.25     37.50     1621957
-24.83     -2.25     37.38     1622972
-24.83     -2.25     37.38     1623986
-24.83     -2.25     37.38     1625000
-24.83     -2.25     37.38     1626015
-24.83     -2.25     37.50     1627029
-24.83     -2.25     37.50     1628044
-24.83     -2.25     37.50     1629058
-24.83     -2.25     37.38     1630072
-24.83     -2.25     37.50     1631087
-24.83     -2.25     37.50     1632101
-25.03     -2.25     37.50     1633116
-24.83     -2.25     37.50     1634130
-24.83     -2.25     37.25     1635144
-24.83     -2.25     37.38     1636159
-24.83     -2.25     37.50     1637174
-24.83     -2.25     37.50     1638188
-24.83     -2.25     37.50     1639202
-24.83     -2.25     37.50     1640216
-24.83     -2.25     37.63     1641231
-24.83     -2.25     37.50     1642246
-25.03     -2.25     37.50     1643259
-24.83     -2.25     37.50     1644274
-25.03     -2.25     37.50     1645288
-24.83     -2.25     37.50     1646303
-25.03     -2.25     37.50     1647318
-25.03     -2.25     37.38     1648331
-25.03     -2.25     37.38     1649346
-25.03     -2.25     37.50     1650360
-25.03     -2.25     37.50     1651375
-25.03     -2.25     37.50     1652388
-25.03     -2.25     37.63     1653403
-25.03     -2.25     37.50     1654417
-25.03     -2.25     37.50     1655432
-25.03     -2.25     37.50     1656446
-25.03     -2.25     37.50     1657460
-25.03     -2.25     37.50     1658475
-25.03     -2.25     37.50     1659489
-25.03     -2.25     37.50     1660504
-25.03     -2.25     37.38     1661517
-25.03     -2.25     37.38     1662532
-25.03     -2.25     37.38     1663546
-25.03     -2.25     37.38     1664561
-25.03     -2.25     37.38     1665575
-25.03     -2.25     37.38     1666589
-25.03     -2.25     37.38     1667604
-25.03     -2.25     37.38     1668618
-25.03     -2.25     37.38     1669633
-25.03     -2.25     37.38     1670646
-25.03     -2.25     37.38     1671661
-25.03     -2.25     37.38     1672676
-25.03     -2.25     37.38     1673690
-25.03     -2.25     37.38     1674704
-25.03     -2.25     37.38     1675718
-25.03     -2.25     37.38     1676733
-25.03     -2.25     37.38     1677747
-25.03     -2.25     37.50     1678761
-25.03     -2.25     37.38     1679776
-25.03     -2.25     37.38     1680790
-25.03     -2.25     37.38     1681805
-25.03     -2.25     37.38     1682819
-25.03     -2.25     37.38     1683833
-25.03     -2.25     37.38     1684848
-25.03     -2.25     37.38     1685862
-25.03     -2.25     37.38     1686877
-25.03     -2.25     37.38     1687890
-25.03     -2.25     37.25     1688905
-25.03     -2.25     37.38     1689919
-25.03     -2.25     37.38     1690934
-25.03     -2.25     37.38     1691949
-25.03     -2.25     37.38     1692962
-25.03     -2.25     37.38     1693977
-25.03     -2.25     37.38     1694991
-25.03     -2.25     37.38     1696006
-25.03     -2.25     37.38     1697019
-25.03     -2.25     37.38     1698034
-25.03     -2.25     37.38     1699049
-25.03     -2.25     37.38     1700063
-25.03     -2.25     37.38     1701078
-25.03     -2.25     37.38     1702091
-25.03     -2.25     37.38     1703106
-25.03     -2.25     37.38     1704121
-25.03     -2.25     37.38     1705135
-25.03     -2.25     37.38     1706149
-25.03     -2.25     37.38     1707163
-25.03     -2.25     37.38     1708178
-25.03     -2.25     37.38     1709192
-25.03     -2.25     37.38     1710206
-25.03     -2.25     37.38     1711221
-25.03     -2.25     37.38     1712235
-25.03     -2.25     37.38     1713250
-25.03     -2.25     37.38     1714264
-25.03     -2.25     37.38     1715278
-25.03     -2.25     37.12     1716292
-25.03     -2.25     37.38     1717307
-25.03     -2.25     37.38     1718322
-25.03     -2.25     37.38     1719335
-25.03     -2.37     37.38     1720350
-25.03     -2.25     37.38     1721364
-25.03     -2.25     37.38     1722379
-25.03     -2.25     37.50     1723394
-25.03     -2.25     37.38     1724407
-25.03     -2.25     37.38     1725422
-25.03     -2.25     37.38     1726436
-25.03     -2.25     37.38     1727451
-25.03     -2.25     37.38     1728464
-25.03     -2.25     37.38     1729479
-25.03     -2.25     37.38     1730494
-25.03     -2.25     37.38     1731508
-25.03     -2.25     37.38     1732523
-25.03     -2.25     37.38     1733536
-25.03     -2.25     37.38     1734551
-25.03     -2.25     37.38     1735566
-25.03     -2.25     37.38     1736580
-25.03     -2.25     37.38     1737594
-25.03     -2.25     37.50     1738608
-25.03     -2.25     37.38     1739623
-25.03     -2.25     37.38     1740637
-25.03     -2.25     37.38     1741651
-25.03     -2.25     37.38     1742666
-25.03     -2.25     37.38     1743680
-25.03     -2.25     37.38     1744695
-25.03     -2.25     37.38     1745709
-25.03     -2.25     37.38     1746723
-25.03     -2.25     37.38     1747737
-25.03     -2.25     37.38     1748752
-25.03     -2.25     37.38     1749767
-25.03     -2.25     37.38     1750780
-25.03     -2.37     37.38     1751795
-25.03     -2.25     37.38     1752809
-25.03     -2.37     37.38     1753824
-25.03     -2.25     37.38     1754839
-25.03     -2.25     37.38     1755852
-25.03     -2.25     37.38     1756867
-25.03     -2.25     37.38     1757881
-25.03     -2.25     37.38     1758896
-25.03     -2.25     37.38     1759909
-25.03     -2.25     37.38     1760924
-25.03     -2.25     37.38     1761939
-25.03     -2.25     37.38     1762953
-25.03     -2.25     37.38     1763968
-25.03     -2.25     37.38     1764981
-25.03     -2.25     37.38     1765996
-25.03     -2.25     37.38     1767011
-25.03     -2.25     37.38     1768025
-25.03     -2.25     37.38     1769039
-25.03     -2.25     37.38     1770053
-25.03     -2.37     37.38     1771068
-25.03     -2.25     37.38     1772082
-25.03     -2.25     37.38     1773096
-25.03     -2.25     37.38     1774111
-25.03     -2.25     37.25     1775125
-25.03     -2.37     37.38     1776140
-25.03     -2.25     37.50     1777154
-25.03     -2.25     37.50     1778168
-25.03     -2.37     37.38     1779183
-25.03     -2.25     37.38     1780197
-25.03     -2.25     37.38     1781212
-25.03     -2.25     37.38     1782225
-25.03     -2.25     37.38     1783240
-25.03     -2.25     37.50     1784254
-25.03     -2.25     37.50     1785269
-25.03     -2.25     37.50     1786284
-25.03     -2.37     37.50     1787297
-25.03     -2.37     37.50     1788312
-25.03     -2.37     37.50     1789326
-25.03     -2.25     37.50     1790341
-25.03     -2.25     37.50     1791354
-25.03     -2.37     37.38     1792369
-25.03     -2.37     37.38     1793384
-25.03     -2.25     37.50     1794398
-25.03     -2.37     37.50     1795412
-25.03     -2.37     37.50     1796426
-25.03     -2.37     37.50     1797441
-25.03     -2.37     37.38     1798455
-25.03     -2.37     37.38     1799470
-25.03     -2.37     37.38     1800484
-25.03     -2.37     37.50     1801498
-25.03     -2.37     37.50     1802513
-25.03     -2.37     37.50     1803527
-25.03     -2.37     37.50     1804541
-25.03     -2.37     37.50     1805555
-25.03     -2.37     37.38     1806570
-25.03     -2.37     37.38     1807585
-25.03     -2.25     37.50     1808599
-25.03     -2.37     37.38     1809613
-25.23     -2.37     37.38     1810627
-25.03     -2.37     37.38     1811642
-25.03     -2.37     37.25     1812657
-25.23     -2.37     37.38     1813670
-25.03     -2.37     37.38     1814685
-25.23     -2.37     37.38     1815699
-25.03     -2.37     37.38     1816714
-25.03     -2.37     37.63     1817729
-25.23     -2.37     37.38     1818742
-25.23     -2.37     37.38     1819757
-25.23     -2.37     37.38     1820771
-25.23     -2.37     37.38     1821786
-25.03     -2.37     37.38     1822800
-25.03     -2.37     37.38     1823814
-25.23     -2.37     37.38     1824829
-25.23     -2.37     37.38     1825843
-25.03     -2.37     37.38     1826857
-25.03     -2.37     37.38     1827872
-25.23     -2.37     37.38     1828886
-25.23     -2.25     37.38     1829901
-25.23     -2.37     37.38     1830915
-25.23     -2.37     37.38     1831929
-25.23     -2.37     37.38     1832944
-25.03     -2.25     37.38     1833958
-25.23     -2.37     37.38     1834973
-25.03     -2.37     37.38     1835986
-25.23     -2.37     37.38     1837001
-25.23     -2.37     37.38     1838016
-25.03     -2.37     37.38     1839030
-25.23     -2.37     37.38     1840045
-25.23     -2.37     37.38     1841058
-25.23     -2.37     37.63     1842073
-25.23     -2.37     37.38     1843088
-25.23     -2.37     37.38     1844102
-25.23     -2.37     37.38     1845116
-25.23     -2.25     37.38     1846130
-25.23     -2.37     37.38     1847145
-25.23     -2.37     37.38     1848160
-25.23     -2.37     37.38     1849174
-25.23     -2.37     37.38     1850188
-25.23     -2.37     37.38     1851202
-25.23     -2.37     37.50     1852217
-25.23     -2.37     37.50     1853232
-25.23     -2.37     37.38     1854245
-25.23     -2.37     37.38     1855260
-25.03     -2.37     37.38     1856274
-25.03     -2.25     37.38     1857289
-25.03     -2.37     37.38     1858304
-25.23     -2.37     37.38     1859317
-25.03     -2.37     37.38     1860332
-25.23     -2.37     37.38     1861346
-25.23     -2.37     37.38     1862361
-25.23     -2.37     37.38     1863375
-25.23     -2.37     37.38     1864389
-25.23     -2.25     37.38     1865404
-25.23     -2.37     37.38     1866418
-25.23     -2.37     37.38     1867432
-25.03     -2.37     37.38     1868447
-25.23     -2.37     37.38     1869461
-25.03     -2.37     37.38     1870476
-25.23     -2.37     37.38     1871490
-25.23     -2.25     37.38     1872504
-25.23     -2.37     37.38     1873519
-25.23     -2.37     37.38     1874533
-25.23     -2.37     37.38     1875548
-25.23     -2.37     37.38     1876561
-25.23     -2.37     37.38     1877576
-25.23     -2.37     37.38     1878591
-25.23     -2.37     37.50     1879605
-25.23     -2.37     37.38     1880620
-25.23     -2.37     37.38     1881633
-25.23     -2.37     37.38     1882648
-25.23     -2.37     37.38     1883663
-25.23     -2.37     37.38     1884677
-25.23     -2.37     37.50     1885691
-25.23     -2.37     37.50     1886705
-25.23     -2.37     37.38     1887720
-25.23     -2.37     37.38     1888735
-25.23     -2.37     37.38     1889748
-25.23     -2.37     37.38     1890763
-25.23     -2.37     37.38     1891777
-25.23     -2.37     37.38     1892792
-25.23     -2.37     37.38     1893807
-25.23     -2.37     37.38     1894820
-25.23     -2.37     37.38     1895835
-25.03     -2.37     37.38     1896849
-25.23     -2.37     37.38     1897864
-25.23     -2.37     37.38     1898878
-25.23     -2.37     37.38     1899892
-25.23     -2.37     37.38     1900907
-25.23     -2.37     37.38     1901921
-25.23     -2.37     37.38     1902936
-25.23     -2.37     37.38     1903950
-25.23     -2.37     37.38     1904964
-25.23     -2.37     37.38     1905979
-25.23     -2.37     37.38     1906993
-25.23     -2.37     37.38     1908007
-25.23     -2.37     37.38     1909022
-25.23     -2.37     37.38     1910036
-25.23     -2.37     37.38     1911051
-25.23     -2.37     37.38     1912065
-25.23     -2.37     37.38     1913079
-25.23     -2.37     37.38     1914094
-25.23     -2.37     37.38     1915108
-25.23     -2.37     37.38     1916123
-25.23     -2.37     37.38     1917136
-25.23     -2.37     37.38     1918151
-25.23     -2.37     37.38     1919166
-25.23     -2.37     37.38     1920180
-25.23     -2.37     37.38     1921195
-25.23     -2.37     37.38     1922208
-25.23     -2.37     37.38     1923223
-25.23     -2.37     37.38     1924238
-25.23     -2.37     37.38     1925252
-25.23     -2.37     37.38     1926266
-25.23     -2.37     37.38     1927280
-25.23     -2.37     37.38     1928295
-25.23     -2.37     37.38     1929310
-25.23     -2.37     37.38     1930323
-25.23     -2.37     37.38     1931338
-25.23     -2.37     37.38     1932352
-25.23     -2.37     37.38     1933367
-25.23     -2.37     37.38     1934382
-25.23     -2.37     37.38     1935395
-25.23     -2.37     37.38     1936410
-25.23     -2.37     37.38     1937424
-25.23     -2.37     37.38     1938439
-25.03     -2.37     37.38     1939453
-25.23     -2.37     37.38     1940467
-25.23     -2.37     37.38     1941482
-25.23     -2.37     37.38     1942496
-25.23     -2.37     37.38     1943511
-25.23     -2.37     37.38     1944525
-25.23     -2.37     37.38     1945539
-25.23     -2.37     37.38     1946554
-25.23     -2.37     37.38     1947568
-25.23     -2.25     37.38     1948582
-25.23     -2.37     37.38     1949597
-25.23     -2.37     37.38     1950611
-25.23     -2.37     37.38     1951626
-25.23     -2.37     37.38     1952640
-25.23     -2.37     37.38     1953654
-25.23     -2.37     37.38     1954669
-25.23     -2.37     37.38     1955683
-25.23     -2.37     37.38     1956698
-25.23     -2.37     37.38     1957711
-25.23     -2.37     37.38     1958726
-25.23     -2.37     37.38     1959741
-25.03     -2.37     37.38     1960755
-25.23     -2.37     37.38     1961769
-25.23     -2.37     37.38     1962783
-25.23     -2.37     37.38     1963798
-25.23     -2.37     37.38     1964813
-25.23     -2.37     37.38     1965827
-25.23     -2.37     37.38     1966841
-25.23     -2.37     37.38     1967855
-25.23     -2.37     37.38     1968870
-25.23     -2.37     37.38     1969885
-25.23     -2.37     37.38     1970898
-25.23     -2.37     37.38     1971913
-25.23     -2.37     37.38     1972927
-25.23     -2.37     37.38     1973942
-25.23     -2.37     37.38     1974957
-25.23     -2.37     37.38     1975970
-25.23     -2.37     37.38     1976985
-25.23     -2.37     37.38     1977999
-25.23     -2.37     37.38     1979014
-25.23     -2.37     37.38     1980028
-25.23     -2.37     37.38     1981042
-25.23     -2.37     37.38     1982057
-25.23     -2.37     37.38     1983071
-25.23     -2.37     37.50     1984086
-25.23     -2.37     37.38     1985100
-25.23     -2.37     37.38     1986114
-25.23     -2.37     37.38     1987129
-25.23     -2.37     37.38     1988143
-25.23     -2.37     37.38     1989157
-25.23     -2.37     37.38     1990172
-25.23     -2.37     37.38     1991186
-25.23     -2.37     37.38     1992201
-25.23     -2.37     37.38     1993214
-25.23     -2.37     37.38     1994229
-25.23     -2.37     37.38     1995244
-25.23     -2.49     37.38     1996258
-25.23     -2.37     37.38     1997273
-25.23     -2.49     37.38     1998286
-25.23     -2.37     37.38     1999301
-25.23     -2.37     37.38     2000316
-25.23     -2.37     37.38     2001330
-25.23     -2.37     37.38     2002344
-25.23     -2.37     37.38     2003358
-25.23     -2.37     37.38     2004373
-25.23     -2.37     37.38     2005388
-25.23     -2.37     37.25     2006402
-25.23     -2.37     37.38     2007416
-25.23     -2.37     37.38     2008430
-25.23     -2.37     37.38     2009445
-25.23     -2.37     37.38     2010460
-25.23     -2.37     37.38     2011473
-25.23     -2.37     37.38     2012488
-25.23     -2.37     37.38     2013502
-25.23     -2.37     37.38     2014517
-25.23     -2.37     37.38     2015532
-25.23     -2.37     37.38     2016545
-25.23     -2.37     37.38     2017560
-25.23     -2.37     37.38     2018574
-25.23     -2.37     37.38     2019589
-25.23     -2.37     37.38     2020603
-25.23     -2.37     37.38     2021617
-25.23     -2.37     37.38     2022632
-25.23     -2.37     37.38     2023646
-25.23     -2.37     37.38     2024660
-25.23     -2.37     37.38     2025675
-25.23     -2.37     37.38     2026689
-25.23     -2.37     37.38     2027704
-25.23     -2.37     37.38     2028718
-25.23     -2.37     37.38     2029732
-25.23     -2.37     37.38     2030746
-25.23     -2.37     37.38     2031761
-25.23     -2.37     37.38     2032776
-25.23     -2.37     37.38     2033789
-25.23     -2.37     37.38     2034804
-25.23     -2.37     37.38     2035818
-25.23     -2.37     37.38     2036833
-25.23     -2.37     37.38     2037848
-25.23     -2.37     37.38     2038861
-25.23     -2.37     37.38     2039876
-25.23     -2.37     37.38     2040891
-25.23     -2.37     37.38     2041905
-25.23     -2.37     37.38     2042919
-25.23     -2.37     37.38     2043933
-25.23     -2.37     37.38     2044948
-25.23     -2.37     37.38     2045963
-25.23     -2.37     37.38     2046977
-25.23     -2.37     37.50     2047991
-25.23     -2.37     37.38     2049005
-25.23     -2.37     37.38     2050020
-25.23     -2.37     37.38     2051034
-25.23     -2.37     37.38     2052048
-25.23     -2.37     37.38     2053063
-25.23     -2.37     37.38     2054077
-25.23     -2.37     37.25     2055092
-25.23     -2.37     37.38     2056105
-25.23     -2.37     37.38     2057120
-25.23     -2.37     37.38     2058135
-25.23     -2.37     37.38     2059149
-25.23     -2.37     37.38     2060164
-25.23     -2.37     37.38     2061177
-25.23     -2.49     37.38     2062192
-25.23     -2.37     37.38     2063207
-25.23     -2.37     37.38     2064221
-25.23     -2.37     37.38     2065235
-25.23     -2.37     37.38     2066249
-25.23     -2.49     37.38     2067264
-25.23     -2.37     37.38     2068279
-25.23     -2.37     37.38     2069293
-25.23     -2.37     37.38     2070307
-25.23     -2.37     37.25     2071321
-25.23     -2.37     37.38     2072336
-25.43     -2.37     37.38     2073351
-25.23     -2.37     37.38     2074364
-25.43     -2.37     37.38     2075379
-25.23     -2.37     37.38     2076394
-25.23     -2.49     37.38     2077408
-25.23     -2.49     37.50     2078423
-25.23     -2.37     37.38     2079436
-25.23     -2.49     37.38     2080451
-25.23     -2.49     37.38     2081466
-25.23     -2.49     37.38     2082480
-25.43     -2.49     37.38     2083494
-25.23     -2.49     37.38     2084508
-25.23     -2.49     37.38     2085523
-25.23     -2.49     37.38     2086538
-25.43     -2.49     37.38     2087552
-25.43     -2.49     37.50     2088566
-25.23     -2.37     37.38     2089581
-25.43     -2.37     37.50     2090595
-25.43     -2.37     37.50     2091610
-25.43     -2.49     37.38     2092623
-25.23     -2.49     37.50     2093638
-25.43     -2.49     37.50     2094653
-25.43     -2.37     37.50     2095668
-25.43     -2.37     37.50     2096681
-25.43     -2.49     37.38     2097696
-25.43     -2.49     37.50     2098711
-25.43     -2.37     37.50     2099725
-25.43     -2.37     37.50     2100740
-25.43     -2.49     37.50     2101754
-25.43     -2.49     37.38     2102768
-25.43     -2.37     37.50     2103783
-25.23     -2.37     37.50     2104798
-25.23     -2.49     37.50     2105811
-25.43     -2.49     37.50     2106826
-25.43     -2.49     37.50     2107841
-25.43     -2.49     37.50     2108855
-25.43     -2.37     37.50     2109870
-25.43     -2.49     37.50     2110884
-25.43     -2.49     37.50     2111899
-25.43     -2.49     37.50     2112913
-25.43     -2.37     37.50     2113928
-25.43     -2.37     37.50     2114942
-25.43     -2.49     37.50     2115956
-25.43     -2.49     37.50     2116971
-25.43     -2.49     37.50     2117986
-25.43     -2.37     37.50     2119001
-25.43     -2.49     37.50     2120014
-25.43     -2.49     37.50     2121029
-25.43     -2.49     37.63     2122044
-25.43     -2.49     37.50     2123058
-25.43     -2.49     37.50     2124072
-25.43     -2.49     37.50     2125087
-25.43     -2.49     37.50     2126101
-25.43     -2.37     37.50     2127116
-25.43     -2.37     37.50     2128131
-25.43     -2.49     37.50     2129144
-25.43     -2.49     37.50     2130159
-25.43     -2.37     37.50     2131174
-25.43     -2.49     37.50     2132189
-25.43     -2.37     37.50     2133202
-25.43     -2.49     37.50     2134217
-25.43     -2.49     37.50     2135232
-25.43     -2.49     37.50     2136246
-25.43     -2.49     37.50     2137261
-25.43     -2.49     37.50     2138275
-25.43     -2.49     37.50     2139290
-25.43     -2.37     37.50     2140304
-25.43     -2.49     37.50     2141319
-25.43     -2.49     37.50     2142333
-25.43     -2.49     37.50     2143347
-25.43     -2.49     37.50     2144362
-25.43     -2.37     37.50     2145377
-25.43     -2.37     37.38     2146391
-25.43     -2.49     37.50     2147405
-25.43     -2.49     37.50     2148420
-25.43     -2.49     37.50     2149435
-25.43     -2.49     37.50     2150449
-25.43     -2.37     37.50     2151463
-25.43     -2.49     37.50     2152478
-25.43     -2.49     37.50     2153492
-25.43     -2.49     37.50     2154507
-25.43     -2.49     37.50     2155522
-25.43     -2.37     37.50     2156536
-25.43     -2.49     37.50     2157550
-25.43     -2.37     37.50     2158565
-25.43     -2.37     37.50     2159580
-25.43     -2.49     37.50     2160593
-25.43     -2.49     37.50     2161608
-25.43     -2.49     37.50     2162623
-25.43     -2.49     37.50     2163638
-25.43     -2.37     37.50     2164652
-25.43     -2.37     37.50     2165666
-25.43     -2.49     37.50     2166681
-25.43     -2.37     37.50     2167695
-25.43     -2.49     37.50     2168710
-25.43     -2.49     37.50     2169724
-25.43     -2.49     37.50     2170738
-25.43     -2.49     37.50     2171753
-25.43     -2.49     37.50     2172768
-25.43     -2.49     37.50     2173783
-25.43     -2.37     37.50     2174796
-25.43     -2.37     37.50     2175811
-25.43     -2.49     37.50     2176826
-25.43     -2.49     37.50     2177840
-25.43     -2.49     37.38     2178854
-25.43     -2.49     37.50     2179869
-25.43     -2.37     37.38     2180884
-25.43     -2.49     37.50     2181898
-25.43     -2.49     37.50     2182913
-25.43     -2.37     37.50     2183927
-25.43     -2.37     37.50     2184941
-25.43     -2.49     37.50     2185956
-25.43     -2.37     37.50     2186971
-25.43     -2.49     37.50     2187985
-25.43     -2.37     37.50     2188999
-25.43     -2.49     37.50     2190014
-25.43     -2.37     37.50     2191029
-25.43     -2.37     37.50     2192043
-25.43     -2.49     37.63     2193057
-25.43     -2.49     37.50     2194072
-25.43     -2.49     37.50     2195087
-25.43     -2.37     37.50     2196101
-25.43     -2.37     37.50     2197115
-25.43     -2.49     37.50     2198130
-25.43     -2.49     37.50     2199144
-25.43     -2.37     37.50     2200159
-25.43     -2.37     37.50     2201174
-25.43     -2.49     37.50     2202188
-25.43     -2.37     37.50     2203202
-25.43     -2.37     37.50     2204217
-25.43     -2.37     37.50     2205232
-25.23     -2.49     37.50     2206245
-25.43     -2.37     37.50     2207260
-25.43     -2.37     37.50     2208275
-25.43     -2.49     37.50     2209290
-25.43     -2.49     37.50     2210304
-25.43     -2.49     37.50     2211318
-25.43     -2.37     37.50     2212333
-25.43     -2.37     37.50     2213347
-25.43     -2.49     37.50     2214362
-25.43     -2.49     37.50     2215376
-25.43     -2.49     37.50     2216391
-25.43     -2.49     37.50     2217405
-25.43     -2.49     37.50     2218420
-25.43     -2.37     37.50     2219435
-25.43     -2.37     37.63     2220448
-25.43     -2.37     37.50     2221463
-25.43     -2.37     37.50     2222478
-25.43     -2.37     37.50     2223493
-25.43     -2.37     37.50     2224506
-25.43     -2.49     37.50     2225521
-25.43     -2.37     37.50     2226536
-25.43     -2.49     37.50     2227550
-25.43     -2.49     37.50     2228564
-25.43     -2.37     37.50     2229579
-25.43     -2.49     37.50     2230594
-25.43     -2.49     37.50     2231608
-25.43     -2.49     37.63     2232623
-25.43     -2.49     37.50     2233637
-25.43     -2.49     37.50     2234651
-25.43     -2.49     37.50     2235666
-25.43     -2.49     37.50     2236681
-25.43     -2.37     37.50     2237696
-25.43     -2.49     37.50     2238709
-25.43     -2.49     37.50     2239724
-25.43     -2.49     37.50     2240739
-25.43     -2.49     37.38     2241753
-25.43     -2.49     37.38     2242767
-25.43     -2.49     37.50     2243782
-25.43     -2.49     37.50     2244796
-25.43     -2.49     37.50     2245811
-25.43     -2.49     37.50     2246825
-25.43     -2.49     37.50     2247840
-25.43     -2.49     37.50     2248854
-25.43     -2.49     37.50     2249869
-25.23     -2.49     37.50     2250884
-25.43     -2.49     37.50     2251897
-25.43     -2.49     37.38     2252912
-25.43     -2.49     37.50     2253927
-25.43     -2.49     37.50     2254941
-25.43     -2.49     37.50     2255955
-25.43     -2.49     37.50     2256970
-25.43     -2.49     37.38     2257985
-25.43     -2.49     37.50     2258999
-25.43     -2.49     37.50     2260014
-25.43     -2.49     37.50     2261028
-25.43     -2.49     37.38     2262042
-25.43     -2.49     37.50     2263057
-25.43     -2.49     37.50     2264072
-25.43     -2.49     37.50     2265086
-25.43     -2.49     37.50     2266100
-25.43     -2.49     37.50     2267115
-25.43     -2.49     37.38     2268130
-25.43     -2.49     37.50     2269144
-25.43     -2.49     37.38     2270158
-25.43     -2.37     37.38     2271173
-25.43     -2.49     37.38     2272188
-25.43     -2.49     37.38     2273202
-25.43     -2.49     37.38     2274216
-25.43     -2.49     37.38     2275231
-25.43     -2.49     37.38     2276246
-25.43     -2.49     37.38     2277260
-25.43     -2.49     37.38     2278275
-25.43     -2.49     37.38     2279289
-25.43     -2.49     37.38     2280303
-25.43     -2.49     37.38     2281318
-25.43     -2.49     37.38     2282333
-25.43     -2.49     37.38     2283347
-25.43     -2.49     37.38     2284361
-25.43     -2.37     37.38     2285376
-25.43     -2.49     37.50     2286391
-25.43     -2.49     37.38     2287406
-25.43     -2.49     37.38     2288419
-25.43     -2.49     37.38     2289434
-25.43     -2.49     37.38     2290449
-25.43     -2.49     37.38     2291464
-25.43     -2.49     37.38     2292477
-25.43     -2.49     37.38     2293492
-25.43     -2.49     37.38     2294507
-25.43     -2.49     37.38     2295522
-25.43     -2.49     37.38     2296536
-25.43     -2.49     37.25     2297550
-25.43     -2.49     37.38     2298565
-25.43     -2.49     37.38     2299580
-25.43     -2.49     37.38     2300594
-25.43     -2.49     37.38     2301608
-25.43     -2.49     37.38     2302623
-25.43     -2.49     37.38     2303637
-25.43     -2.49     37.38     2304652
-25.43     -2.49     37.38     2305667
-25.43     -2.49     37.38     2306681
-25.43     -2.49     37.25     2307695
-25.43     -2.49     37.38     2308710
-25.43     -2.49     37.38     2309725
-25.43     -2.37     37.38     2310739
-25.43     -2.49     37.38     2311753
-25.43     -2.49     37.38     2312768
-25.43     -2.49     37.38     2313783
-25.43     -2.49     37.38     2314798
-25.43     -2.49     37.38     2315811
-25.43     -2.49     37.38     2316826
-25.43     -2.49     37.25     2317841
-25.43     -2.49     37.38     2318856
-25.43     -2.49     37.38     2319869
-25.43     -2.49     37.25     2320884
-25.43     -2.49     37.38     2321899
-25.43     -2.49     37.38     2322914
-25.43     -2.49     37.38     2323928
-25.43     -2.49     37.38     2324942
-25.43     -2.49     37.38     2325957
-25.43     -2.49     37.38     2326972
-25.43     -2.49     37.38     2327986
-25.43     -2.49     37.38     2329000
-25.43     -2.49     37.38     2330015
-25.43     -2.49     37.38     2331029
-25.43     -2.49     37.38     2332044
-25.43     -2.49     37.38     2333059
-25.43     -2.49     37.38     2334073
-25.43     -2.49     37.38     2335087
-25.43     -2.49     37.38     2336102
-25.43     -2.49     37.38     2337117
-25.43     -2.49     37.63     2338131
-25.43     -2.49     37.38     2339145
-25.43     -2.49     37.38     2340160
-25.43     -2.49     37.38     2341175
-25.43     -2.49     37.38     2342190
-25.43     -2.49     37.38     2343203
-25.43     -2.49     37.38     2344218
-25.43     -2.49     37.38     2345233
-25.43     -2.49     37.38     2346248
-25.43     -2.49     37.38     2347261
-25.43     -2.49     37.38     2348276
-25.43     -2.49     37.38     2349291
-25.43     -2.49     37.38     2350306
-25.43     -2.49     37.38     2351320
-25.43     -2.49     37.38     2352334
-25.43     -2.49     37.38     2353349
-25.63     -2.49     37.38     2354364
-25.43     -2.49     37.38     2355378
-25.43     -2.49     37.38     2356392
-25.43     -2.49     37.38     2357407
-25.43     -2.49     37.38     2358422
-25.43     -2.49     37.38     2359436
-25.43     -2.49     37.38     2360451
-25.43     -2.49     37.38     2361465
-25.43     -2.49     37.38     2362480
-25.43     -2.49     37.38     2363494
-25.43     -2.49     37.38     2364509
-25.43     -2.49     37.38     2365523
-25.43     -2.49     37.38     2366537
-25.43     -2.49     37.38     2367552
-25.43     -2.49     37.38     2368567
-25.43     -2.61     37.38     2369582
-25.43     -2.49     37.38     2370595
-25.43     -2.49     37.38     2371610
-25.43     -2.49     37.38     2372625
-25.43     -2.37     37.38     2373640
-25.43     -2.49     37.38     2374653
-25.43     -2.49     37.38     2375668
-25.43     -2.49     37.38     2376683
-25.43     -2.49     37.38     2377698
-25.43     -2.49     37.38     2378712
-25.43     -2.49     37.63     2379726
-25.43     -2.49     37.50     2380741
-25.43     -2.49     37.38     2381755
-25.43     -2.49     37.50     2382770
-25.43     -2.49     37.38     2383784
-25.43     -2.49     37.38     2384799
-25.43     -2.49     37.50     2385813
-25.43     -2.49     37.50     2386828
-25.43     -2.49     37.50     2387843
-25.43     -2.49     37.38     2388856
-25.43     -2.49     37.50     2389871
-25.43     -2.49     37.38     2390886
-25.43     -2.49     37.50     2391901
-25.43     -2.49     37.50     2392914
-25.43     -2.49     37.38     2393929
-25.43     -2.49     37.38     2394944
-25.43     -2.49     37.38     2395958
-25.43     -2.49     37.38     2396973
-25.43     -2.49     37.50     2397987
-25.43     -2.49     37.50     2399002
-25.43     -2.49     37.50     2400016
-25.43     -2.49     37.50     2401031
-25.43     -2.49     37.50     2402045
-25.43     -2.49     37.50     2403059
-25.43     -2.49     37.50     2404074
-25.43     -2.49     37.50     2405089
-25.43     -2.49     37.50     2406104
-25.43     -2.49     37.50     2407117
-25.43     -2.49     37.50     2408132
-25.43     -2.49     37.38     2409147
-25.43     -2.49     37.50     2410161
-25.43     -2.49     37.50     2411175
-25.43     -2.49     37.50     2412190
-25.43     -2.49     37.50     2413205
-25.43     -2.49     37.50     2414219
-25.43     -2.49     37.38     2415234
-25.43     -2.49     37.50     2416248
-25.43     -2.49     37.50     2417262
-25.43     -2.49     37.50     2418277
-25.43     -2.49     37.50     2419292
-25.43     -2.49     37.50     2420306
-25.43     -2.49     37.63     2421320
-25.43     -2.49     37.50     2422335
-25.43     -2.49     37.50     2423350
-25.43     -2.49     37.50     2424364
-25.43     -2.49     37.50     2425378
-25.43     -2.49     37.50     2426393
-25.43     -2.49     37.50     2427407
-25.43     -2.49     37.50     2428422

