0.00     0.00     0.00     0
23.14     22.92     22.14     1013
23.14     22.92     22.14     2027
23.14     22.92     22.25     3042
23.03     22.92     22.36     4056
23.03     22.92     22.47     5070
22.92     22.92     22.70     6085
22.70     22.92     22.92     7099
22.58     22.81     23.14     8114
22.47     22.81     23.37     9127
22.25     22.81     23.70     10142
22.03     22.70     23.93     11156
21.80     22.70     24.15     12171
21.58     22.58     24.38     13186
21.36     22.58     24.60     14199
21.03     22.47     24.83     15214
20.81     22.47     24.94     16228
20.47     22.36     25.17     17243
20.25     22.36     25.40     18256
19.92     22.25     25.51     19271
19.70     22.14     25.74     20285
19.37     22.14     25.97     21300
19.15     22.03     26.08     22313
18.82     22.03     26.31     23328
18.49     21.92     26.42     24342
18.16     21.80     26.77     25357
17.94     21.69     26.77     26371
17.62     21.69     27.00     27385
17.29     21.58     27.11     28399
17.07     21.47     27.23     29414
16.74     21.36     27.34     30428
16.41     21.36     27.57     31442
16.08     21.25     27.69     32456
15.76     21.14     27.80     33470
15.54     21.03     27.92     34485
15.21     20.92     28.15     35499
14.88     20.81     28.27     36512
14.56     20.81     28.38     37527
14.34     20.70     28.50     38541
14.01     20.59     28.61     39556
13.68     20.47     28.73     40569
13.46     20.36     28.85     41583
13.14     20.25     28.96     42597
12.81     20.14     29.08     43612
12.59     20.14     29.20     44625
12.26     20.03     29.31     45640
11.93     19.92     29.55     46654
11.72     19.81     29.55     47668
11.39     19.70     29.67     48683
11.17     19.59     29.78     49696
10.84     19.48     29.90     50710
10.51     19.37     30.02     51724
10.29     19.26     30.02     52739
9.96     19.15     30.14     53752
9.74     19.04     30.26     54766
9.41     19.04     30.37     55781
9.19     18.82     30.49     56795
8.86     18.82     30.49     57808
8.64     18.71     30.61     58823
8.42     18.60     30.73     59837
8.09     18.49     30.85     60852
7.86     18.38     30.85     61865
7.64     18.27     30.97     62880
7.31     18.16     31.09     63894
7.09     18.05     31.09     64909
6.86     17.94     31.21     65923
6.64     17.83     31.33     66937
6.31     17.73     31.33     67952
6.08     17.62     31.44     68966
5.86     17.51     31.56     69980
5.52     17.40     31.56     70994
5.30     17.29     31.68     72008
5.07     17.18     31.68     73023
4.85     17.07     31.80     74037
4.62     17.07     31.80     75052
4.40     16.96     31.92     76065
4.17     16.85     31.92     77080
3.94     16.74     32.04     78094
3.72     16.63     32.04     79109
3.49     16.52     32.16     80122
3.26     16.41     32.16     81137
3.03     16.30     32.29     82151
2.80     16.19     32.29     83165
2.57     16.08     32.41     84179
2.34     15.98     32.41     85193
2.23     15.87     32.53     86208
2.00     15.76     32.53     87222
1.77     15.76     32.53     88236
1.53     15.65     32.65     89250
1.30     15.54     32.65     90264
1.19     15.43     32.77     91279
0.95     15.32     32.77     92293
0.72     15.21     32.77     93306
0.60     15.10     32.89     94321
0.37     14.99     33.01     95335
0.13     14.88     32.89     96349
-0.10     14.77     33.13     97363
-0.22     14.77     33.01     98377
-0.46     14.66     33.01     99392
-0.69     14.56     33.13     100406
-0.81     14.45     33.13     101420
-1.05     14.34     33.13     102434
-1.29     14.23     33.26     103448
-1.41     14.23     33.26     104463
-1.65     14.01     33.26     105477
-1.77     14.01     33.38     106490
-2.01     13.90     33.38     107505
-2.13     13.79     33.38     108519
-2.37     13.68     33.38     109534
-2.49     13.57     33.50     110547
-2.73     13.46     33.50     111562
-2.86     13.35     33.50     112576
-3.10     13.25     33.50     113590
-3.22     13.25     33.62     114605
-3.34     13.14     33.62     115618
-3.59     13.14     33.62     116633
-3.71     12.92     33.62     117647
-3.96     12.81     33.62     118661
-4.08     12.81     33.74     119675
-4.21     12.70     33.74     120689
-4.46     12.59     33.74     121704
-4.58     12.48     33.74     122718
-4.71     12.37     33.87     123731
-4.96     12.37     33.87     124745
-5.08     12.26     33.87     125760
-5.21     12.04     33.87     126774
-5.33     12.04     33.99     127789
-5.59     11.93     33.99     128802
-5.71     11.93     33.99     129816
-5.84     11.83     33.99     130831
-5.97     11.72     33.99     131845
-6.09     11.61     34.11     132858
-6.35     11.50     34.11     133873
-6.48     11.50     34.11     134887
-6.61     11.39     34.11     135901
-6.74     11.28     34.11     136915
-6.86     11.28     34.11     137929
-6.99     11.06     34.11     138943
-7.12     11.06     34.24     139957
-7.25     10.95     34.24     140972
-7.38     10.95     34.24     141985
-7.64     10.84     34.24     142999
-7.78     10.73     34.24     144014
-7.91     10.62     34.24     145028
-8.04     10.62     34.24     146042
-8.17     10.51     34.36     147056
-8.30     10.40     34.36     148071
-8.43     10.40     34.36     149085
-8.57     10.29     34.36     150099
-8.70     10.18     34.36     151113
-8.83     10.07     34.36     152127
-8.97     10.07     34.36     153142
-9.10     9.96     34.36     154156
-9.10     9.85     34.48     155170
-9.24     9.85     34.48     156184
-9.37     9.74     34.48     157199
-9.51     9.63     34.48     158213
-9.64     9.63     34.48     159227
-9.78     9.52     34.36     160241
-9.91     9.41     34.48     161256
-10.05     9.41     34.48     162271
-10.19     9.30     34.48     163284
-10.19     9.30     34.48     164299
-10.32     9.19     34.48     165314
-10.46     9.08     34.48     166328
-10.60     9.08     34.48     167343
-10.74     8.97     34.61     168356
-10.87     8.86     34.61     169371
-10.87     8.86     34.61     170386
-11.01     8.75     34.61     171401
-11.15     8.75     34.61     172414
-11.29     8.64     34.61     173429
-11.43     8.53     34.61     174444
-11.43     8.53     34.48     175459
-11.57     8.42     34.61     176473
-11.71     8.42     34.61     177487
-11.86     8.31     34.61     178502
-11.86     8.20     34.73     179516
-12.00     8.20     34.73     180531
-12.14     8.09     34.73     181545
-12.28     8.09     34.73     182559
-12.28     7.98     34.73     183574
-12.42     7.86     34.73     184589
-12.57     7.86     34.73     185603
-12.57     7.75     34.73     186617
-12.71     7.75     34.61     187632
-12.86     7.64     34.73     188646
-12.86     7.64     34.73     189661
-13.00     7.53     34.85     190675
-13.15     7.42     34.73     191689
-13.15     7.42     34.73     192704
-13.29     7.42     34.73     193719
-13.29     7.31     34.73     194733
-13.44     7.31     34.73     195747
-13.58     7.20     34.73     196762
-13.58     7.09     34.73     197776
-13.73     7.09     34.73     198791
-13.88     6.98     34.73     199805
-13.88     6.98     34.73     200819
-14.03     6.86     34.73     201834
-14.03     6.86     34.73     202849
-14.17     6.75     34.73     203864
-14.32     6.75     34.73     204877
-14.32     6.64     34.73     205892
-14.47     6.64     34.73     206907
-14.47     6.53     34.73     207922
-14.62     6.53     34.61     208935
-14.62     6.42     34.73     209950
-14.77     6.42     34.61     210965
-14.77     6.31     34.85     211979
-14.92     6.31     34.73     212994
-14.92     6.20     34.73     214007
-15.07     6.20     34.73     215021
-15.07     6.08     34.73     216035
-15.23     6.08     34.73     217050
-15.23     5.97     34.73     218063
-15.38     5.97     34.73     219078
-15.38     5.86     34.85     220092
-15.53     5.86     34.73     221107
-15.69     5.86     34.73     222121
-15.69     5.75     34.73     223135
-15.69     5.75     34.73     224150
-15.84     5.64     34.73     225165
-15.84     5.64     34.85     226179
-15.99     5.52     34.73     227193
-16.15     5.52     34.73     228208
-16.15     5.41     34.61     229223
-16.15     5.41     34.85     230237
-16.30     5.41     34.73     231251
-16.30     5.30     34.98     232265
-16.46     5.30     34.73     233280
-16.46     5.19     34.73     234295
-16.62     5.19     34.73     235309
-16.62     5.07     34.73     236323
-16.62     5.07     34.73     237337
-16.78     4.96     34.73     238352
-16.78     4.96     34.73     239366
-16.93     4.96     34.73     240380
-16.93     4.85     34.73     241394
-16.93     4.85     34.73     242409
-17.09     4.74     34.73     243423
-17.09     4.74     34.73     244438
-17.25     4.74     34.73     245452
-17.25     4.62     34.73     246466
-17.25     4.62     34.73     247481
-17.41     4.51     34.73     248495
-17.41     4.51     34.73     249509
-17.57     4.51     34.73     250523
-17.57     4.40     34.73     251538
-17.57     4.40     34.73     252552
-17.73     4.40     34.73     253566
-17.73     4.28     34.73     254581
-17.73     4.28     34.73     255595
-17.90     4.17     34.73     256610
-17.90     4.17     34.73     257624
-18.06     4.17     34.61     258638
-18.06     4.06     34.73     259652
-18.06     4.06     34.98     260667
-18.22     4.06     34.73     261682
-18.22     3.94     34.73     262695
-18.22     3.83     34.73     263710
-18.39     3.94     34.73     264724
-18.39     3.83     34.73     265739
-18.55     3.83     34.73     266753
-18.39     3.83     34.73     267767
-18.55     3.72     34.73     268781
-18.55     3.72     34.73     269796
-18.72     3.60     34.73     270810
-18.72     3.60     34.73     271824
-18.72     3.60     34.73     272838
-18.88     3.49     34.73     273853
-18.88     3.49     34.73     274867
-18.88     3.49     34.73     275881
-19.05     3.37     34.73     276895
-19.05     3.37     34.73     277910
-19.05     3.37     34.73     278924
-19.22     3.37     34.73     279939
-19.22     3.26     34.73     280952
-19.22     3.26     34.73     281967
-19.22     3.26     34.73     282981
-19.38     3.15     34.73     283996
-19.38     3.15     34.73     285009
-19.38     3.03     34.73     286024
-19.38     3.03     34.73     287038
-19.55     3.03     34.73     288053
-19.55     3.03     34.73     289068
-19.55     2.92     34.73     290081
-19.55     2.92     34.73     291095
-19.72     2.92     34.73     292110
-19.72     2.80     34.73     293124
-19.72     2.80     34.73     294138
-19.72     2.80     34.73     295152
-19.89     2.69     34.73     296167
-19.89     2.69     34.73     297181
-19.89     2.69     34.73     298195
-20.06     2.69     34.61     299209
-20.06     2.57     34.61     300224
-20.06     2.57     34.61     301238
-20.06     2.57     34.61     302253
-20.24     2.46     34.61     303266
-20.24     2.46     34.61     304281
-20.24     2.46     34.61     305295
-20.24     2.46     34.61     306310
-20.41     2.34     34.61     307323
-20.41     2.34     34.61     308338
-20.41     2.34     34.61     309352
-20.41     2.23     34.61     310367
-20.58     2.23     34.61     311380
-20.58     2.23     34.61     312395
-20.58     2.23     34.61     313409
-20.58     2.11     34.61     314424
-20.58     2.11     34.61     315438
-20.76     2.11     34.48     316452
-20.76     2.11     34.61     317466
-20.76     2.00     34.61     318481
-20.76     2.00     34.61     319495
-20.93     2.00     34.61     320509
-20.93     1.88     34.48     321523
-20.93     1.88     34.48     322538
-20.93     1.88     34.73     323552
-21.11     1.88     34.48     324567
-21.11     1.77     34.48     325580
-21.11     1.77     34.48     326594
-21.11     1.77     34.48     327609
-21.29     1.77     34.48     328623
-21.29     1.65     34.48     329637
-21.29     1.65     34.48     330651
-21.29     1.65     34.48     331666
-21.29     1.65     34.48     332680
-21.29     1.53     34.48     333694
-21.46     1.53     34.48     334708
-21.46     1.53     34.48     335723
-21.46     1.53     34.48     336737
-21.46     1.42     34.48     337752
-21.46     1.42     34.48     338765
-21.64     1.42     34.48     339780
-21.64     1.42     34.48     340794
-21.64     1.30     34.48     341808
-21.64     1.30     34.48     342822
-21.82     1.30     34.36     343836
-21.82     1.30     34.48     344851
-21.82     1.30     34.48     345865
-21.82     1.30     34.48     346878
-21.82     1.19     34.48     347893
-21.82     1.19     34.48     348907
-22.00     1.19     34.48     349922
-22.00     1.07     34.48     350936
-22.00     1.07     34.48     351950
-22.00     1.07     34.48     352964
-22.00     1.07     34.48     353979
-22.00     1.07     34.48     354993
-22.18     0.95     34.48     356006
-22.18     0.95     34.48     357021
-22.18     0.95     34.48     358035
-22.18     0.95     34.48     359050
-22.18     0.84     34.48     360064
-22.18     0.84     34.48     361078
-22.18     0.84     34.48     362092
-22.37     0.84     34.48     363106
-22.37     0.84     34.48     364121
-22.37     0.72     34.48     365134
-22.37     0.72     34.48     366149
-22.37     0.72     34.48     367163
-22.37     0.72     34.48     368177
-22.55     0.72     34.36     369191
-22.55     0.60     34.24     370205
-22.55     0.60     34.36     371220
-22.55     0.60     34.36     372235
-22.55     0.60     34.36     373249
-22.55     0.60     34.36     374263
-22.73     0.49     34.36     375277
-22.73     0.60     34.36     376292
-22.73     0.49     34.36     377306
-22.73     0.49     34.36     378320
-22.73     0.49     34.36     379334
-22.73     0.37     34.36     380349
-22.73     0.37     34.36     381363
-22.92     0.37     34.36     382377
-22.92     0.37     34.36     383392
-22.92     0.37     34.36     384406
-22.92     0.25     34.36     385421
-22.92     0.25     34.61     386435
-22.92     0.25     34.36     387449
-22.92     0.25     34.36     388463
-23.11     0.25     34.36     389478
-23.11     0.25     34.36     390492
-23.11     0.13     34.36     391506
-23.11     0.13     34.36     392521
-23.11     0.13     34.36     393535
-23.11     0.13     34.36     394550
-23.11     0.13     34.36     395564
-23.11     0.13     34.24     396578
-23.29     0.13     34.36     397592
-23.29     0.02     34.36     398607
-23.29     0.02     34.36     399622
-23.29     0.02     34.36     400635
-23.29     0.02     34.36     401650
-23.29     0.02     34.36     402664
-23.29     0.02     34.36     403679
-23.48     -0.10     34.36     404694
-23.48     -0.10     34.36     405707
-23.29     -0.10     34.36     406722
-23.48     -0.10     34.36     407737
-23.48     -0.10     34.36     408751
-23.48     -0.22     34.36     409765
-23.48     -0.22     34.36     410780
-23.48     -0.22     34.36     411794
-23.67     -0.22     34.24     412809
-23.67     -0.22     34.36     413824
-23.67     -0.34     34.24     414837
-23.67     -0.34     34.24     415852
-23.67     -0.34     34.24     416867
-23.67     -0.34     34.24     417881
-23.67     -0.34     34.24     418895
-23.67     -0.34     34.24     419909
-23.86     -0.34     34.24     420924
-23.86     -0.46     34.24     421939
-23.86     -0.46     34.24     422952
-23.86     -0.46     34.24     423967
-23.86     -0.46     34.36     424982
-23.86     -0.46     34.24     425996
-23.86     -0.46     34.24     427011
-23.86     -0.57     34.24     428025
-23.86     -0.57     34.24     429039
-24.05     -0.57     34.24     430054
-24.05     -0.57     34.24     431069
-24.05     -0.57     34.24     432082
-24.05     -0.57     34.24     433097
-24.05     -0.69     34.24     434111
-24.05     -0.69     34.24     435126
-24.05     -0.69     34.24     436141
-24.05     -0.69     34.24     437154
-24.05     -0.69     34.24     438169
-24.25     -0.69     34.24     439184
-24.25     -0.69     34.24     440198
-24.25     -0.81     34.24     441212
-24.25     -0.81     34.24     442226
-24.25     -0.81     34.24     443241
-24.25     -0.81     34.24     444256
-24.25     -0.81     34.24     445270
-24.25     -0.81     34.24     446284
-24.25     -0.81     34.24     447299
-24.44     -0.93     34.11     448313
-24.44     -0.93     34.36     449328
-24.44     -0.93     34.24     450342
-24.44     -0.93     34.24     451357
-24.44     -0.93     34.24     452371
-24.44     -1.05     34.24     453386
-24.44     -0.93     34.24     454401
-24.44     -0.93     34.24     455414
-24.44     -0.93     34.24     456429
-24.44     -1.05     34.11     457444
-24.44     -1.05     34.24     458458
-24.64     -1.05     34.24     459472
-24.64     -1.05     34.24     460487
-24.64     -1.05     34.24     461502
-24.64     -1.05     34.24     462516
-24.64     -1.17     34.24     463531
-24.64     -1.17     34.11     464545
-24.64     -1.17     34.24     465559
-24.64     -1.17     34.11     466574
-24.64     -1.17     34.11     467589
-24.64     -1.17     34.11     468602
-24.83     -1.17     34.24     469617
-24.83     -1.17     34.11     470632
-24.83     -1.17     34.24     471646
-24.83     -1.29     34.24     472660
-24.83     -1.29     34.11     473675
-24.83     -1.29     34.24     474689
-24.83     -1.29     34.11     475704
-24.83     -1.29     33.99     476719
-24.83     -1.29     34.11     477732
-24.83     -1.29     34.24     478747
-24.83     -1.41     34.11     479761
-24.83     -1.41     34.11     480776
-24.83     -1.41     34.11     481790
-24.83     -1.41     34.11     482804
-24.83     -1.41     34.11     483819
-25.03     -1.41     34.11     484834
-25.03     -1.41     34.11     485848
-25.03     -1.41     34.11     486862
-25.03     -1.41     34.11     487876
-25.03     -1.53     34.11     488891
-25.03     -1.53     34.11     489905
-25.03     -1.53     34.24     490919
-25.03     -1.53     34.11     491933
-25.03     -1.41     34.11     492948
-25.03     -1.53     34.11     493962
-25.03     -1.53     34.11     494977
-25.03     -1.53     34.11     495990
-25.03     -1.53     34.11     497005
-25.23     -1.53     34.11     498020
-25.23     -1.65     34.11     499034
-25.23     -1.65     34.11     500048
-25.23     -1.65     34.11     501062
-25.23     -1.65     34.11     502077
-25.23     -1.65     34.11     503091
-25.23     -1.65     34.11     504105
-25.23     -1.65     34.11     505119
-25.23     -1.65     34.11     506134
-25.23     -1.65     34.11     507148
-25.23     -1.77     34.11     508163
-25.23     -1.77     34.11     509177
-25.23     -1.77     34.11     510191
-25.43     -1.77     34.11     511206
-25.43     -1.77     34.11     512220
-25.43     -1.77     34.11     513234
-25.43     -1.77     34.24     514249
-25.43     -1.77     34.11     515264
-25.43     -1.77     34.11     516278
-25.43     -1.77     34.11     517293
-25.43     -1.89     34.11     518307
-25.43     -1.89     34.11     519321
-25.43     -1.89     33.99     520336
-25.43     -1.89     34.11     521351
-25.43     -1.89     33.99     522364
-25.43     -1.89     34.11     523379
-25.43     -2.01     33.99     524394
-25.43     -1.89     33.99     525408
-25.63     -1.89     33.99     526423
-25.63     -2.01     33.99     527437
-25.63     -2.01     33.99     528451
-25.63     -2.01     33.99     529466
-25.63     -2.01     33.99     530481
-25.63     -2.01     33.99     531495
-25.63     -2.01     33.99     532509
-25.63     -2.01     33.99     533524
-25.63     -2.01     34.11     534539
-25.63     -2.01     33.99     535553
-25.63     -2.01     33.99     536567
-25.63     -2.01     33.99     537582
-25.63     -2.13     33.99     538596
-25.63     -2.13     33.99     539611
-25.63     -2.13     33.99     540625
-25.63     -2.13     33.99     541639
-25.63     -2.13     33.99     542654
-25.63     -2.13     33.99     543669
-25.63     -2.13     33.99     544683
-25.83     -2.13     33.99     545697
-25.83     -2.13     33.99     546712
-25.83     -2.13     33.99     547726
-25.83     -2.25     33.99     548741
-25.83     -2.25     33.99     549754
-25.83     -2.25     33.99     550769
-25.83     -2.25     33.99     551784
-25.83     -2.25     33.99     552798
-25.83     -2.25     33.99     553812
-25.83     -2.25     33.99     554826
-25.83     -2.25     34.11     555841
-25.83     -2.25     33.99     556856
-25.83     -2.25     33.99     557870
-25.83     -2.25     34.11     558884
-25.83     -2.37     33.99     559898
-25.83     -2.37     33.99     560913
-26.03     -2.37     33.99     561928
-26.03     -2.37     33.99     562941
-26.03     -2.37     33.99     563956
-26.03     -2.37     33.99     564971
-26.03     -2.37     33.99     565985
-26.03     -2.37     33.99     567000
-26.03     -2.37     33.99     568014
-26.03     -2.37     33.99     569028
-26.03     -2.37     33.99     570043
-26.03     -2.37     33.99     571057
-26.03     -2.49     33.99     572071
-26.03     -2.49     33.99     573086
-26.03     -2.49     33.99     574100
-26.03     -2.49     33.99     575115
-26.03     -2.49     33.99     576129
-26.03     -2.49     33.87     577143
-26.24     -2.49     33.99     578158
-26.24     -2.49     33.87     579172
-26.24     -2.61     33.87     580187
-26.24     -2.49     33.87     581200
-26.24     -2.49     33.99     582215
-26.24     -2.49     33.87     583230
-26.24     -2.61     33.87     584244
-26.24     -2.61     33.87     585259
-26.03     -2.61     33.87     586272
-26.24     -2.61     33.87     587287
-26.24     -2.61     33.87     588302
-26.24     -2.61     33.87     589316
-26.24     -2.61     33.87     590330
-26.24     -2.61     33.87     591344
-26.24     -2.61     33.87     592359
-26.24     -2.61     33.87     593373
-26.24     -2.61     33.87     594387
-26.24     -2.61     33.87     595402
-26.45     -2.61     33.87     596416
-26.24     -2.73     33.87     597431
-26.45     -2.73     33.87     598445
-26.45     -2.73     33.87     599459
-26.45     -2.73     33.87     600473
-26.45     -2.73     33.87     601488
-26.45     -2.73     33.87     602502
-26.45     -2.73     33.87     603516
-26.45     -2.73     33.87     604531
-26.45     -2.73     33.87     605545
-26.45     -2.73     33.87     606560
-26.45     -2.73     33.99     607574
-26.45     -2.73     33.87     608588
-26.45     -2.73     33.87     609602
-26.45     -2.73     33.99     610617
-26.45     -2.73     33.87     611631
-26.45     -2.86     33.87     612645
-26.45     -2.86     33.87     613660
-26.45     -2.86     33.87     614674
-26.45     -2.86     33.87     615689
-26.45     -2.86     33.87     616702
-26.45     -2.86     33.87     617717
-26.45     -2.86     33.87     618732
-26.45     -2.86     33.99     619746
-26.45     -2.86     33.87     620761
-26.45     -2.86     33.87     621774
-26.65     -2.86     33.87     622789
-26.45     -2.86     33.87     623804
-26.45     -2.86     33.87     624818
-26.45     -2.86     33.87     625832
-26.65     -2.98     33.87     626846
-26.65     -2.98     33.87     627861
-26.65     -2.98     33.87     628876
-26.65     -2.98     33.87     629890
-26.65     -2.98     33.87     630904
-26.65     -2.98     33.87     631918
-26.65     -2.98     33.87     632933
-26.65     -2.98     33.87     633947
-26.65     -2.98     33.87     634961
-26.65     -2.98     33.87     635976
-26.65     -2.98     33.87     636990
-26.65     -2.98     33.87     638005
-26.65     -2.98     33.87     639019
-26.65     -2.98     33.87     640033
-26.65     -2.98     33.87     641048
-26.65     -2.98     33.87     642062
-26.65     -3.10     33.87     643077
-26.65     -3.10     33.87     644090
-26.65     -3.10     33.87     645105
-26.65     -3.10     33.87     646120
-26.65     -3.10     33.87     647134
-26.65     -3.10     33.87     648148
-26.65     -3.10     33.74     649162
-26.65     -3.10     33.87     650177
-26.65     -3.10     33.87     651191
-26.86     -3.10     33.87     652206
-26.86     -3.10     33.87     653220
-26.86     -3.10     33.87     654234
-26.86     -3.10     33.87     655249
-26.86     -3.10     33.87     656263
-26.86     -3.10     33.87     657277
-26.86     -3.10     33.87     658291
-26.86     -3.10     33.87     659306
-26.86     -3.10     33.87     660320
-26.86     -3.22     33.87     661335
-26.86     -3.10     33.87     662349
-26.86     -3.22     33.87     663363
-26.86     -3.22     33.87     664378
-26.86     -3.22     33.87     665392
-26.86     -3.22     33.87     666406
-26.86     -3.22     33.87     667421
-26.86     -3.22     33.87     668435
-26.86     -3.22     33.87     669450
-26.86     -3.22     33.87     670464
-26.86     -3.22     33.87     671478
-26.86     -3.22     33.87     672492
-26.86     -3.22     33.87     673507
-26.86     -3.22     33.87     674522
-26.86     -3.22     33.87     675535
-26.86     -3.22     33.87     676550
-26.86     -3.34     33.87     677564
-26.86     -3.34     33.87     678579
-26.86     -3.34     33.87     679592
-26.86     -3.34     33.87     680607
-26.86     -3.34     33.74     681621
-26.86     -3.34     33.87     682636
-26.86     -3.34     33.87     683650
-26.86     -3.34     33.87     684664
-26.86     -3.34     33.87     685678
-26.86     -3.34     33.74     686693
-26.86     -3.34     33.87     687707
-26.86     -3.34     33.74     688721
-27.07     -3.34     33.99     689735
-26.86     -3.34     33.87     690750
-26.86     -3.34     33.74     691764
-26.86     -3.34     33.74     692779
-26.86     -3.34     33.74     693792
-26.86     -3.34     33.74     694807
-27.07     -3.47     33.74     695821
-27.07     -3.47     33.74     696836
-27.07     -3.34     33.74     697849
-27.07     -3.47     33.74     698864
-27.07     -3.47     33.74     699878
-27.07     -3.47     33.74     700893
-27.07     -3.47     33.74     701906
-27.07     -3.47     33.74     702921
-27.07     -3.47     33.74     703935
-27.07     -3.47     33.74     704950
-27.07     -3.47     33.74     705964
-27.07     -3.47     33.74     706978
-27.07     -3.47     33.74     707992
-27.07     -3.47     33.74     709007
-27.07     -3.47     33.74     710021
-27.07     -3.47     33.74     711035
-27.07     -3.47     33.74     712049
-27.07     -3.47     33.74     713064
-27.07     -3.59     33.74     714078
-27.07     -3.59     33.74     715092
-27.07     -3.59     33.74     716106
-27.07     -3.59     33.74     717120
-27.07     -3.59     33.74     718135
-27.07     -3.59     33.74     719149
-27.07     -3.59     33.74     720163
-27.07     -3.59     33.74     721177
-27.07     -3.59     33.74     722192
-27.07     -3.59     33.62     723206
-27.28     -3.59     33.74     724219
-27.28     -3.59     33.62     725234
-27.28     -3.59     33.74     726248
-27.28     -3.59     33.62     727263
-27.28     -3.59     33.62     728276
-27.28     -3.71     33.62     729291
-27.28     -3.59     33.62     730305
-27.28     -3.59     33.62     731320
-27.28     -3.59     33.62     732334
-27.28     -3.71     33.62     733348
-27.28     -3.71     33.62     734362
-27.28     -3.71     33.62     735377
-27.28     -3.71     33.62     736391
-27.28     -3.71     33.62     737405
-27.28     -3.71     33.74     738419
-27.28     -3.71     33.62     739434
-27.28     -3.71     33.62     740448
-27.28     -3.59     33.62     741463
-27.28     -3.71     33.62     742476
-27.28     -3.71     33.62     743491
-27.50     -3.71     33.62     744505
-27.28     -3.71     33.62     745519
-27.28     -3.71     33.62     746533
-27.28     -3.71     33.62     747547
-27.28     -3.71     33.62     748562
-27.28     -3.71     33.62     749576
-27.28     -3.71     33.62     750590
-27.28     -3.84     33.62     751604
-27.28     -3.71     33.62     752619
-27.28     -3.71     33.62     753633
-27.28     -3.71     33.62     754648
-27.28     -3.71     33.62     755661
-27.28     -3.71     33.74     756676
-27.28     -3.84     33.62     757690
-27.28     -3.84     33.62     758705
-27.28     -3.84     33.62     759718
-27.28     -3.84     33.62     760733
-27.28     -3.84     33.62     761747
-27.28     -3.84     33.62     762762
-27.28     -3.84     33.62     763777
-27.28     -3.84     33.62     764790
-27.50     -3.84     33.62     765805
-27.50     -3.84     33.62     766819
-27.50     -3.84     33.62     767834
-27.28     -3.84     33.62     768847
-27.50     -3.84     33.62     769862
-27.50     -3.84     33.62     770877
-27.50     -3.84     33.62     771891
-27.50     -3.84     33.62     772905
-27.50     -3.84     33.62     773919
-27.50     -3.84     33.62     774934
-27.50     -3.84     33.62     775949
-27.50     -3.84     33.62     776963
-27.50     -3.84     33.62     777977
-27.50     -3.84     33.62     778992
-27.50     -3.96     33.62     780006
-27.50     -3.96     33.62     781021
-27.50     -3.96     33.62     782034
-27.50     -3.96     33.62     783049
-27.50     -3.96     33.62     784064
-27.50     -3.96     33.62     785078
-27.50     -3.96     33.62     786093
-27.50     -3.96     33.50     787106
-27.50     -3.96     33.62     788121
-27.50     -3.84     33.62     789136
-27.50     -3.96     33.62     790150
-27.50     -3.96     33.62     791164
-27.50     -3.96     33.62     792179
-27.50     -3.96     33.62     793193
-27.50     -3.96     33.62     794208
-27.50     -3.96     33.62     795222
-27.50     -3.96     33.62     796236
-27.50     -3.96     33.62     797251
-27.50     -3.96     33.62     798265
-27.50     -3.96     33.62     799280
-27.50     -3.96     33.62     800293
-27.50     -3.96     33.62     801308
-27.50     -3.96     33.62     802323
-27.50     -3.96     33.62     803337
-27.50     -3.96     33.62     804352
-27.50     -3.96     33.62     805366
-27.50     -3.96     33.74     806380
-27.50     -3.96     33.62     807395
-27.50     -4.08     33.62     808409
-27.50     -4.08     33.62     809423
-27.71     -4.08     33.62     810437
-27.71     -4.08     33.62     811452
-27.50     -4.08     33.62     812467
-27.50     -4.08     33.50     813480
-27.50     -4.08     33.62     814495
-27.71     -4.08     33.62     815509
-27.71     -4.08     33.62     816524
-27.50     -4.21     33.62     817538
-27.71     -4.08     33.62     818552
-27.71     -4.21     33.62     819566
-27.71     -4.08     33.62     820581
-27.71     -4.08     33.62     821595
-27.71     -4.08     33.62     822608
-27.71     -4.08     33.62     823623
-27.71     -4.08     33.62     824637
-27.71     -4.08     33.62     825652
-27.71     -4.08     33.62     826665
-27.71     -4.08     33.62     827680
-27.71     -4.08     33.62     828694
-27.71     -4.08     33.62     829709
-27.71     -4.08     33.62     830723
-27.71     -4.08     33.74     831737
-27.71     -4.08     33.62     832751
-27.71     -4.08     33.62     833766
-27.71     -4.08     33.62     834780
-27.71     -4.21     33.62     835794
-27.71     -4.21     33.62     836808
-27.71     -4.21     33.62     837823
-27.71     -4.21     33.62     838837
-27.71     -4.21     33.62     839852
-27.71     -4.21     33.62     840865
-27.71     -4.21     33.50     841880
-27.71     -4.21     33.62     842894
-27.71     -4.21     33.62     843909
-27.71     -4.21     33.62     844922
-27.71     -4.21     33.62     845937
-27.71     -4.21     33.62     846952
-27.71     -4.21     33.62     847966
-27.71     -4.21     33.74     848980
-27.71     -4.21     33.62     849994
-27.71     -4.21     33.62     851009
-27.71     -4.21     33.50     852023
-27.71     -4.21     33.62     853038
-27.71     -4.21     33.62     854051
-27.71     -4.21     33.62     855066
-27.71     -4.21     33.62     856080
-27.93     -4.21     33.62     857095
-27.71     -4.21     33.62     858108
-27.71     -4.21     33.62     859123
-27.71     -4.21     33.62     860138
-27.71     -4.21     33.62     861152
-27.71     -4.21     33.62     862167
-27.71     -4.21     33.62     863180
-27.71     -4.21     33.62     864195
-27.71     -4.33     33.62     865209
-27.71     -4.21     33.62     866224
-27.71     -4.33     33.62     867237
-27.71     -4.33     33.62     868252
-27.71     -4.33     33.62     869266
-27.71     -4.21     33.62     870281
-27.71     -4.33     33.62     871294
-27.71     -4.33     33.62     872309
-27.71     -4.33     33.62     873323
-27.71     -4.33     33.62     874338
-27.93     -4.33     33.62     875352
-27.93     -4.33     33.62     876366
-27.93     -4.33     33.62     877380
-27.93     -4.33     33.62     878395
-27.71     -4.33     33.62     879409
-27.93     -4.33     33.62     880423
-27.93     -4.33     33.62     881437
-27.93     -4.33     33.62     882452
-27.93     -4.33     33.62     883466
-27.93     -4.33     33.62     884481
-27.93     -4.33     33.62     885494
-27.93     -4.33     33.62     886509
-27.93     -4.33     33.62     887523
-27.93     -4.33     33.62     888537
-27.93     -4.33     33.62     889551
-27.93     -4.33     33.62     890565
-27.93     -4.33     33.62     891580
-27.93     -4.33     33.62     892594
-27.93     -4.33     33.50     893608
-27.93     -4.33     33.62     894622
-27.93     -4.33     33.62     895637
-27.93     -4.33     33.62     896651
-27.93     -4.33     33.62     897666
-27.93     -4.46     33.62     898679
-27.93     -4.46     33.62     899694
-27.93     -4.46     33.62     900708
-27.93     -4.46     33.62     901723
-27.93     -4.46     33.62     902736
-27.93     -4.46     33.62     903751
-27.93     -4.46     33.62     904766
-27.93     -4.46     33.62     905780
-27.93     -4.33     33.62     906795
-27.93     -4.46     33.62     907808
-27.93     -4.46     33.50     908823
-27.93     -4.46     33.62     909837
-27.93     -4.46     33.50     910852
-27.93     -4.46     33.50     911865
-27.93     -4.46     33.50     912880
-27.93     -4.46     33.50     913894
-27.93     -4.46     33.50     914909
-27.93     -4.46     33.50     915922
-27.93     -4.46     33.50     916937
-27.93     -4.46     33.50     917952
-27.93     -4.46     33.50     918966
-27.93     -4.46     33.50     919981
-27.93     -4.46     33.50     920994
-27.93     -4.46     33.50     922009
-27.93     -4.46     33.50     923023
-27.93     -4.46     33.50     924038
-27.93     -4.46     33.50     925051
-27.93     -4.46     33.50     926066
-27.93     -4.46     33.50     927080
-27.93     -4.46     33.50     928095
-27.93     -4.46     33.50     929108
-27.93     -4.46     33.50     930123
-27.93     -4.46     33.50     931137
-27.93     -4.46     33.50     932152
-28.15     -4.58     33.50     933166
-27.93     -4.58     33.50     934180
-27.93     -4.58     33.50     935194
-27.93     -4.58     33.50     936209
-27.93     -4.58     33.50     937223
-27.93     -4.58     33.50     938237
-27.93     -4.58     33.50     939251
-27.93     -4.58     33.50     940266
-28.15     -4.58     33.50     941280
-27.93     -4.58     33.50     942295
-27.93     -4.58     33.50     943308
-27.93     -4.58     33.50     944323
-27.93     -4.58     33.50     945337
-27.93     -4.58     33.50     946352
-27.93     -4.58     33.50     947365
-27.93     -4.58     33.50     948380
-27.93     -4.46     33.38     949394
-27.93     -4.58     33.50     950409
-27.93     -4.58     33.38     951422
-27.93     -4.58     33.38     952437
-27.93     -4.58     33.38     953451
-27.93     -4.58     33.38     954466
-27.93     -4.58     33.38     955480
-27.93     -4.58     33.38     956494
-28.15     -4.58     33.38     957508
-27.93     -4.58     33.38     958523
-27.93     -4.58     33.38     959537
-27.93     -4.58     33.50     960550
-28.15     -4.58     33.38     961565
-28.15     -4.58     33.38     962579
-27.93     -4.58     33.38     963594
-28.15     -4.58     33.38     964608
-28.15     -4.58     33.38     965622
-28.15     -4.58     33.38     966636
-28.15     -4.58     33.38     967651
-28.15     -4.58     33.38     968665
-27.93     -4.71     33.50     969679
-28.15     -4.71     33.38     970693
-28.15     -4.71     33.38     971708
-28.15     -4.58     33.38     972722
-28.15     -4.71     33.38     973736
-28.15     -4.71     33.38     974750
-28.15     -4.71     33.38     975765
-28.15     -4.71     33.38     976779
-28.15     -4.71     33.38     977794
-28.15     -4.71     33.38     978807
-28.15     -4.71     33.38     979822
-27.93     -4.71     33.38     980836
-27.93     -4.71     33.38     981851
-27.93     -4.71     33.38     982864
-27.93     -4.71     33.38     983879
-27.93     -4.71     33.38     984893
-27.93     -4.71     33.38     985908
-27.93     -4.71     33.38     986921
-27.93     -4.71     33.38     987936
-27.93     -4.71     33.38     988950
-27.93     -4.58     33.38     989965
-27.93     -4.71     33.38     990979
-27.93     -4.71     33.38     991992
-27.93     -4.71     33.38     993007
-27.93     -4.71     33.38     994021
-27.93     -4.71     33.38     995036
-27.93     -4.71     33.38     996049
-27.93     -4.71     33.38     997064
-27.93     -4.71     33.38     998078
-27.93     -4.71     33.38     999093
-27.93     -4.71     33.38     1000107
-27.93     -4.71     33.50     1001121
-27.93     -4.71     33.38     1002135
-28.15     -4.83     33.38     1003150
-28.15     -4.71     33.38     1004164
-28.15     -4.71     33.38     1005178
-28.15     -4.71     33.38     1006192
-28.15     -4.83     33.38     1007207
-28.15     -4.83     33.38     1008222
-28.15     -4.71     33.38     1009235
-28.15     -4.83     33.38     1010250
-28.15     -4.83     33.38     1011264
-28.15     -4.83     33.38     1012279
-28.15     -4.83     33.38     1013293
-28.15     -4.83     33.38     1014307
-28.15     -4.83     33.26     1015321
-28.15     -4.71     33.38     1016336
-28.15     -4.83     33.38     1017350
-28.15     -4.83     33.50     1018364
-28.15     -4.83     33.50     1019378
-28.15     -4.83     33.50     1020393
-28.15     -4.83     33.26     1021407
-28.15     -4.96     33.50     1022422
-28.15     -4.83     33.50     1023435
-28.15     -4.83     33.50     1024450
-28.15     -4.83     33.50     1025464
-28.15     -4.83     33.50     1026479
-28.15     -4.83     33.50     1027493
-28.15     -4.83     33.50     1028507
-28.15     -4.83     33.62     1029522
-28.15     -4.71     33.50     1030536
-28.37     -4.83     33.50     1031550
-28.37     -4.83     33.50     1032564
-28.37     -4.83     33.50     1033579
-28.37     -4.96     33.50     1034593
-28.37     -4.83     33.50     1035608
-28.37     -4.83     33.50     1036621
-28.37     -4.83     33.50     1037636
-28.37     -4.83     33.50     1038650
-28.37     -4.83     33.50     1039665
-28.37     -4.83     33.62     1040678
-28.37     -4.83     33.62     1041693
-28.37     -4.83     33.50     1042707
-28.37     -4.96     33.62     1043722
-28.37     -4.83     33.62     1044736
-28.37     -4.83     33.62     1045750
-28.37     -4.83     33.62     1046764
-28.59     -4.83     33.62     1047779
-28.37     -4.83     33.62     1048794
-28.37     -4.96     33.62     1049807
-28.37     -4.83     33.62     1050822
-28.37     -4.83     33.62     1051836
-28.37     -4.83     33.62     1052851
-28.37     -4.83     33.62     1053864
-28.59     -4.83     33.62     1054879
-28.37     -4.83     33.87     1055893
-28.59     -4.83     33.62     1056908
-28.59     -4.83     33.62     1057922
-28.59     -4.83     33.62     1058936
-28.59     -4.83     33.62     1059950
-28.59     -4.83     33.62     1060965
-28.59     -4.83     33.62     1061979
-28.59     -4.83     33.62     1062993
-28.59     -4.83     33.62     1064007
-28.59     -4.83     33.62     1065022
-28.59     -4.96     33.74     1066036
-28.59     -4.83     33.74     1067051
-28.59     -4.96     33.74     1068064
-28.59     -4.83     33.74     1069079
-28.59     -4.83     33.74     1070093
-28.59     -4.83     33.74     1071108
-28.59     -4.83     33.74     1072121
-28.59     -4.83     33.74     1073136
-28.59     -4.96     33.74     1074150
-28.59     -4.83     33.74     1075164
-28.59     -4.83     33.74     1076178
-28.59     -4.83     33.74     1077192
-28.59     -4.83     33.74     1078207
-28.59     -4.96     33.74     1079221
-28.81     -4.96     33.74     1080236
-28.59     -4.96     33.74     1081249
-28.59     -4.96     33.62     1082264
-28.59     -4.96     33.74     1083278
-28.59     -4.96     33.74     1084293
-28.59     -4.96     33.74     1085306
-28.59     -4.96     33.87     1086321
-28.59     -4.96     33.74     1087335
-28.59     -4.96     33.74     1088349
-28.59     -4.96     33.87     1089363
-28.59     -4.96     33.87     1090377
-28.59     -4.96     33.87     1091392
-28.59     -4.96     33.87     1092406
-28.59     -4.96     33.87     1093421
-28.59     -4.83     33.87     1094434
-28.59     -4.83     33.87     1095448
-28.59     -4.83     33.87     1096463
-28.59     -4.83     33.87     1097477
-28.59     -4.83     33.87     1098491
-28.59     -4.96     33.87     1099505
-28.59     -4.96     33.87     1100520
-28.59     -4.96     33.87     1101534
-28.59     -4.96     33.87     1102547
-28.59     -4.83     33.87     1103562
-28.59     -4.96     33.87     1104576
-28.59     -4.96     33.87     1105591
-28.59     -4.96     33.87     1106605
-28.59     -4.96     33.87     1107619
-28.59     -4.96     33.87     1108633
-28.59     -4.83     33.87     1109647
-28.59     -4.96     33.87     1110662
-28.59     -4.83     33.87     1111675
-28.59     -4.83     33.99     1112690
-28.59     -4.96     33.99     1113704
-28.59     -4.83     33.87     1114719

