0.00     0.00     0.00     0
25.40     25.51     25.62     1013
25.40     25.51     25.62     2028
25.40     25.51     25.62     3043
25.40     25.51     25.62     4058
25.28     25.51     25.97     5071
25.28     25.51     26.19     6086
25.17     25.40     26.42     7101
25.06     25.40     26.65     8115
24.83     25.28     26.88     9129
24.72     25.28     27.11     10144
24.60     25.17     27.34     11158
24.38     25.06     27.57     12173
24.15     25.06     27.80     13187
23.93     24.94     28.03     14201
23.70     24.83     28.50     15216
23.48     24.83     28.50     16230
23.25     24.72     28.73     17245
23.03     24.60     28.85     18258
22.81     24.49     29.08     19273
22.58     24.49     29.31     20288
22.25     24.38     29.43     21302
22.03     24.27     29.67     22317
21.80     24.15     29.90     23330
21.47     24.04     30.02     24345
21.25     23.93     30.26     25360
20.92     23.82     30.37     26374
20.70     23.70     30.49     27388
20.36     23.59     30.73     28402
20.03     23.59     30.85     29417
19.81     23.48     31.09     30431
19.48     23.37     31.21     31446
19.26     23.25     31.33     32460
18.93     23.14     31.44     33474
18.60     23.03     31.68     34489
18.38     22.92     31.80     35503
18.05     22.81     31.92     36517
17.73     22.70     32.04     37531
17.51     22.47     32.16     38546
17.18     22.36     32.29     39560
16.85     22.25     32.41     40574
16.63     22.14     32.53     41588
16.30     22.03     32.65     42603
16.08     21.92     32.77     43618
15.76     21.80     32.89     44632
15.43     21.69     33.01     45645
15.10     21.58     33.13     46660
14.88     21.47     33.26     47674
14.56     21.36     33.38     48689
14.34     21.25     33.62     49702
14.01     21.14     33.50     50717
13.68     21.03     33.62     51731
13.46     20.92     33.74     52746
13.14     20.70     33.62     53760
12.92     20.59     33.99     54774
12.59     20.47     33.99     55788
12.37     20.36     34.11     56802
12.04     20.25     34.24     57817
11.83     20.14     34.36     58830
11.50     20.03     34.36     59845
11.28     19.81     34.48     60859
10.95     19.70     34.61     61874
10.73     19.59     34.61     62887
10.51     19.48     34.73     63901
10.18     19.37     34.85     64916
9.96     19.26     34.85     65930
9.63     19.15     34.98     66945
9.41     18.93     35.10     67958
9.19     18.82     35.10     68973
8.86     18.71     35.23     69987
8.64     18.60     35.23     71002
8.42     18.49     35.35     72015
8.20     18.38     35.35     73030
7.86     18.27     35.48     74045
7.64     18.05     35.48     75059
7.42     17.94     35.60     76073
7.20     17.83     35.73     77087
6.98     17.73     35.73     78102
6.75     17.62     35.73     79117
6.42     17.51     35.85     80131
6.20     17.40     35.85     81145
5.97     17.29     35.98     82159
5.75     17.07     35.98     83174
5.52     16.96     36.10     84189
5.30     16.85     36.10     85202
5.07     16.74     36.10     86217
4.85     16.63     36.23     87231
4.62     16.52     36.23     88246
4.40     16.41     36.36     89261
4.17     16.19     36.36     90274
3.94     16.08     36.36     91289
3.72     15.98     36.48     92303
3.49     15.87     36.48     93318
3.26     15.76     36.48     94331
3.15     15.65     36.61     95346
2.92     15.54     36.61     96360
2.69     15.43     36.61     97375
2.46     15.21     36.74     98388
2.23     15.10     36.99     99403
2.00     14.99     36.74     100417
1.88     14.88     36.86     101432
1.65     14.77     36.86     102446
1.42     14.66     36.86     103460
1.30     14.56     36.86     104474
1.07     14.45     36.99     105489
0.84     14.34     36.99     106503
0.72     14.23     36.99     107517
0.49     14.01     36.99     108531
0.25     13.90     37.12     109546
0.13     13.79     37.12     110560
-0.10     13.68     37.12     111575
-0.22     13.57     37.12     112588
-0.46     13.46     37.25     113603
-0.69     13.35     37.25     114617
-0.81     13.25     37.25     115632
-1.05     13.14     37.25     116645
-1.17     13.03     37.25     117660
-1.41     12.92     37.38     118674
-1.53     12.81     37.38     119689
-1.77     12.70     37.38     120702
-1.89     12.59     37.38     121717
-2.01     12.48     37.38     122731
-2.25     12.37     37.50     123746
-2.37     12.26     37.50     124760
-2.61     12.15     37.50     125774
-2.73     12.04     37.50     126788
-2.86     11.93     37.50     127803
-3.10     11.83     37.63     128817
-3.22     11.72     37.63     129831
-3.34     11.50     37.63     130845
-3.59     11.50     37.63     131860
-3.71     11.39     37.63     132874
-3.84     11.28     37.63     133889
-4.08     11.06     37.76     134902
-4.21     11.06     37.76     135917
-4.33     10.95     37.76     136931
-4.46     10.84     37.76     137945
-4.71     10.73     37.76     138959
-4.83     10.62     37.76     139973
-4.96     10.51     37.76     140988
-5.08     10.40     37.76     142002
-5.21     10.29     37.89     143016
-5.46     10.18     38.02     144030
-5.59     10.07     37.89     145045
-5.71     9.96     37.89     146059
-5.84     9.85     37.89     147073
-5.97     9.74     37.89     148087
-6.09     9.63     37.89     149101
-6.22     9.52     37.89     150116
-6.35     9.52     37.89     151130
-6.48     9.41     37.89     152144
-6.74     9.30     38.02     153158
-6.86     9.19     38.02     154173
-6.99     9.08     38.02     155187
-7.12     8.97     38.02     156201
-7.25     8.86     38.02     157215
-7.38     8.75     38.02     158230
-7.51     8.64     38.02     159245
-7.64     8.64     38.28     160259
-7.78     8.53     38.02     161273
-7.91     8.42     38.02     162288
-8.04     8.31     38.02     163302
-8.17     8.20     38.02     164317
-8.30     8.09     38.02     165331
-8.43     7.98     38.15     166345
-8.57     7.98     38.15     167360
-8.57     7.86     37.89     168375
-8.70     7.75     38.15     169390
-8.83     7.64     38.15     170404
-8.97     7.53     38.15     171418
-9.10     7.53     38.15     172433
-9.24     7.42     38.15     173448
-9.37     7.31     38.15     174462
-9.37     7.20     38.15     175477
-9.64     7.09     38.28     176491
-9.64     7.09     38.15     177506
-9.78     6.98     38.15     178521
-9.91     6.86     38.15     179535
-10.05     6.75     38.15     180550
-10.19     6.64     38.15     181565
-10.19     6.64     38.15     182580
-10.32     6.53     38.15     183595
-10.46     6.42     38.02     184609
-10.60     6.31     38.15     185624
-10.74     6.31     38.15     186638
-10.74     6.20     38.15     187653
-10.87     6.08     38.15     188666
-11.01     5.97     38.15     189681
-11.15     5.97     38.15     190696
-11.15     5.86     38.15     191711
-11.29     5.75     38.15     192726
-11.43     5.75     38.15     193740
-11.57     5.64     38.15     194755
-11.57     5.52     38.15     195770
-11.71     5.41     38.15     196785
-11.86     5.41     38.15     197799
-11.86     5.30     38.02     198814
-12.00     5.19     38.15     199828
-12.14     5.19     38.15     200843
-12.14     5.07     38.15     201858
-12.28     4.96     38.15     202872
-12.42     4.85     38.15     203887
-12.42     4.85     38.15     204902
-12.57     4.74     38.15     205916
-12.71     4.74     38.15     206930
-12.71     4.62     38.15     207945
-12.86     4.51     38.15     208960
-13.00     4.40     38.15     209974
-13.00     4.40     38.28     210989
-13.15     4.28     38.15     212003
-13.15     4.28     38.15     213018
-13.29     4.17     38.15     214032
-13.44     4.06     38.15     215047
-13.44     4.06     38.15     216061
-13.58     3.94     38.28     217076
-13.58     3.94     38.02     218090
-13.73     3.83     38.15     219105
-13.73     3.72     38.15     220120
-13.88     3.72     38.15     221134
-14.03     3.60     38.15     222148
-14.03     3.60     38.15     223163
-14.17     3.49     38.15     224178
-14.17     3.49     38.15     225191
-14.32     3.37     38.15     226206
-14.32     3.26     38.15     227221
-14.47     3.26     38.28     228235
-14.47     3.15     38.28     229250
-14.62     3.15     38.28     230264
-14.62     3.03     38.28     231278
-14.77     3.03     38.28     232293
-14.77     2.92     38.28     233308
-14.92     2.92     38.28     234321
-14.92     2.80     38.28     235336
-15.07     2.69     38.28     236351
-15.07     2.69     38.28     237365
-15.23     2.57     38.28     238380
-15.23     2.57     38.28     239393
-15.38     2.46     38.28     240408
-15.38     2.46     38.28     241423
-15.53     2.34     38.28     242437
-15.53     2.34     38.28     243451
-15.69     2.23     38.28     244466
-15.69     2.23     38.28     245480
-15.84     2.11     38.28     246495
-15.84     2.00     38.28     247510
-15.99     2.00     38.28     248523
-15.99     1.88     38.28     249538
-15.99     1.88     38.28     250553
-16.15     1.77     38.28     251567
-16.15     1.77     38.15     252581
-16.30     1.65     38.28     253595
-16.30     1.65     38.28     254610
-16.46     1.53     38.28     255625
-16.46     1.53     38.02     256638
-16.46     1.42     38.28     257653
-16.62     1.42     38.28     258667
-16.62     1.30     38.28     259682
-16.78     1.30     38.28     260697
-16.78     1.19     38.28     261710
-16.78     1.19     38.28     262725
-16.93     1.07     38.28     263739
-16.93     1.07     38.28     264754
-17.09     0.95     38.28     265767
-17.09     0.95     38.28     266782
-17.09     0.84     38.28     267797
-17.25     0.84     38.28     268811
-17.25     0.72     38.28     269826
-17.25     0.72     38.28     270839
-17.41     0.60     38.28     271854
-17.41     0.60     38.28     272869
-17.57     0.49     38.28     273883
-17.57     0.49     38.28     274897
-17.57     0.37     38.28     275911
-17.73     0.37     38.28     276926
-17.73     0.25     38.28     277940
-17.73     0.25     38.28     278955
-17.90     0.25     38.28     279969
-17.90     0.13     38.28     280983
-17.90     0.13     38.28     281998
-18.06     0.02     38.28     283013
-18.06     0.02     38.28     284026
-18.06     -0.10     38.28     285041
-18.22     -0.10     38.28     286055
-18.22     -0.10     38.28     287070
-18.22     -0.22     38.28     288084
-18.39     -0.22     38.28     289098
-18.39     -0.34     38.28     290113
-18.39     -0.34     38.28     291127
-18.55     -0.46     38.28     292142
-18.55     -0.46     38.28     293156
-18.55     -0.46     38.28     294170
-18.72     -0.57     38.28     295185
-18.72     -0.57     38.15     296199
-18.72     -0.69     38.15     297213
-18.88     -0.69     38.02     298228
-18.88     -0.69     38.15     299242
-18.88     -0.81     38.15     300257
-18.88     -0.81     38.15     301271
-19.05     -0.93     38.15     302285
-19.05     -0.93     38.15     303300
-19.05     -0.93     38.15     304314
-19.22     -1.05     38.15     305329
-19.22     -1.05     38.15     306342
-19.22     -1.17     38.15     307357
-19.22     -1.17     38.15     308372
-19.38     -1.17     38.15     309386
-19.38     -1.29     38.15     310401
-19.38     -1.29     38.15     311415
-19.38     -1.41     38.15     312429
-19.55     -1.41     38.15     313444
-19.55     -1.41     38.15     314458
-19.55     -1.53     38.15     315472
-19.55     -1.53     38.15     316487
-19.72     -1.53     38.15     317501
-19.72     -1.65     38.15     318516
-19.72     -1.65     38.15     319531
-19.72     -1.65     38.15     320544
-19.89     -1.77     38.15     321559
-19.89     -1.77     38.15     322573
-19.89     -1.89     38.15     323588
-20.06     -1.89     38.15     324602
-20.06     -1.89     38.15     325616
-20.06     -1.89     38.15     326631
-20.06     -2.01     38.15     327645
-20.06     -2.01     38.02     328659
-20.24     -2.01     38.15     329674
-20.24     -2.13     38.02     330688
-20.24     -2.13     38.15     331703
-20.24     -2.13     38.02     332717
-20.41     -2.25     38.02     333731
-20.41     -2.25     38.02     334745
-20.41     -2.25     38.02     335760
-20.41     -2.37     38.02     336775
-20.58     -2.37     38.02     337788
-20.58     -2.37     38.02     338803
-20.58     -2.49     38.02     339817
-20.58     -2.49     38.02     340832
-20.58     -2.49     38.02     341847
-20.76     -2.49     38.02     342860
-20.76     -2.61     38.02     343875
-20.76     -2.61     38.02     344889
-20.76     -2.61     38.02     345904
-20.76     -2.73     38.02     346917
-20.93     -2.73     38.02     347932
-20.93     -2.73     38.02     348946
-20.93     -2.86     38.02     349961
-20.93     -2.86     38.02     350974
-21.11     -2.86     38.02     351989
-21.11     -2.86     38.02     353004
-21.11     -2.98     38.02     354018
-21.11     -2.98     38.02     355033
-21.11     -2.98     38.02     356046
-21.29     -3.10     38.02     357061
-21.29     -3.10     38.02     358075
-21.29     -3.10     38.02     359090
-21.29     -3.10     38.02     360104
-21.29     -3.22     38.02     361118
-21.46     -3.22     38.02     362133
-21.46     -3.22     38.02     363147
-21.46     -3.22     38.02     364162
-21.46     -3.34     38.02     365175
-21.46     -3.34     38.02     366190
-21.46     -3.34     38.02     367204
-21.64     -3.34     38.02     368219
-21.64     -3.47     37.89     369232
-21.64     -3.47     37.76     370247
-21.64     -3.47     37.89     371261
-21.64     -3.47     37.89     372276
-21.82     -3.59     37.89     373289
-21.82     -3.59     38.15     374304
-21.82     -3.59     37.89     375318
-21.82     -3.59     37.89     376332
-21.82     -3.71     37.89     377347
-21.82     -3.71     37.89     378360
-22.00     -3.71     37.89     379375
-22.00     -3.71     37.89     380389
-22.00     -3.84     37.89     381404
-22.00     -3.84     37.89     382417
-22.00     -3.84     37.89     383432
-22.00     -3.84     37.89     384446
-22.18     -3.96     37.89     385461
-22.18     -3.96     37.89     386475
-22.18     -3.96     37.89     387489
-22.18     -3.96     37.89     388504
-22.18     -3.96     38.02     389518
-22.18     -4.08     37.89     390533
-22.37     -4.08     37.89     391546
-22.37     -4.08     37.89     392560
-22.37     -4.08     37.89     393575
-22.37     -4.21     37.89     394589
-22.37     -4.21     37.89     395603
-22.37     -4.21     37.89     396617
-22.55     -4.21     37.89     397632
-22.55     -4.21     38.02     398646
-22.55     -4.33     37.89     399661
-22.55     -4.33     37.89     400674
-22.55     -4.33     37.89     401689
-22.55     -4.33     37.89     402704
-22.55     -4.33     37.89     403718
-22.73     -4.46     37.89     404732
-22.73     -4.46     38.02     405746
-22.73     -4.46     37.89     406761
-22.73     -4.46     37.89     407775
-22.73     -4.58     37.89     408790
-22.73     -4.58     37.89     409804
-22.73     -4.58     37.89     410818
-22.73     -4.58     37.89     411833
-22.92     -4.58     37.89     412847
-22.92     -4.71     37.89     413861
-22.92     -4.71     37.89     414875
-22.92     -4.71     37.89     415890
-22.92     -4.71     37.89     416905
-22.92     -4.83     37.89     417918
-22.92     -4.83     37.76     418933
-23.11     -4.83     37.89     419947
-23.11     -4.83     37.76     420962
-23.11     -4.83     37.76     421976
-23.11     -4.96     37.89     422990
-23.11     -4.96     37.76     424004
-23.11     -4.96     37.89     425019
-23.11     -4.96     37.76     426034
-23.11     -5.08     37.76     427047
-23.29     -5.08     37.76     428062
-23.29     -5.08     37.76     429076
-23.29     -5.08     37.76     430091
-23.29     -5.08     37.76     431106
-23.29     -5.08     37.76     432119
-23.29     -5.21     37.89     433134
-23.29     -5.21     37.89     434149
-23.29     -5.21     37.76     435163
-23.48     -5.21     37.76     436177
-23.48     -5.21     37.76     437192
-23.48     -5.33     37.76     438207
-23.48     -5.33     37.76     439221
-23.48     -5.33     37.76     440236
-23.48     -5.33     37.63     441250
-23.48     -5.33     37.76     442264
-23.48     -5.33     37.76     443279
-23.48     -5.46     37.76     444294
-23.67     -5.46     37.76     445307
-23.67     -5.46     37.76     446322
-23.67     -5.46     37.76     447337
-23.67     -5.46     38.02     448351
-23.67     -5.46     37.76     449366
-23.67     -5.59     37.76     450380
-23.67     -5.59     37.76     451394
-23.67     -5.59     37.76     452409
-23.67     -5.59     37.76     453424
-23.86     -5.59     37.89     454437
-23.86     -5.71     37.76     455452
-23.86     -5.71     37.76     456466
-23.86     -5.71     37.76     457481
-23.86     -5.71     37.76     458496
-23.86     -5.71     37.76     459509
-23.86     -5.71     37.76     460524
-23.86     -5.71     37.76     461539
-23.86     -5.84     37.76     462553
-24.05     -5.84     37.76     463567
-24.05     -5.84     37.76     464582
-24.05     -5.84     37.76     465596
-24.05     -5.84     37.76     466611
-24.05     -5.84     37.76     467624
-24.05     -5.97     37.76     468639
-24.05     -5.97     37.76     469654
-24.05     -5.97     37.76     470668
-24.05     -5.97     37.76     471683
-24.05     -5.97     37.76     472697
-24.25     -5.97     37.76     473711
-24.25     -5.97     37.63     474726
-24.25     -6.09     37.63     475741
-24.25     -6.09     37.63     476754
-24.25     -6.09     37.63     477769
-24.25     -6.09     37.63     478783
-24.25     -6.09     37.63     479798
-24.25     -6.09     37.63     480813
-24.25     -6.22     37.63     481826
-24.25     -6.22     37.63     482841
-24.25     -6.22     37.63     483856
-24.44     -6.22     37.63     484870
-24.44     -6.22     37.63     485884
-24.44     -6.22     37.63     486899
-24.44     -6.35     37.50     487913
-24.44     -6.35     37.63     488928
-24.44     -6.35     37.76     489943
-24.44     -6.35     37.63     490957
-24.44     -6.35     37.63     491971
-24.44     -6.35     37.63     492986
-24.44     -6.35     37.63     494001
-24.44     -6.48     37.63     495014
-24.44     -6.48     37.63     496029
-24.64     -6.48     37.63     497044
-24.64     -6.48     37.63     498059
-24.64     -6.48     37.63     499073
-24.64     -6.48     37.63     500087
-24.64     -6.61     37.63     501102
-24.64     -6.61     37.63     502116
-24.64     -6.61     37.63     503131
-24.64     -6.61     37.63     504145
-24.64     -6.61     37.63     505160
-24.64     -6.61     37.63     506174
-24.83     -6.61     37.63     507189
-24.64     -6.61     37.63     508204
-24.83     -6.74     37.63     509218
-24.83     -6.74     37.63     510232
-24.83     -6.74     37.63     511247
-24.83     -6.74     37.63     512261
-24.83     -6.74     37.63     513275
-24.83     -6.74     37.63     514290
-24.83     -6.74     37.63     515304
-24.83     -6.74     37.63     516319
-24.83     -6.74     37.63     517334
-24.83     -6.86     37.63     518347
-24.83     -6.86     37.63     519362
-24.83     -6.86     37.63     520377
-24.83     -6.86     37.63     521391
-25.03     -6.86     37.63     522405
-25.03     -6.86     37.63     523419
-25.03     -6.86     37.63     524434
-25.03     -6.86     37.63     525449
-25.03     -6.99     37.63     526462
-25.03     -6.99     37.63     527477
-25.03     -6.99     37.50     528491
-25.03     -6.99     37.63     529506
-25.03     -6.99     37.63     530520
-25.03     -6.99     37.50     531534
-25.03     -6.99     37.50     532548
-25.03     -6.99     37.50     533563
-25.03     -7.12     37.50     534577
-25.03     -7.12     37.50     535591
-25.23     -7.12     37.50     536605
-25.23     -7.12     37.50     537620
-25.23     -7.12     37.50     538634
-25.23     -7.12     37.50     539649
-25.23     -7.12     37.50     540663
-25.23     -7.12     37.50     541677
-25.23     -7.12     37.50     542692
-25.23     -7.12     37.50     543706
-25.23     -7.12     37.50     544720
-25.23     -7.25     37.50     545734
-25.23     -7.25     37.50     546749
-25.23     -7.25     37.50     547763
-25.23     -7.25     37.50     548777
-25.23     -7.25     37.50     549791
-25.43     -7.25     37.50     550806
-25.43     -7.25     37.50     551821
-25.43     -7.25     37.50     552835
-25.43     -7.25     37.50     553849
-25.43     -7.38     37.50     554864
-25.43     -7.38     37.50     555879
-25.43     -7.38     37.50     556893
-25.43     -7.38     37.63     557907
-25.43     -7.38     37.50     558922
-25.43     -7.38     37.50     559937
-25.43     -7.38     37.50     560951
-25.43     -7.38     37.50     561966
-25.43     -7.38     37.50     562980
-25.43     -7.38     37.50     563995
-25.43     -7.51     37.50     565010
-25.43     -7.51     37.50     566024
-25.43     -7.51     37.50     567038
-25.43     -7.51     37.38     568053
-25.63     -7.51     37.50     569068
-25.63     -7.51     37.50     570082
-25.63     -7.51     37.50     571097
-25.63     -7.51     37.50     572111
-25.63     -7.51     37.50     573126
-25.63     -7.51     37.50     574140
-25.63     -7.64     37.50     575155
-25.63     -7.64     37.50     576169
-25.63     -7.64     37.50     577184
-25.63     -7.64     37.50     578199
-25.63     -7.64     37.50     579213
-25.63     -7.64     37.63     580228
-25.63     -7.64     37.50     581242
-25.63     -7.64     37.50     582257
-25.63     -7.64     37.50     583271
-25.63     -7.64     37.50     584286
-25.63     -7.64     37.50     585300
-25.83     -7.78     37.50     586315
-25.83     -7.78     37.25     587329
-25.83     -7.78     37.50     588344
-25.83     -7.78     37.50     589359
-25.83     -7.78     37.38     590372
-25.83     -7.78     37.50     591387
-25.83     -7.78     37.50     592402
-25.83     -7.78     37.50     593417
-25.83     -7.78     37.50     594430
-25.83     -7.78     37.50     595445
-25.83     -7.78     37.50     596460
-25.83     -7.78     37.63     597474
-25.83     -7.91     37.50     598489
-25.83     -7.91     37.50     599503
-25.83     -7.91     37.63     600518
-25.83     -7.91     37.50     601532
-25.83     -7.91     37.50     602547
-25.83     -7.91     37.50     603561
-25.83     -7.91     37.50     604575
-25.83     -7.91     37.50     605590
-26.03     -7.91     37.50     606605
-26.03     -7.91     37.50     607620
-26.03     -7.91     37.50     608633
-26.03     -7.91     37.50     609648
-26.03     -7.91     37.50     610663
-26.03     -8.04     37.50     611677
-26.03     -8.04     37.50     612691
-26.03     -7.91     37.50     613706
-26.03     -8.04     37.50     614721
-26.03     -8.04     37.50     615735
-26.03     -8.04     37.50     616750
-26.03     -8.04     37.50     617764
-26.03     -8.04     37.50     618778
-26.03     -8.04     37.50     619793
-26.03     -8.04     37.50     620808
-26.03     -8.04     37.50     621822
-26.03     -8.04     37.50     622836
-26.03     -8.04     37.25     623851
-26.03     -8.04     37.50     624866
-26.24     -8.04     37.50     625880
-26.03     -8.17     37.50     626894
-26.03     -8.17     37.50     627909
-26.24     -8.17     37.50     628923
-26.24     -8.17     37.50     629938
-26.24     -8.17     37.50     630952
-26.24     -8.17     37.50     631967
-26.24     -8.17     37.50     632981
-26.24     -8.17     37.50     633996
-26.24     -8.17     37.50     635011
-26.24     -8.17     37.50     636024
-26.24     -8.17     37.38     637039
-26.24     -8.17     37.50     638054
-26.24     -8.17     37.50     639068
-26.24     -8.17     37.50     640082
-26.24     -8.30     37.50     641097
-26.24     -8.30     37.50     642112
-26.24     -8.30     37.50     643126
-26.24     -8.30     37.50     644141
-26.24     -8.30     37.50     645155
-26.24     -8.30     37.50     646170
-26.24     -8.30     37.50     647184
-26.24     -8.30     37.50     648199
-26.24     -8.30     37.50     649213
-26.24     -8.30     37.50     650227
-26.24     -8.30     37.50     651242
-26.24     -8.30     37.50     652257
-26.24     -8.30     37.50     653272
-26.45     -8.30     37.50     654286
-26.45     -8.43     37.50     655300
-26.45     -8.43     37.50     656315
-26.45     -8.43     37.50     657330
-26.45     -8.43     37.50     658344
-26.45     -8.43     37.50     659358
-26.45     -8.43     37.50     660373
-26.45     -8.43     37.50     661388
-26.45     -8.43     37.50     662403
-26.45     -8.43     37.50     663416
-26.45     -8.43     37.50     664431
-26.45     -8.43     37.38     665446
-26.45     -8.43     37.50     666461
-26.45     -8.43     37.38     667474
-26.45     -8.43     37.38     668489
-26.45     -8.57     37.38     669504
-26.45     -8.57     37.38     670519
-26.45     -8.57     37.38     671534
-26.45     -8.57     37.38     672547
-26.45     -8.57     37.38     673562
-26.45     -8.57     37.38     674577
-26.45     -8.57     37.38     675592
-26.45     -8.57     37.38     676606
-26.45     -8.57     37.38     677620
-26.45     -8.57     37.38     678635
-26.45     -8.57     37.38     679650
-26.45     -8.57     37.38     680665
-26.65     -8.57     37.12     681679
-26.45     -8.57     37.38     682693
-26.65     -8.57     37.38     683708
-26.65     -8.57     37.38     684723
-26.65     -8.70     37.38     685737
-26.65     -8.70     37.38     686752
-26.65     -8.70     37.38     687766
-26.65     -8.70     37.38     688781
-26.65     -8.70     37.38     689796
-26.65     -8.70     37.38     690810
-26.65     -8.70     37.25     691824
-26.65     -8.70     37.38     692839
-26.65     -8.70     37.38     693854
-26.65     -8.70     37.38     694868
-26.65     -8.70     37.38     695883
-26.65     -8.70     37.38     696898
-26.65     -8.70     37.25     697912
-26.65     -8.70     37.25     698927
-26.65     -8.70     37.25     699941
-26.65     -8.70     37.25     700956
-26.65     -8.83     37.25     701971
-26.65     -8.83     37.25     702985
-26.65     -8.83     37.38     704000
-26.65     -8.83     37.25     705014
-26.65     -8.83     37.25     706029
-26.65     -8.83     37.25     707044
-26.65     -8.83     37.25     708058
-26.65     -8.83     37.25     709072
-26.65     -8.83     37.25     710087
-26.86     -8.83     37.25     711102
-26.86     -8.83     37.25     712117
-26.86     -8.83     37.25     713131
-26.86     -8.83     37.25     714145
-26.86     -8.83     37.25     715160
-26.86     -8.83     37.25     716175
-26.86     -8.83     37.25     717189
-26.86     -8.83     37.25     718203
-26.86     -8.83     37.38     719218
-26.86     -8.83     37.25     720233
-26.86     -8.97     37.25     721247
-26.86     -8.97     37.25     722262
-26.86     -8.97     37.25     723276
-26.86     -8.97     37.25     724291
-26.86     -8.97     37.25     725305
-26.86     -8.97     37.25     726320
-26.86     -8.97     37.38     727334
-26.86     -8.97     37.25     728348
-26.86     -8.97     37.25     729363
-26.86     -8.97     37.25     730378
-26.86     -8.97     37.25     731392
-26.86     -8.97     37.25     732406
-26.86     -8.97     37.25     733421
-26.86     -8.97     37.25     734435
-26.86     -8.97     37.25     735450
-26.86     -8.97     37.25     736464
-26.86     -8.97     37.25     737479
-26.86     -8.97     37.25     738493
-26.86     -9.10     37.25     739508
-26.86     -9.10     37.25     740523
-26.86     -9.10     37.12     741536
-26.86     -9.10     37.25     742551
-26.86     -9.10     37.25     743566
-27.07     -9.10     37.12     744581
-26.86     -9.10     37.25     745595
-27.07     -9.10     37.25     746609
-27.07     -9.10     37.25     747624
-27.07     -9.10     37.25     748639
-27.07     -9.10     37.25     749652
-27.07     -9.10     37.25     750667
-27.07     -9.10     37.25     751682
-27.07     -9.10     36.99     752697
-27.07     -9.10     37.25     753711
-27.07     -9.10     37.38     754725
-27.07     -9.10     37.25     755740
-27.07     -9.10     37.25     756754
-27.07     -9.10     37.25     757769
-27.07     -9.10     37.25     758784
-27.07     -9.24     37.25     759798
-27.07     -9.24     37.12     760812
-27.07     -9.24     37.25     761827
-27.07     -9.24     37.12     762842
-27.07     -9.24     37.12     763855
-27.07     -9.24     37.12     764870
-27.07     -9.24     37.12     765885
-27.07     -9.24     37.12     766900
-27.07     -9.24     37.12     767913
-27.07     -9.24     37.12     768928
-27.07     -9.24     37.12     769943
-27.07     -9.24     37.12     770957
-27.07     -9.24     37.12     771972
-27.07     -9.24     37.12     772986
-27.28     -9.24     37.12     774001
-27.07     -9.24     37.12     775015
-27.07     -9.24     37.12     776030
-27.07     -9.24     37.12     777044
-27.07     -9.24     37.12     778058
-27.28     -9.24     37.12     779073
-27.07     -9.24     37.12     780088
-27.28     -9.37     37.12     781103
-27.07     -9.37     37.12     782116
-27.28     -9.37     37.12     783131
-27.28     -9.37     37.12     784146
-27.28     -9.37     37.12     785160
-27.28     -9.37     37.12     786174
-27.28     -9.37     37.12     787189
-27.28     -9.37     37.12     788204
-27.28     -9.37     37.12     789218
-27.28     -9.37     37.12     790233
-27.28     -9.37     37.12     791247
-27.28     -9.37     37.12     792261
-27.28     -9.37     37.12     793276
-27.28     -9.37     36.99     794291
-27.28     -9.37     37.12     795305
-27.28     -9.37     37.12     796319
-27.28     -9.37     37.12     797334
-27.28     -9.37     37.12     798349
-27.28     -9.37     37.12     799363
-27.28     -9.37     36.99     800377
-27.28     -9.37     36.99     801392
-27.28     -9.37     37.12     802407
-27.28     -9.37     37.12     803421
-27.28     -9.37     37.12     804435
-27.28     -9.37     37.12     805450
-27.28     -9.51     37.12     806465
-27.28     -9.37     37.12     807479
-27.28     -9.51     37.12     808494
-27.28     -9.51     37.12     809508
-27.28     -9.51     37.12     810522
-27.28     -9.51     37.12     811537
-27.28     -9.51     37.12     812552
-27.28     -9.51     36.99     813566
-27.28     -9.51     37.12     814580
-27.28     -9.51     37.12     815595
-27.28     -9.51     36.99     816610
-27.28     -9.51     37.12     817625
-27.28     -9.51     37.12     818638
-27.28     -9.51     37.12     819653
-27.28     -9.51     37.12     820668
-27.50     -9.51     37.12     821682
-27.50     -9.51     37.12     822696
-27.50     -9.51     37.12     823711
-27.50     -9.51     37.12     824726
-27.50     -9.51     37.12     825741
-27.50     -9.51     37.12     826755
-27.50     -9.51     37.12     827769
-27.50     -9.51     37.12     828784
-27.50     -9.51     36.99     829799
-27.50     -9.51     37.12     830814
-27.50     -9.51     37.12     831827
-27.50     -9.51     37.12     832842
-27.50     -9.51     37.12     833857
-27.50     -9.51     37.12     834872
-27.50     -9.51     37.12     835887
-27.50     -9.51     37.12     836900
-27.50     -9.51     37.12     837915
-27.50     -9.51     36.86     838930
-27.50     -9.64     37.12     839945
-27.50     -9.64     37.12     840960
-27.50     -9.64     37.12     841973
-27.50     -9.64     37.12     842988
-27.50     -9.64     37.12     844003
-27.50     -9.64     37.12     845018
-27.50     -9.64     37.12     846032
-27.50     -9.64     37.12     847047
-27.50     -9.64     37.12     848062
-27.50     -9.64     37.12     849076
-27.50     -9.64     37.12     850091
-27.50     -9.64     37.12     851105
-27.50     -9.64     37.12     852120
-27.50     -9.64     37.12     853135
-27.50     -9.64     37.12     854150
-27.50     -9.64     37.12     855163
-27.50     -9.64     36.99     856178
-27.50     -9.64     37.12     857193
-27.50     -9.64     37.12     858208
-27.50     -9.64     37.12     859223
-27.50     -9.78     36.99     860237
-27.50     -9.78     37.12     861252
-27.50     -9.78     37.12     862266
-27.50     -9.78     37.12     863281
-27.50     -9.78     37.12     864295
-27.50     -9.78     36.99     865310
-27.50     -9.78     36.99     866325
-27.50     -9.78     37.12     867340
-27.50     -9.78     37.12     868355
-27.50     -9.78     37.12     869368
-27.50     -9.78     37.12     870383
-27.71     -9.78     36.99     871398
-27.71     -9.78     37.12     872413
-27.71     -9.78     37.12     873427
-27.50     -9.78     37.12     874441
-27.71     -9.78     37.12     875456
-27.71     -9.78     37.12     876471
-27.71     -9.78     37.12     877486
-27.71     -9.78     37.12     878500
-27.71     -9.78     37.12     879514
-27.71     -9.78     37.12     880529
-27.71     -9.91     37.12     881544
-27.71     -9.91     37.12     882558
-27.71     -9.91     37.12     883573
-27.71     -9.91     37.12     884587
-27.71     -9.91     36.99     885602
-27.71     -9.91     37.12     886617
-27.71     -9.91     37.12     887631
-27.71     -9.91     37.12     888646
-27.71     -9.91     37.12     889660
-27.71     -9.91     37.12     890675
-27.71     -9.91     37.12     891689
-27.71     -9.91     37.12     892704
-27.71     -9.91     37.12     893719
-27.71     -9.91     37.12     894733
-27.71     -9.91     37.12     895748
-27.71     -9.91     37.12     896762
-27.71     -9.91     37.12     897777
-27.71     -9.91     37.12     898792
-27.71     -9.91     37.12     899806
-27.71     -9.91     37.12     900820
-27.71     -9.91     37.12     901835
-27.71     -9.91     37.12     902850
-27.71     -9.91     37.12     903865
-27.71     -9.91     37.12     904879
-27.71     -9.91     37.12     905893
-27.71     -9.91     37.12     906908
-27.71     -9.91     37.12     907923
-27.71     -9.91     37.12     908937
-27.71     -9.91     37.12     909952
-27.71     -9.91     37.12     910966
-27.71     -9.91     37.12     911981
-27.71     -9.91     37.12     912996
-27.71     -9.91     37.12     914010
-27.71     -10.05     37.12     915024
-27.71     -9.91     37.12     916039
-27.71     -10.05     37.38     917054
-27.71     -10.05     37.12     918069
-27.71     -10.05     37.12     919084
-27.71     -10.05     37.12     920097
-27.71     -10.05     37.12     921112
-27.71     -10.05     37.12     922127
-27.71     -10.05     37.12     923142
-27.71     -10.05     37.12     924156
-27.71     -10.05     37.12     925170
-27.71     -10.05     37.12     926185
-27.71     -10.05     37.12     927200
-27.71     -10.05     37.12     928215
-27.71     -10.05     37.12     929229
-27.71     -10.05     37.12     930244
-27.71     -10.05     37.25     931258
-27.71     -10.05     37.25     932273
-27.71     -10.05     37.25     933287
-27.71     -10.05     37.12     934302
-27.93     -10.05     37.12     935317
-27.93     -10.05     37.25     936332
-27.93     -10.05     37.12     937346
-27.93     -10.05     37.12     938360
-27.93     -10.05     37.12     939375
-27.93     -10.05     37.12     940390
-27.93     -10.05     37.12     941405
-27.93     -10.05     37.12     942418
-27.93     -10.05     37.25     943433
-27.93     -10.05     37.25     944448
-27.93     -10.05     37.25     945463
-27.93     -10.05     37.12     946478
-27.93     -10.05     37.25     947492
-27.93     -10.05     37.25     948506
-27.93     -10.05     37.25     949521
-27.93     -10.05     37.25     950536
-27.93     -10.05     37.25     951550
-27.93     -10.05     37.25     952565
-27.93     -10.05     37.25     953580
-27.93     -10.05     37.25     954594
-27.93     -10.19     37.25     955609
-27.93     -10.05     37.25     956623
-27.93     -10.05     37.25     957638
-27.93     -10.19     37.25     958653
-27.93     -10.19     37.25     959667
-27.93     -10.05     37.25     960681
-27.93     -10.19     37.25     961696
-27.93     -10.19     37.25     962711
-27.93     -10.19     37.25     963726
-27.93     -10.19     37.25     964741
-27.93     -10.19     37.25     965754
-27.93     -10.19     37.25     966769
-27.93     -10.19     37.25     967784
-27.93     -10.19     37.25     968799
-27.93     -10.19     37.25     969814
-27.93     -10.19     37.25     970828
-27.93     -10.19     37.25     971842
-27.93     -10.19     37.25     972857
-27.93     -10.19     37.25     973872
-27.93     -10.19     37.25     974886
-27.93     -10.19     37.25     975901
-27.93     -10.19     37.38     976916
-27.93     -10.19     37.25     977930
-27.93     -10.19     37.25     978945
-27.93     -10.19     37.25     979959
-27.93     -10.19     37.25     980974
-27.93     -10.19     37.12     981989
-27.93     -10.19     37.25     983003
-27.93     -10.19     37.25     984017
-27.93     -10.19     37.12     985032
-27.93     -10.32     37.12     986047
-27.93     -10.19     37.12     987062
-27.93     -10.32     37.12     988077
-27.93     -10.19     37.12     989090
-27.93     -10.19     37.12     990105
-27.93     -10.19     37.12     991120
-27.93     -10.19     37.12     992135
-27.93     -10.19     37.12     993149
-27.93     -10.32     36.99     994163
-27.93     -10.32     37.12     995178
-27.93     -10.32     37.12     996193
-27.93     -10.32     37.12     997208
-27.93     -10.32     37.12     998221
-27.93     -10.32     37.12     999236
-27.93     -10.32     37.12     1000251
-27.93     -10.32     37.12     1001266
-27.93     -10.32     37.12     1002280
-27.93     -10.32     37.12     1003294
-27.93     -10.32     37.12     1004309
-27.93     -10.32     37.12     1005324
-27.93     -10.32     37.12     1006339
-27.93     -10.32     37.12     1007352
-27.93     -10.32     36.99     1008367
-27.93     -10.32     37.12     1009382
-27.93     -10.32     37.12     1010397
-27.93     -10.32     37.12     1011411
-27.93     -10.32     37.12     1012425
-27.93     -10.32     37.12     1013440
-27.93     -10.32     37.12     1014455
-27.93     -10.32     37.12     1015470
-27.93     -10.32     37.12     1016484
-27.93     -10.32     37.25     1017498
-27.93     -10.32     37.12     1018513
-27.93     -10.32     37.12     1019528
-27.93     -10.32     37.12     1020542
-28.15     -10.32     37.12     1021557
-27.93     -10.32     37.12     1022571
-28.15     -10.32     37.25     1023586
-28.15     -10.32     37.12     1024601
-28.15     -10.32     37.12     1025615
-27.93     -10.32     37.12     1026630
-28.15     -10.32     37.12     1027644
-28.15     -10.32     37.12     1028659
-28.15     -10.32     37.12     1029673
-28.15     -10.32     37.12     1030688
-28.15     -10.32     37.25     1031703
-28.15     -10.32     37.12     1032717
-28.15     -10.32     37.12     1033732
-28.15     -10.32     37.12     1034746
-28.15     -10.32     37.12     1035761
-28.15     -10.32     37.25     1036775
-28.15     -10.32     37.12     1037790
-28.15     -10.32     37.25     1038804
-28.15     -10.32     37.12     1039819
-28.15     -10.32     37.12     1040834
-28.15     -10.32     37.25     1041848
-28.15     -10.32     37.12     1042863
-28.15     -10.32     37.12     1043877
-28.15     -10.32     37.12     1044892
-28.15     -10.32     37.12     1045907
-28.15     -10.32     37.12     1046921
-28.15     -10.32     37.12     1047936
-28.15     -10.32     37.12     1048950
-28.15     -10.46     37.12     1049965
-28.15     -10.46     37.12     1050979
-28.15     -10.46     37.12     1051994
-28.15     -10.46     37.12     1053008
-28.15     -10.46     37.12     1054023
-28.15     -10.46     37.12     1055037
-28.15     -10.46     37.12     1056052
-28.15     -10.46     37.12     1057067
-28.15     -10.46     37.12     1058080
-28.15     -10.46     37.12     1059095
-28.15     -10.46     37.12     1060110
-28.15     -10.46     37.38     1061125
-28.15     -10.46     37.12     1062138
-28.15     -10.46     37.12     1063153
-28.15     -10.46     37.12     1064168
-28.15     -10.46     37.12     1065183
-28.15     -10.46     37.12     1066196
-28.15     -10.46     37.38     1067211
-28.15     -10.46     37.12     1068226
-28.15     -10.46     37.12     1069240
-28.15     -10.46     37.25     1070255
-28.15     -10.46     37.12     1071269
-28.15     -10.46     37.25     1072284
-28.15     -10.46     37.25     1073298
-28.15     -10.46     37.25     1074313
-28.15     -10.46     37.25     1075328
-28.15     -10.46     37.25     1076342
-28.15     -10.46     37.25     1077356
-28.15     -10.46     37.25     1078371
-28.15     -10.46     37.25     1079386
-28.15     -10.46     37.25     1080399
-28.15     -10.46     37.25     1081414
-28.15     -10.46     37.25     1082429
-28.15     -10.46     37.25     1083444
-28.15     -10.46     37.25     1084457
-28.15     -10.46     37.25     1085472
-28.15     -10.46     37.25     1086487
-28.15     -10.46     37.25     1087501
-28.15     -10.46     37.25     1088516
-28.15     -10.60     37.25     1089530
-28.15     -10.60     37.25     1090545
-28.15     -10.60     37.38     1091560
-28.15     -10.60     37.25     1092574
-28.15     -10.60     37.25     1093588
-28.15     -10.60     37.25     1094603
-28.15     -10.60     37.25     1095618
-28.15     -10.60     37.25     1096633
-28.15     -10.74     37.25     1097648
-28.15     -10.74     37.25     1098661
-28.15     -10.74     37.25     1099676
-28.15     -10.74     37.25     1100691
-28.15     -10.74     37.25     1101706
-28.15     -10.74     37.25     1102721
-28.15     -10.74     37.25     1103735
-28.15     -10.87     37.25     1104750
-28.15     -10.87     36.99     1105765
-28.15     -10.87     37.25     1106779
-28.15     -10.87     37.25     1107793
-28.15     -10.87     37.25     1108808
-28.37     -10.87     37.12     1109823
-28.37     -10.87     37.12     1110838
-28.15     -10.87     37.12     1111853
-28.37     -11.01     37.25     1112867
-28.37     -11.01     37.12     1113882
-28.37     -11.01     37.12     1114896
-28.37     -11.01     37.12     1115911
-28.37     -11.01     37.12     1116925
-28.37     -11.01     37.12     1117940
-28.37     -11.01     36.86     1118955
-28.37     -11.01     37.12     1119969
-28.37     -11.01     37.12     1120984
-28.37     -11.15     37.12     1121998
-28.37     -11.15     37.25     1123013
-28.37     -11.15     37.12     1124028
-28.37     -11.15     37.12     1125043
-28.37     -11.15     37.12     1126056
-28.37     -11.15     37.12     1127071
-28.37     -11.15     37.12     1128086
-28.37     -11.29     36.99     1129101
-28.37     -11.29     36.99     1130116
-28.37     -11.29     36.99     1131129
-28.37     -11.29     36.86     1132144
-28.37     -11.29     36.99     1133159
-28.37     -11.29     36.99     1134174
-28.37     -11.29     36.99     1135188
-28.37     -11.29     36.99     1136202
-28.37     -11.29     36.99     1137217
-28.37     -11.43     36.86     1138232
-28.37     -11.43     36.99     1139247
-28.37     -11.43     36.99     1140261
-28.37     -11.43     36.99     1141276
-28.37     -11.43     36.99     1142290
-28.37     -11.43     36.99     1143305
-28.59     -11.43     36.99     1144320
-28.37     -11.43     36.74     1145334
-28.37     -11.43     36.99     1146349
-28.37     -11.43     36.99     1147363
-28.37     -11.43     36.99     1148378
-28.59     -11.57     36.86     1149392
-28.59     -11.57     36.86     1150407
-28.59     -11.57     36.86     1151422
-28.59     -11.57     36.86     1152436
-28.59     -11.57     36.74     1153451
-28.59     -11.57     36.86     1154465
-28.59     -11.57     36.86     1155480
-28.59     -11.57     36.86     1156495
-28.59     -11.57     36.86     1157509
-28.59     -11.57     36.86     1158523
-28.59     -11.57     36.86     1159538
-28.59     -11.57     36.86     1160553
-28.59     -11.71     36.86     1161567
-28.59     -11.71     36.86     1162582
-28.59     -11.71     36.86     1163596
-28.59     -11.71     36.86     1164611
-28.59     -11.71     36.86     1165626
-28.59     -11.71     36.86     1166640
-28.59     -11.71     36.86     1167654
-28.59     -11.71     36.86     1168669
-28.59     -11.71     36.86     1169684
-28.59     -11.71     36.74     1170698
-28.59     -11.71     36.74     1171713
-28.59     -11.71     36.74     1172727
-28.59     -11.71     36.61     1173742
-28.59     -11.71     36.61     1174756
-28.59     -11.71     36.74     1175771
-28.59     -11.86     36.74     1176785
-28.59     -11.86     36.74     1177800
-28.59     -11.86     36.74     1178815
-28.59     -11.86     36.74     1179829
-28.59     -11.86     36.74     1180844
-28.59     -11.86     36.74     1181858
-28.59     -11.86     36.74     1182873
-28.59     -11.86     36.74     1183887
-28.59     -11.86     36.74     1184902
-28.59     -11.86     36.74     1185916
-28.59     -11.86     36.74     1186931
-28.59     -11.86     36.74     1187945
-28.59     -11.86     36.74     1188960
-28.59     -11.86     36.74     1189975
-28.59     -12.00     36.61     1190989
-28.81     -12.00     36.74     1192003
-28.81     -12.00     36.61     1193018
-28.81     -12.00     36.61     1194033
-28.81     -12.00     36.61     1195047
-28.81     -12.00     36.61     1196061
-28.81     -12.00     36.61     1197076
-28.81     -12.00     36.61     1198091
-28.81     -12.00     36.61     1199106
-28.81     -12.00     36.61     1200119
-28.81     -12.00     36.61     1201134
-28.81     -12.00     36.61     1202149
-28.81     -12.00     36.61     1203163
-28.81     -12.00     36.61     1204177
-28.81     -12.00     36.61     1205192
-28.81     -12.00     36.61     1206207
-28.81     -12.00     36.48     1207221
-28.81     -12.00     36.61     1208236
-28.81     -12.14     36.61     1209250
-28.81     -12.14     36.61     1210264
-28.81     -12.14     36.61     1211279
-28.81     -12.14     36.61     1212294
-28.81     -12.14     36.61     1213307
-28.81     -12.14     36.61     1214322
-28.81     -12.14     36.61     1215337
-28.81     -12.14     36.61     1216351
-28.81     -12.14     36.61     1217366
-28.81     -12.14     36.61     1218380
-28.81     -12.14     36.61     1219394
-28.81     -12.14     36.61     1220409
-28.81     -12.14     36.61     1221424
-28.81     -12.14     36.61     1222437
-28.81     -12.14     36.61     1223452
-28.81     -12.14     36.61     1224466
-28.81     -12.14     36.48     1225481
-28.81     -12.14     36.48     1226496
-28.81     -12.14     36.48     1227509
-28.81     -12.14     36.48     1228524
-28.81     -12.28     36.48     1229539
-28.81     -12.28     36.48     1230554
-28.81     -12.28     36.48     1231567
-28.81     -12.28     36.48     1232582
-28.81     -12.28     36.48     1233597
-28.81     -12.28     36.48     1234611
-28.81     -12.28     36.48     1235625
-28.81     -12.28     36.48     1236640
-29.03     -12.28     36.48     1237654
-29.03     -12.28     36.48     1238669
-29.03     -12.28     36.48     1239684
-29.03     -12.28     36.48     1240698
-29.03     -12.28     36.48     1241712
-29.03     -12.28     36.48     1242727
-29.03     -12.28     36.48     1243742
-29.03     -12.28     36.48     1244756
-29.03     -12.28     36.48     1245770
-29.03     -12.28     36.48     1246785
-29.03     -12.28     36.48     1247800
-29.03     -12.28     36.48     1248815
-29.03     -12.28     36.48     1249828
-29.03     -12.28     36.48     1250843
-29.03     -12.28     36.48     1251858
-29.03     -12.28     36.48     1252873
-29.03     -12.28     36.48     1253886
-29.03     -12.28     36.48     1254901
-29.03     -12.28     36.48     1255916
-29.03     -12.28     36.23     1256931
-29.03     -12.28     36.48     1257946
-29.03     -12.42     36.61     1258959
-29.03     -12.42     36.48     1259974
-29.03     -12.42     36.48     1260989
-29.03     -12.42     36.48     1262004
-29.03     -12.42     36.48     1263017
-29.03     -12.42     36.48     1264032
-29.03     -12.42     36.48     1265047
-29.03     -12.42     36.48     1266062
-29.03     -12.42     36.48     1267076
-29.03     -12.42     36.48     1268090
-29.03     -12.42     36.48     1269105
-29.03     -12.42     36.48     1270120
-29.03     -12.42     36.48     1271134
-29.03     -12.42     36.48     1272148
-29.03     -12.42     36.48     1273163
-29.03     -12.42     36.48     1274178
-29.03     -12.42     36.48     1275192
-29.03     -12.42     36.48     1276207
-29.03     -12.42     36.48     1277221
-29.03     -12.42     36.48     1278236
-29.03     -12.42     36.48     1279250
-29.03     -12.42     36.48     1280265
-29.03     -12.57     36.61     1281280
-29.03     -12.42     36.48     1282294
-29.03     -12.42     36.48     1283308
-29.03     -12.42     36.48     1284323
-29.03     -12.42     36.48     1285338
-29.03     -12.42     36.48     1286352
-29.03     -12.42     36.48     1287366
-29.03     -12.57     36.48     1288381
-29.03     -12.57     36.48     1289396
-29.03     -12.57     36.48     1290409
-29.03     -12.57     36.74     1291424
-29.03     -12.57     36.48     1292439
-29.26     -12.57     36.48     1293454
-29.03     -12.57     36.48     1294468
-29.03     -12.57     36.48     1295482
-29.03     -12.57     36.48     1296497
-29.03     -12.57     36.48     1297511
-29.26     -12.57     36.48     1298526
-29.03     -12.57     36.48     1299540
-29.26     -12.57     36.48     1300554
-29.26     -12.57     36.48     1301569
-29.26     -12.57     36.48     1302584
-29.26     -12.57     36.48     1303598
-29.26     -12.57     36.48     1304612
-29.26     -12.57     36.48     1305627
-29.26     -12.57     36.48     1306641
-29.26     -12.57     36.48     1307656
-29.26     -12.57     36.48     1308670
-29.26     -12.57     36.48     1309684
-29.26     -12.57     36.48     1310699
-29.26     -12.57     36.48     1311714
-29.26     -12.57     36.48     1312728
-29.26     -12.57     36.48     1313742
-29.26     -12.57     36.48     1314757
-29.26     -12.57     36.48     1315771
-29.26     -12.57     36.48     1316786
-29.26     -12.57     36.48     1317800
-29.26     -12.57     36.48     1318814
-29.26     -12.57     36.48     1319829
-29.26     -12.71     36.48     1320844
-29.26     -12.71     36.48     1321858
-29.26     -12.71     36.48     1322872
-29.26     -12.71     36.48     1323887
-29.26     -12.71     36.48     1324901
-29.26     -12.71     36.48     1325916
-29.26     -12.71     36.48     1326930
-29.26     -12.71     36.61     1327944
-29.26     -12.71     36.48     1328959
-29.26     -12.71     36.48     1329974
-29.26     -12.71     36.48     1330988
-29.26     -12.71     36.36     1332002
-29.26     -12.71     36.36     1333017
-29.26     -12.71     36.36     1334031
-29.26     -12.71     36.48     1335046
-29.26     -12.71     36.36     1336060
-29.26     -12.71     36.36     1337074
-29.26     -12.71     36.36     1338089
-29.26     -12.71     36.36     1339104
-29.26     -12.71     36.36     1340118
-29.26     -12.71     36.36     1341132
-29.26     -12.71     36.36     1342147
-29.26     -12.71     36.36     1343161
-29.26     -12.71     36.36     1344176
-29.26     -12.71     36.36     1345190
-29.26     -12.71     36.36     1346204
-29.26     -12.71     36.36     1347219
-29.26     -12.71     36.36     1348234
-29.26     -12.71     36.36     1349248
-29.26     -12.71     36.36     1350262
-29.26     -12.71     36.36     1351277
-29.26     -12.71     36.36     1352291
-29.26     -12.71     36.36     1353306
-29.26     -12.71     36.36     1354320
-29.26     -12.71     36.36     1355334
-29.26     -12.71     36.36     1356349
-29.26     -12.71     36.36     1357364
-29.26     -12.71     36.36     1358377
-29.49     -12.71     36.36     1359392
-29.26     -12.71     36.36     1360407
-29.26     -12.71     36.36     1361421
-29.49     -12.71     36.36     1362436
-29.49     -12.86     36.36     1363450
-29.26     -12.86     36.36     1364464
-29.49     -12.86     36.36     1365479
-29.26     -12.86     36.36     1366494
-29.26     -12.86     36.36     1367508
-29.49     -12.86     36.36     1368522
-29.49     -12.71     36.36     1369537
-29.49     -12.86     36.36     1370552
-29.26     -12.86     36.36     1371566
-29.49     -12.86     36.23     1372580
-29.49     -12.86     36.36     1373595
-29.49     -12.86     36.36     1374610
-29.49     -12.86     36.36     1375624
-29.49     -12.86     36.36     1376638
-29.49     -12.86     36.36     1377653
-29.49     -12.86     36.36     1378668
-29.49     -12.86     36.36     1379682
-29.49     -12.86     36.36     1380697
-29.49     -12.86     36.36     1381711
-29.49     -12.86     36.36     1382726
-29.49     -12.86     36.36     1383740
-29.49     -12.86     36.36     1384755
-29.49     -12.86     36.36     1385769
-29.49     -12.86     36.36     1386783
-29.49     -12.86     36.36     1387798
-29.49     -12.86     36.36     1388813
-29.49     -12.86     36.36     1389828
-29.49     -12.86     36.36     1390841
-29.49     -12.86     36.36     1391856
-29.49     -12.86     36.36     1392871
-29.49     -12.86     36.36     1393886
-29.49     -12.86     36.36     1394899
-29.49     -12.86     36.48     1395914
-29.49     -12.86     36.36     1396929
-29.49     -13.00     36.36     1397943
-29.49     -12.86     36.36     1398958
-29.49     -12.86     36.36     1399972
-29.49     -13.00     36.36     1400987
-29.49     -13.00     36.36     1402001
-29.49     -13.00     36.36     1403016
-29.49     -13.00     36.36     1404030
-29.49     -13.00     36.36     1405045
-29.49     -13.00     36.36     1406059
-29.49     -13.00     36.36     1407074
-29.49     -13.00     36.36     1408089
-29.49     -13.00     36.36     1409102
-29.49     -13.00     36.36     1410117
-29.49     -13.00     36.36     1411132
-29.49     -13.00     36.36     1412147
-29.49     -13.00     36.36     1413160
-29.49     -13.00     36.36     1414175
-29.49     -13.00     36.36     1415190
-29.49     -13.00     36.36     1416205
-29.49     -13.00     36.36     1417219
-29.49     -13.00     36.23     1418233
-29.49     -13.00     36.36     1419248
-29.49     -13.00     36.36     1420262
-29.49     -13.00     36.36     1421277
-29.49     -13.00     36.36     1422291
-29.49     -13.00     36.36     1423306
-29.49     -13.00     36.36     1424320
-29.49     -13.00     36.36     1425335
-29.49     -13.00     36.61     1426350
-29.49     -13.00     36.36     1427364
-29.49     -13.00     36.36     1428378
-29.49     -13.00     36.36     1429393
-29.49     -13.00     36.36     1430408
-29.49     -13.00     36.36     1431421
-29.49     -13.00     36.36     1432436
-29.49     -13.00     36.36     1433451
-29.49     -13.00     36.36     1434466
-29.49     -13.00     36.36     1435480
-29.49     -13.00     36.36     1436494
-29.49     -13.00     36.36     1437509
-29.49     -13.00     36.36     1438524
-29.49     -13.00     36.36     1439538
-29.49     -13.00     36.23     1440552
-29.49     -13.00     36.36     1441567
-29.49     -13.00     36.36     1442581
-29.49     -13.00     36.36     1443596
-29.49     -13.00     36.36     1444611
-29.49     -13.00     36.61     1445625
-29.49     -13.00     36.36     1446639
-29.72     -13.00     36.36     1447654
-29.49     -13.00     36.36     1448669
-29.72     -13.00     36.36     1449683
-29.49     -13.00     36.36     1450697
-29.72     -13.15     36.36     1451712
-29.72     -13.15     36.36     1452727
-29.72     -13.15     36.36     1453741
-29.72     -13.15     36.36     1454755
-29.72     -13.15     36.36     1455770
-29.72     -13.15     36.36     1456785
-29.72     -13.15     36.36     1457799
-29.72     -13.15     36.36     1458813
-29.72     -13.15     36.61     1459828
-29.72     -13.15     36.36     1460843
-29.72     -13.15     36.23     1461857
-29.72     -13.15     36.36     1462872
-29.72     -13.15     36.36     1463886
-29.72     -13.15     36.36     1464901
-29.72     -13.15     36.36     1465915
-29.72     -13.15     36.36     1466930
-29.72     -13.15     36.36     1467944
-29.72     -13.15     36.36     1468958
-29.72     -13.15     36.36     1469973
-29.72     -13.15     36.36     1470988
-29.72     -13.15     36.36     1472003
-29.72     -13.15     36.36     1473016
-29.72     -13.15     36.61     1474031
-29.72     -13.15     36.36     1475046
-29.72     -13.15     36.36     1476061
-29.72     -13.15     36.36     1477074
-29.72     -13.15     36.61     1478089
-29.72     -13.15     36.36     1479104
-29.72     -13.15     36.36     1480119
-29.72     -13.15     36.36     1481133
-29.72     -13.15     36.61     1482147
-29.72     -13.15     36.36     1483162
-29.72     -13.15     36.36     1484176
-29.72     -13.15     36.36     1485191
-29.72     -13.15     36.36     1486205
-29.72     -13.15     36.36     1487220
-29.72     -13.15     36.36     1488234
-29.72     -13.15     36.36     1489249
-29.72     -13.15     36.36     1490264
-29.72     -13.15     36.36     1491278
-29.72     -13.15     36.36     1492292
-29.72     -13.15     36.36     1493307
-29.72     -13.15     36.36     1494322
-29.72     -13.15     36.36     1495336
-29.72     -13.15     36.36     1496350
-29.72     -13.15     36.36     1497365
-29.72     -13.15     36.48     1498380
-29.72     -13.15     36.36     1499394
-29.72     -13.15     36.36     1500408
-29.72     -13.15     36.36     1501423
-29.72     -13.29     36.36     1502438
-29.72     -13.29     36.36     1503452
-29.72     -13.29     36.36     1504466
-29.72     -13.29     36.36     1505481
-29.72     -13.29     36.36     1506496
-29.72     -13.29     36.36     1507510
-29.72     -13.29     36.61     1508525
-29.72     -13.29     36.36     1509539
-29.72     -13.29     36.61     1510554
-29.72     -13.29     36.36     1511568
-29.72     -13.29     36.36     1512583
-29.72     -13.29     36.36     1513597
-29.72     -13.29     36.36     1514612
-29.72     -13.29     36.36     1515626
-29.72     -13.29     36.36     1516641
-29.72     -13.29     36.36     1517656
-29.72     -13.29     36.36     1518669
-29.72     -13.29     36.23     1519684
-29.72     -13.29     36.36     1520699
-29.72     -13.29     36.36     1521714
-29.72     -13.29     36.36     1522727
-29.72     -13.29     36.36     1523742
-29.72     -13.29     36.36     1524757
-29.72     -13.29     36.36     1525772
-29.72     -13.29     36.36     1526786
-29.72     -13.29     36.36     1527800
-29.72     -13.29     36.36     1528815
-29.72     -13.29     36.36     1529830
-29.72     -13.29     36.36     1530844
-29.72     -13.29     36.36     1531858
-29.72     -13.29     36.36     1532873
-29.72     -13.29     36.36     1533887
-29.72     -13.29     36.23     1534902
-29.72     -13.29     36.36     1535917
-29.72     -13.29     36.36     1536931
-29.72     -13.29     36.36     1537945
-29.72     -13.29     36.36     1538960
-29.72     -13.29     36.36     1539975
-29.72     -13.29     36.36     1540989
-29.72     -13.29     36.36     1542003
-29.72     -13.29     36.36     1543018
-29.72     -13.29     36.36     1544033
-29.72     -13.29     36.36     1545048
-29.72     -13.29     36.36     1546061
-29.72     -13.29     36.23     1547076
-29.72     -13.29     36.23     1548091
-29.72     -13.29     36.23     1549105
-29.72     -13.29     36.23     1550119
-29.72     -13.29     36.36     1551134
-29.72     -13.29     36.23     1552149
-29.72     -13.29     36.23     1553163
-29.72     -13.29     36.23     1554178
-29.72     -13.29     36.23     1555192
-29.72     -13.29     36.23     1556207
-29.72     -13.29     36.23     1557221
-29.72     -13.29     36.23     1558236
-29.95     -13.29     36.23     1559250
-29.72     -13.29     36.23     1560265
-29.72     -13.29     36.23     1561279
-29.72     -13.29     36.36     1562294
-29.72     -13.29     36.23     1563309
-29.72     -13.44     36.23     1564323
-29.72     -13.29     36.23     1565337
-29.72     -13.29     36.23     1566352
-29.72     -13.29     36.23     1567367
-29.95     -13.29     36.23     1568380
-29.72     -13.29     36.23     1569395
-29.72     -13.44     36.36     1570410
-29.72     -13.29     36.23     1571425
-29.72     -13.29     36.36     1572439
-29.95     -13.29     36.23     1573453
-29.95     -13.29     36.23     1574468
-29.95     -13.29     36.23     1575483
-29.95     -13.29     36.23     1576497
-29.95     -13.29     36.23     1577511
-29.95     -13.29     36.23     1578526
-29.95     -13.29     36.23     1579540
-29.95     -13.29     36.23     1580555
-29.95     -13.29     36.23     1581570
-29.95     -13.44     36.23     1582584
-29.95     -13.44     36.23     1583598
-29.95     -13.44     36.23     1584613
-29.95     -13.29     36.23     1585628
-29.95     -13.44     36.23     1586642
-29.95     -13.44     36.23     1587656
-29.95     -13.44     36.23     1588671
-29.95     -13.44     36.23     1589686
-29.95     -13.44     36.23     1590700
-29.95     -13.44     36.23     1591714
-29.95     -13.44     36.23     1592729
-29.95     -13.44     36.23     1593744
-29.95     -13.44     36.23     1594758
-29.95     -13.44     36.23     1595772
-29.95     -13.44     36.23     1596787
-29.95     -13.44     36.23     1597802
-29.95     -13.44     36.23     1598816
-29.95     -13.44     36.23     1599831
-29.95     -13.44     36.23     1600845
-29.95     -13.44     36.23     1601860
-29.95     -13.44     36.23     1602874
-29.95     -13.44     36.23     1603889
-29.95     -13.44     36.36     1604903
-29.95     -13.44     36.23     1605917
-29.95     -13.44     36.23     1606932
-29.95     -13.44     36.36     1607947
-29.95     -13.44     36.23     1608962
-29.95     -13.44     36.23     1609975
-29.95     -13.44     36.36     1610990
-29.95     -13.44     36.23     1612005
-29.95     -13.44     36.23     1613020
-29.95     -13.44     36.23     1614033
-29.95     -13.44     36.36     1615048
-29.95     -13.44     36.36     1616063
-29.95     -13.44     36.36     1617078
-29.95     -13.44     36.36     1618092
-29.95     -13.44     36.36     1619106
-29.95     -13.44     36.36     1620121
-29.95     -13.44     36.36     1621135
-29.95     -13.44     36.36     1622150
-29.95     -13.44     36.36     1623164
-29.95     -13.44     36.36     1624179
-29.95     -13.44     36.36     1625193
-29.95     -13.44     36.48     1626208
-29.95     -13.44     36.36     1627223
-29.95     -13.44     36.36     1628237
-29.95     -13.44     36.36     1629251
-29.95     -13.44     36.36     1630266
-29.95     -13.44     36.36     1631281
-29.95     -13.44     36.36     1632294
-29.95     -13.44     36.36     1633309
-29.95     -13.44     36.36     1634324
-29.95     -13.44     36.36     1635339
-29.95     -13.44     36.36     1636353
-29.95     -13.44     36.36     1637367
-29.95     -13.44     36.36     1638382
-29.95     -13.44     36.36     1639397
-29.95     -13.44     36.36     1640411
-29.95     -13.44     36.36     1641425
-29.95     -13.44     36.36     1642440
-29.95     -13.44     36.36     1643454
-29.95     -13.44     36.36     1644469
-29.95     -13.44     36.36     1645484
-29.95     -13.44     36.36     1646498
-29.95     -13.44     36.36     1647512
-29.95     -13.44     36.36     1648527
-29.95     -13.44     36.36     1649542
-29.95     -13.44     36.36     1650556
-29.95     -13.44     36.36     1651570
-29.95     -13.44     36.36     1652585
-29.95     -13.44     36.36     1653600
-29.95     -13.44     36.36     1654614
-29.95     -13.44     36.36     1655628
-29.95     -13.44     36.36     1656643
-29.95     -13.44     36.36     1657658
-29.95     -13.44     36.36     1658672
-29.95     -13.44     36.36     1659686
-29.95     -13.44     36.36     1660701
-29.95     -13.44     36.36     1661716
-29.95     -13.44     36.36     1662730
-29.95     -13.44     36.36     1663745
-29.95     -13.58     36.36     1664759
-29.95     -13.44     36.36     1665773
-29.95     -13.44     36.36     1666788
-29.95     -13.44     36.48     1667803
-29.95     -13.44     36.48     1668817
-29.95     -13.44     36.48     1669831
-29.95     -13.58     36.48     1670846
-29.95     -13.58     36.48     1671861
-29.95     -13.58     36.48     1672876
-29.95     -13.58     36.48     1673889
-29.95     -13.58     36.48     1674904
-29.95     -13.58     36.48     1675919
-29.95     -13.58     36.23     1676934
-29.95     -13.58     36.48     1677947
-29.95     -13.58     36.36     1678962
-29.95     -13.58     36.48     1679977
-29.95     -13.58     36.48     1680991
-29.95     -13.58     36.61     1682006
-29.95     -13.58     36.48     1683020
-29.95     -13.58     36.48     1684035
-29.95     -13.58     36.48     1685049
-29.95     -13.58     36.48     1686064
-29.95     -13.58     36.48     1687078
-29.95     -13.58     36.48     1688093
-29.95     -13.58     36.48     1689107
-29.95     -13.58     36.48     1690122
-29.95     -13.58     36.48     1691137
-29.95     -13.58     36.48     1692150
-29.95     -13.58     36.48     1693165
-29.95     -13.58     36.48     1694180
-29.95     -13.58     36.48     1695195
-29.95     -13.58     36.48     1696208
-29.95     -13.58     36.48     1697223
-29.95     -13.58     36.48     1698238
-29.95     -13.58     36.48     1699253
-29.95     -13.58     36.61     1700267
-29.95     -13.58     36.61     1701281
-29.95     -13.58     36.61     1702296
-29.95     -13.58     36.61     1703310
-29.95     -13.58     36.61     1704325
-29.95     -13.58     36.61     1705339
-29.95     -13.58     36.61     1706354
-29.95     -13.58     36.61     1707368
-29.95     -13.58     36.61     1708383
-29.95     -13.58     36.61     1709398
-29.95     -13.58     36.61     1710412
-29.95     -13.58     36.61     1711426
-29.95     -13.58     36.61     1712441
-29.95     -13.58     36.61     1713456
-29.95     -13.58     36.61     1714470
-29.95     -13.58     36.61     1715484
-29.95     -13.58     36.61     1716499
-29.95     -13.58     36.61     1717514
-29.95     -13.58     36.61     1718528
-29.95     -13.58     36.61     1719542
-29.95     -13.58     36.61     1720557
-29.95     -13.58     36.86     1721572
-29.95     -13.58     36.61     1722586
-29.95     -13.58     36.61     1723600
-29.95     -13.58     36.61     1724615
-29.95     -13.58     36.61     1725630
-29.95     -13.58     36.61     1726644
-29.95     -13.58     36.61     1727659
-29.95     -13.58     36.61     1728673
-29.95     -13.58     36.61     1729687
-29.95     -13.58     36.61     1730702
-29.95     -13.58     36.61     1731717
-29.95     -13.58     36.61     1732731
-29.95     -13.58     36.61     1733745
-29.95     -13.58     36.74     1734760
-29.95     -13.58     36.74     1735775
-29.95     -13.58     36.74     1736790
-29.95     -13.58     36.74     1737803
-29.95     -13.58     36.74     1738818
-29.95     -13.58     36.74     1739833
-29.95     -13.58     36.74     1740848
-29.95     -13.58     36.74     1741861
-29.95     -13.58     36.74     1742876
-29.95     -13.58     36.74     1743891
-29.95     -13.58     36.74     1744905
-29.95     -13.58     36.74     1745920
-29.95     -13.58     36.74     1746934
-29.95     -13.58     36.74     1747949
-29.95     -13.58     36.74     1748963
-29.95     -13.58     36.74     1749978
-29.95     -13.58     36.74     1750992
-29.95     -13.58     36.74     1752006
-29.95     -13.58     36.74     1753021
-29.95     -13.58     36.74     1754036
-29.95     -13.58     36.74     1755051
-29.95     -13.58     36.74     1756064
-29.95     -13.58     36.74     1757079
-29.95     -13.58     36.74     1758094
-29.95     -13.58     36.74     1759109
-29.95     -13.58     36.74     1760122
-29.95     -13.58     36.74     1761137
-29.95     -13.58     36.74     1762152
-29.95     -13.58     36.74     1763167
-29.95     -13.58     36.74     1764180
-29.95     -13.58     36.61     1765195
-29.95     -13.58     36.74     1766210
-29.95     -13.58     36.74     1767224
-29.95     -13.58     36.74     1768239
-29.95     -13.58     36.74     1769253
-29.95     -13.58     36.74     1770268
-29.95     -13.58     36.74     1771282
-29.95     -13.58     36.74     1772297
-29.95     -13.58     36.74     1773312
-29.95     -13.58     36.74     1774325
-29.95     -13.58     36.99     1775340
-29.95     -13.58     36.74     1776355
-29.95     -13.58     36.74     1777370
-30.18     -13.58     36.74     1778383
-29.95     -13.58     36.74     1779398
-29.95     -13.58     36.74     1780413
-29.95     -13.58     36.74     1781428
-29.95     -13.58     36.74     1782441
-29.95     -13.58     36.74     1783456
-29.95     -13.58     36.74     1784471
-29.95     -13.58     36.74     1785486
-29.95     -13.58     36.74     1786500
-29.95     -13.58     36.74     1787514
-29.95     -13.58     36.74     1788529
-29.95     -13.58     36.86     1789543
-29.95     -13.58     36.74     1790558
-29.95     -13.58     36.74     1791572
-29.95     -13.58     36.74     1792587
-29.95     -13.58     36.74     1793601
-29.95     -13.58     36.74     1794616
-29.95     -13.58     36.74     1795631
-29.95     -13.58     36.74     1796645
-29.95     -13.58     36.74     1797659
-29.95     -13.58     36.74     1798674
-29.95     -13.58     36.74     1799689
-29.95     -13.58     36.74     1800702
-30.18     -13.58     36.74     1801717
-29.95     -13.58     36.74     1802732
-29.95     -13.58     36.74     1803747
-29.95     -13.58     36.74     1804761
-29.95     -13.58     36.74     1805775
-29.95     -13.58     36.74     1806790
-29.95     -13.58     36.74     1807805
-29.95     -13.58     36.74     1808819
-29.95     -13.58     36.74     1809833
-29.95     -13.58     36.74     1810848
-29.95     -13.58     36.74     1811863
-29.95     -13.58     36.74     1812877
-29.95     -13.58     36.74     1813892
-29.95     -13.58     36.74     1814906
-29.95     -13.58     36.74     1815920
-29.95     -13.58     36.74     1816935
-29.95     -13.58     36.74     1817950
-29.95     -13.58     36.74     1818964
-29.95     -13.58     36.74     1819978
-29.95     -13.58     36.74     1820993
-29.95     -13.58     36.74     1822008
-29.95     -13.58     36.74     1823023
-29.95     -13.58     36.74     1824036
-29.95     -13.58     36.74     1825051
-29.95     -13.58     36.74     1826066
-29.95     -13.58     36.74     1827080
-29.95     -13.58     36.48     1828094
-29.95     -13.58     36.74     1829109
-29.95     -13.58     36.74     1830124
-29.95     -13.58     36.74     1831138
-29.95     -13.58     36.74     1832153
-29.95     -13.58     36.74     1833167
-29.95     -13.58     36.74     1834182
-29.95     -13.58     36.74     1835196
-29.95     -13.58     36.74     1836211
-29.95     -13.58     36.74     1837225
-29.95     -13.58     36.74     1838240
-29.95     -13.58     36.74     1839254
-29.95     -13.58     36.74     1840269
-29.95     -13.58     36.74     1841284
-29.95     -13.58     36.74     1842297
-29.95     -13.58     36.74     1843312
-29.95     -13.58     36.74     1844327
-29.95     -13.58     36.74     1845342
-29.95     -13.58     36.74     1846355
-29.95     -13.58     36.74     1847370
-29.95     -13.58     36.74     1848385
-29.95     -13.58     36.74     1849400
-29.95     -13.58     36.74     1850414
-29.95     -13.58     36.74     1851428
-29.95     -13.58     36.74     1852443
-29.95     -13.58     36.74     1853457
-29.95     -13.58     36.74     1854472
-29.95     -13.58     36.74     1855486
-29.95     -13.58     36.74     1856501
-29.95     -13.58     36.74     1857515
-29.95     -13.58     36.74     1858530
-29.95     -13.58     36.74     1859545
-29.95     -13.58     36.74     1860558
-29.95     -13.58     36.74     1861573
-29.95     -13.58     36.74     1862588
-29.95     -13.58     36.74     1863603
-29.95     -13.58     36.74     1864616
-29.95     -13.58     36.74     1865631
-29.95     -13.58     36.74     1866646
-29.95     -13.58     36.74     1867661
-29.95     -13.58     36.74     1868675
-29.95     -13.58     36.61     1869689
-29.95     -13.58     36.61     1870704
-29.95     -13.58     36.61     1871719
-29.95     -13.58     36.61     1872733
-29.95     -13.58     36.61     1873747
-29.95     -13.58     36.61     1874762
-29.95     -13.58     36.61     1875776
-29.95     -13.58     36.61     1876791
-29.95     -13.58     36.61     1877806
-29.95     -13.58     36.61     1878820
-29.95     -13.58     36.61     1879834
-29.95     -13.58     36.61     1880849
-29.95     -13.58     36.61     1881864
-29.95     -13.58     36.61     1882878
-29.95     -13.58     36.61     1883892
-29.95     -13.58     36.61     1884907
-29.95     -13.58     36.61     1885922
-29.95     -13.58     36.61     1886936
-29.95     -13.58     36.61     1887950
-29.95     -13.73     36.74     1888965
-29.95     -13.73     36.74     1889980
-29.95     -13.73     36.74     1890994
-30.18     -13.58     36.74     1892008
-30.18     -13.73     36.74     1893023
-30.18     -13.73     36.74     1894038
-30.18     -13.73     36.74     1895052
-30.18     -13.73     36.74     1896067
-30.18     -13.73     36.74     1897081
-30.18     -13.73     36.74     1898096
-30.18     -13.73     36.74     1899110
-30.18     -13.73     36.74     1900125
-30.18     -13.73     36.74     1901139
-30.18     -13.73     36.74     1902154
-30.18     -13.88     36.74     1903168
-30.18     -13.88     36.74     1904183
-30.18     -13.88     36.74     1905198
-30.18     -13.88     36.74     1906211
-30.18     -13.88     36.74     1907226
-30.18     -13.88     36.74     1908241
-30.18     -13.88     36.74     1909256
-30.18     -13.88     36.74     1910269
-30.18     -13.88     36.74     1911284
-30.18     -13.88     36.74     1912299
-29.95     -13.88     36.61     1913314
-30.18     -13.88     36.61     1914328
-30.18     -13.88     36.61     1915342
-30.18     -13.88     36.61     1916357
-30.18     -13.88     36.61     1917371
-30.18     -13.88     36.61     1918386
-30.18     -13.88     36.61     1919400
-30.18     -14.03     36.61     1920415
-30.18     -14.03     36.48     1921429
-30.18     -14.03     36.61     1922444
-30.18     -14.03     36.61     1923459
-30.18     -14.03     36.61     1924473
-30.18     -14.03     36.61     1925487
-30.18     -14.03     36.61     1926502
-30.18     -14.03     36.61     1927517
-30.18     -14.03     36.61     1928531
-30.18     -14.03     36.61     1929545
-30.18     -14.03     36.61     1930560
-30.18     -14.03     36.61     1931575
-30.18     -14.03     36.61     1932589
-30.18     -14.03     36.74     1933603
-30.18     -14.03     36.36     1934618
-30.18     -14.03     36.61     1935633
-30.18     -14.03     36.61     1936647
-30.18     -14.03     36.86     1937661
-30.18     -14.03     36.61     1938676
-30.18     -14.17     36.61     1939691
-30.18     -14.03     36.61     1940705
-30.18     -14.03     36.61     1941720
-30.18     -14.17     36.36     1942734
-30.18     -14.03     36.61     1943748
-30.18     -14.17     36.74     1944763
-30.18     -14.17     36.61     1945778
-30.18     -14.17     36.61     1946792
-30.18     -14.17     36.61     1947806
-30.18     -14.17     36.48     1948821
-30.18     -14.17     36.48     1949836
-30.18     -14.17     36.48     1950851
-30.18     -14.32     36.48     1951864
-30.18     -14.32     36.48     1952879
-30.18     -14.32     36.74     1953894
-30.18     -14.32     36.48     1954909
-30.18     -14.32     36.48     1955922
-30.18     -14.32     36.48     1956937
-30.18     -14.32     36.48     1957952
-30.18     -14.32     36.48     1958966
-30.18     -14.32     36.48     1959981
-30.18     -14.32     36.48     1960995
-30.18     -14.32     36.48     1962010
-30.18     -14.32     36.48     1963024
-30.18     -14.32     36.48     1964039
-30.18     -14.32     36.48     1965053
-30.18     -14.32     36.48     1966068
-30.18     -14.32     36.48     1967082
-30.18     -14.32     36.48     1968097
-30.18     -14.32     36.48     1969112
-30.18     -14.32     36.48     1970126
-30.18     -14.32     36.48     1971140
-30.18     -14.32     36.48     1972155
-30.18     -14.32     36.23     1973170
-30.18     -14.32     36.48     1974183
-30.18     -14.32     36.48     1975198
-30.18     -14.32     36.48     1976213
-30.18     -14.32     36.48     1977228
-30.18     -14.32     36.48     1978242
-30.42     -14.32     36.48     1979256
-30.42     -14.32     36.48     1980271
-30.42     -14.32     36.48     1981286
-30.42     -14.32     36.61     1982300
-30.42     -14.32     36.48     1983314
-30.42     -14.32     36.48     1984329
-30.42     -14.32     36.48     1985343
-30.42     -14.32     36.48     1986358
-30.42     -14.32     36.48     1987373
-30.42     -14.32     36.48     1988387
-30.42     -14.32     36.48     1989401
-30.42     -14.32     36.48     1990416
-30.42     -14.32     36.48     1991431
-30.42     -14.32     36.48     1992445
-30.42     -14.32     36.48     1993459
-30.42     -14.32     36.48     1994474
-30.42     -14.32     36.48     1995489
-30.42     -14.32     36.48     1996504
-30.42     -14.47     36.48     1997517
-30.42     -14.47     36.48     1998532
-30.42     -14.32     36.48     1999547
-30.42     -14.47     36.48     2000561
-30.42     -14.47     36.61     2001575
-30.42     -14.47     36.48     2002590
-30.42     -14.47     36.48     2003605
-30.42     -14.47     36.48     2004619
-30.42     -14.47     36.48     2005634
-30.42     -14.47     36.48     2006648
-30.42     -14.47     36.48     2007662
-30.42     -14.47     36.48     2008677
-30.42     -14.47     36.61     2009692
-30.42     -14.47     36.48     2010705
-30.42     -14.47     36.61     2011720
-30.42     -14.47     36.36     2012735
-30.42     -14.47     36.23     2013750
-30.42     -14.47     36.48     2014764
-30.42     -14.47     36.36     2015778
-30.42     -14.47     36.48     2016793
-30.42     -14.47     36.23     2017808
-30.42     -14.47     36.36     2018822
-30.42     -14.47     36.36     2019836
-30.42     -14.47     36.48     2020851
-30.42     -14.47     36.48     2021865
-30.42     -14.47     36.48     2022880
-30.42     -14.47     36.48     2023895
-30.42     -14.47     36.48     2024908
-30.42     -14.47     36.48     2025923
-30.42     -14.47     36.48     2026938
-30.42     -14.47     36.48     2027953
-30.42     -14.47     36.48     2028966
-30.42     -14.47     36.48     2029981
-30.42     -14.47     36.48     2030996
-30.42     -14.47     36.48     2032010
-30.42     -14.47     36.48     2033025
-30.42     -14.47     36.48     2034039
-30.42     -14.47     36.48     2035054
-30.42     -14.47     36.48     2036068
-30.42     -14.47     36.48     2037083
-30.42     -14.47     36.48     2038097
-30.42     -14.47     36.23     2039111
-30.42     -14.47     36.48     2040126
-30.42     -14.47     36.48     2041141
-30.42     -14.47     36.48     2042156
-30.42     -14.47     36.48     2043169
-30.42     -14.47     36.48     2044184
-30.42     -14.47     36.48     2045199
-30.42     -14.47     36.36     2046213
-30.42     -14.47     36.48     2047227
-30.42     -14.47     36.48     2048242
-30.42     -14.47     36.48     2049257
-30.42     -14.47     36.48     2050271
-30.42     -14.47     36.61     2051286
-30.42     -14.47     36.48     2052300
-30.42     -14.47     36.48     2053314
-30.42     -14.47     36.48     2054329
-30.42     -14.47     36.48     2055344
-30.42     -14.47     36.48     2056357
-30.42     -14.47     36.48     2057372
-30.42     -14.47     36.48     2058387
-30.42     -14.47     36.48     2059402
-30.42     -14.47     36.48     2060416
-30.42     -14.47     36.48     2061430
-30.42     -14.47     36.48     2062445
-30.42     -14.47     36.48     2063459
-30.42     -14.47     36.48     2064474
-30.42     -14.47     36.48     2065488
-30.42     -14.62     36.48     2066502
-30.42     -14.47     36.48     2067517
-30.42     -14.62     36.48     2068532
-30.42     -14.62     36.48     2069545
-30.42     -14.47     36.48     2070560
-30.42     -14.62     36.48     2071575
-30.42     -14.62     36.48     2072589
-30.42     -14.62     36.48     2073604
-30.42     -14.62     36.48     2074618
-30.42     -14.62     36.48     2075632
-30.42     -14.62     36.48     2076647
-30.42     -14.62     36.48     2077662
-30.42     -14.62     36.48     2078675
-30.42     -14.62     36.23     2079690
-30.42     -14.62     36.48     2080705
-30.42     -14.62     36.48     2081719
-30.42     -14.62     36.48     2082734
-30.42     -14.62     36.48     2083748
-30.42     -14.62     36.48     2084762
-30.42     -14.62     36.48     2085777
-30.42     -14.62     36.48     2086792
-30.42     -14.62     36.48     2087805
-30.42     -14.62     36.48     2088820
-30.42     -14.62     36.48     2089835
-30.42     -14.62     36.48     2090849
-30.42     -14.62     36.48     2091864
-30.42     -14.62     36.48     2092878
-30.42     -14.62     36.48     2093892
-30.42     -14.62     36.48     2094907
-30.42     -14.62     36.48     2095921
-30.42     -14.62     36.48     2096935
-30.42     -14.62     36.48     2097950
-30.42     -14.62     36.48     2098964
-30.42     -14.62     36.48     2099979

