0.00     0.00     0.00     0
20.70     26.31     23.70     1013
20.70     26.31     23.93     2027
20.70     26.19     23.93     3042
20.70     26.19     24.04     4057
20.70     26.08     24.27     5070
20.59     26.08     24.49     6085
20.47     25.97     24.72     7099
20.36     25.97     24.94     8114
20.25     25.85     25.28     9127
20.14     25.74     25.51     10142
19.92     25.62     25.74     11157
19.81     25.62     26.08     12171
19.59     25.51     26.19     13186
19.37     25.40     26.54     14200
19.15     25.28     26.77     15214
18.93     25.17     26.88     16229
18.71     25.17     27.11     17244
18.49     25.06     27.34     18257
18.27     24.94     27.57     19272
18.05     24.83     27.69     20286
17.83     24.72     27.80     21301
17.51     24.60     28.15     22315
17.29     24.49     28.27     23329
17.07     24.38     28.50     24344
16.74     24.27     28.61     25358
16.52     24.15     28.73     26373
16.19     24.04     28.96     27386
15.98     23.93     29.08     28401
15.76     23.82     29.31     29415
15.43     23.70     29.43     30430
15.21     23.59     29.55     31443
14.88     23.48     29.67     32458
14.66     23.25     29.78     33472
14.34     23.14     29.90     34487
14.12     23.03     30.02     35501
13.79     22.92     30.26     36515
13.57     22.81     30.37     37529
13.25     22.70     30.49     38544
12.92     22.58     30.49     39558
12.70     22.47     30.61     40572
12.37     22.36     31.09     41586
12.15     22.25     30.85     42601
11.83     22.03     30.97     43615
11.61     21.92     31.09     44630
11.28     21.92     31.21     45643
11.06     21.69     31.21     46658
10.84     21.58     31.33     47672
10.51     21.47     31.33     48687
10.18     21.36     31.80     49700
9.96     21.25     31.56     50714
9.74     21.03     31.68     51729
9.41     20.92     31.80     52743
9.19     20.81     31.80     53757
8.97     20.70     31.92     54772
8.64     20.59     32.04     55786
8.42     20.47     32.04     56801
8.20     20.36     32.16     57815
7.86     20.14     32.16     58829
7.64     20.03     32.29     59844
7.42     19.92     32.29     60858
7.09     19.81     32.41     61873
6.86     19.70     32.41     62886
6.64     19.59     32.53     63901
6.31     19.48     32.65     64916
6.08     19.37     32.65     65930
5.86     19.26     32.65     66945
5.64     19.04     32.77     67958
5.41     19.04     33.13     68973
5.19     18.82     32.89     69988
4.85     18.71     32.89     71002
4.62     18.60     32.89     72016
4.40     18.49     33.01     73030
4.17     18.38     33.01     74045
3.94     18.16     33.13     75059
3.72     18.05     33.13     76073
3.49     17.94     33.26     77088
3.26     17.83     33.26     78102
3.03     17.73     33.26     79117
2.80     17.62     33.26     80131
2.57     17.51     33.38     81145
2.34     17.40     33.38     82159
2.11     17.29     33.50     83174
1.88     17.18     33.50     84188
1.77     17.07     33.50     85202
1.53     16.96     33.50     86216
1.30     16.85     33.62     87231
1.07     16.74     33.62     88245
0.84     16.52     33.62     89260
0.60     16.52     33.87     90273
0.37     16.30     33.74     91288
0.13     16.19     33.74     92302
0.02     16.08     33.74     93317
-0.22     15.98     33.87     94330
-0.46     15.87     33.87     95345
-0.57     15.87     33.87     96359
-0.81     15.65     33.87     97373
-1.05     15.54     33.99     98387
-1.17     15.43     33.99     99401
-1.41     15.32     33.99     100416
-1.65     15.21     33.99     101430
-1.77     15.10     33.99     102445
-2.01     14.99     34.11     103458
-2.25     14.88     34.11     104473
-2.37     14.77     34.11     105487
-2.61     14.66     34.11     106502
-2.73     14.56     34.11     107515
-2.98     14.45     34.11     108530
-3.10     14.34     34.24     109544
-3.34     14.23     34.24     110559
-3.47     14.12     34.24     111572
-3.71     14.01     34.24     112587
-3.84     13.90     34.24     113601
-4.08     13.79     34.24     114615
-4.21     13.68     34.36     115630
-4.46     13.57     34.36     116643
-4.58     13.46     34.36     117658
-4.83     13.46     34.36     118672
-4.96     13.35     34.36     119687
-5.08     13.25     34.36     120700
-5.33     13.14     34.36     121715
-5.46     13.03     34.36     122729
-5.59     12.92     34.48     123744
-5.84     12.81     34.48     124758
-5.97     12.70     34.48     125772
-6.09     12.59     34.48     126786
-6.35     12.48     34.48     127801
-6.48     12.48     34.24     128815
-6.61     12.37     34.48     129828
-6.74     12.26     34.48     130843
-6.99     12.15     34.48     131857
-7.12     12.04     34.48     132872
-7.25     11.93     34.61     133885
-7.38     11.83     34.61     134900
-7.51     11.83     34.61     135914
-7.78     11.72     34.61     136929
-7.91     11.61     34.61     137943
-8.04     11.50     34.61     138957
-8.17     11.39     34.61     139971
-8.30     11.28     34.61     140986
-8.43     11.17     34.61     142000
-8.57     11.17     34.61     143014
-8.70     11.06     34.61     144029
-8.83     10.95     34.61     145043
-9.10     10.84     34.61     146058
-9.24     10.84     34.36     147072
-9.37     10.73     34.36     148086
-9.51     10.62     34.73     149100
-9.64     10.51     34.85     150115
-9.78     10.40     34.73     151130
-9.91     10.40     34.73     152143
-10.05     10.29     34.73     153158
-10.19     10.18     34.73     154173
-10.32     10.07     34.61     155187
-10.46     10.07     34.73     156201
-10.60     9.96     34.73     157215
-10.74     9.85     34.73     158230
-10.87     9.74     34.73     159245
-11.01     9.74     34.73     160259
-11.01     9.63     34.73     161273
-11.15     9.52     34.73     162288
-11.29     9.41     34.73     163302
-11.43     9.41     34.73     164317
-11.57     9.30     34.73     165331
-11.71     9.19     34.61     166346
-11.86     9.19     34.73     167360
-12.00     9.08     34.73     168375
-12.14     8.97     34.73     169390
-12.14     8.97     34.73     170404
-12.28     8.86     34.73     171418
-12.42     8.75     34.73     172433
-12.57     8.64     34.73     173448
-12.71     8.64     34.73     174462
-12.86     8.53     34.73     175476
-12.86     8.42     34.73     176491
-13.00     8.42     34.73     177506
-13.15     8.31     34.73     178520
-13.29     8.20     34.73     179534
-13.29     8.20     34.73     180549
-13.44     8.09     34.73     181564
-13.58     8.09     34.73     182578
-13.73     7.98     34.48     183592
-13.73     7.86     34.73     184607
-13.88     7.86     34.73     185621
-14.03     7.75     34.73     186636
-14.17     7.64     34.73     187651
-14.17     7.64     34.73     188665
-14.32     7.53     34.73     189679
-14.47     7.42     34.73     190694
-14.47     7.42     34.73     191709
-14.62     7.31     34.73     192722
-14.77     7.31     34.73     193737
-14.77     7.20     34.73     194752
-14.92     7.20     34.73     195767
-15.07     7.09     34.73     196781
-15.07     6.98     34.73     197795
-15.23     6.98     34.73     198810
-15.38     6.86     34.73     199824
-15.38     6.75     34.73     200839
-15.53     6.75     34.73     201853
-15.69     6.64     34.73     202868
-15.69     6.64     34.73     203883
-15.84     6.64     34.85     204897
-15.84     6.53     34.73     205912
-15.99     6.42     34.73     206926
-16.15     6.42     34.73     207941
-16.15     6.31     34.73     208955
-16.30     6.20     34.73     209970
-16.30     6.20     34.73     210983
-16.46     6.08     34.73     211997
-16.46     6.08     34.73     213012
-16.62     5.97     34.73     214026
-16.78     5.97     34.73     215041
-16.78     5.86     34.73     216055
-16.93     5.86     34.73     217069
-16.93     5.75     34.73     218084
-17.09     5.75     34.73     219099
-17.09     5.64     34.61     220113
-17.25     5.64     34.73     221127
-17.25     5.52     34.61     222142
-17.41     5.52     34.61     223157
-17.41     5.41     34.61     224171
-17.57     5.41     34.61     225185
-17.57     5.30     34.61     226200
-17.73     5.30     34.61     227214
-17.73     5.19     34.61     228229
-17.90     5.19     34.61     229243
-17.90     5.07     34.61     230257
-18.06     5.07     34.61     231272
-18.06     4.96     34.61     232287
-18.22     4.96     34.61     233300
-18.22     4.85     34.61     234315
-18.39     4.85     34.61     235330
-18.39     4.85     34.61     236344
-18.55     4.74     34.61     237359
-18.55     4.62     34.61     238373
-18.72     4.62     34.61     239387
-18.72     4.62     34.48     240402
-18.72     4.51     34.61     241416
-18.88     4.51     34.61     242430
-18.88     4.40     34.61     243445
-19.05     4.40     34.61     244459
-19.05     4.28     34.61     245474
-19.22     4.28     34.61     246489
-19.22     4.28     34.61     247502
-19.22     4.17     34.61     248517
-19.38     4.17     34.61     249532
-19.38     4.06     34.61     250546
-19.55     4.06     34.61     251560
-19.55     3.94     34.61     252574
-19.55     3.94     34.61     253589
-19.72     3.94     34.48     254604
-19.72     3.83     34.48     255618
-19.89     3.83     34.48     256632
-19.89     3.72     34.48     257647
-19.89     3.72     34.48     258661
-20.06     3.72     34.48     259676
-20.06     3.60     34.48     260689
-20.24     3.60     34.48     261704
-20.24     3.49     34.48     262719
-20.24     3.60     34.48     263733
-20.41     3.49     34.48     264748
-20.41     3.37     34.48     265761
-20.41     3.37     34.48     266776
-20.58     3.26     34.48     267790
-20.58     3.26     34.48     268805
-20.58     3.26     34.48     269819
-20.76     3.15     34.48     270833
-20.76     3.15     34.48     271848
-20.76     3.15     34.48     272862
-20.93     3.03     34.48     273876
-20.93     3.03     34.48     274891
-20.93     3.03     34.48     275905
-21.11     2.92     34.48     276920
-21.11     2.92     34.48     277934
-21.11     2.80     34.48     278948
-21.29     2.80     34.48     279962
-21.29     2.80     34.48     280977
-21.29     2.69     34.48     281992
-21.46     2.69     34.48     283005
-21.46     2.69     34.48     284020
-21.46     2.57     34.36     285034
-21.64     2.57     34.36     286049
-21.64     2.57     34.36     287063
-21.64     2.46     34.36     288077
-21.64     2.46     34.36     289091
-21.82     2.46     34.36     290106
-21.82     2.34     34.36     291120
-21.82     2.34     34.36     292134
-22.00     2.34     34.36     293148
-22.00     2.23     34.36     294163
-22.00     2.23     34.36     295178
-22.18     2.23     34.36     296192
-22.18     2.11     34.36     297206
-22.18     2.11     34.36     298220
-22.18     2.11     34.36     299235
-22.37     2.00     34.36     300249
-22.37     2.00     34.36     301263
-22.55     2.00     34.36     302277
-22.37     1.88     34.11     303292
-22.55     1.88     34.36     304306
-22.55     1.88     34.24     305320
-22.55     1.77     34.24     306335
-22.55     1.77     34.24     307349
-22.73     1.77     34.24     308364
-22.73     1.65     34.24     309379
-22.73     1.65     34.24     310392
-22.92     1.65     34.24     311407
-22.92     1.65     34.24     312422
-22.92     1.53     34.24     313436
-22.92     1.53     34.24     314450
-22.92     1.53     34.24     315464
-23.11     1.42     34.24     316479
-23.11     1.42     34.24     317494
-23.11     1.42     34.24     318508
-23.11     1.30     34.11     319522
-23.29     1.30     34.24     320537
-23.29     1.30     34.24     321551
-23.29     1.30     34.24     322566
-23.29     1.19     34.11     323580
-23.48     1.19     34.11     324595
-23.48     1.19     34.11     325609
-23.48     1.19     34.11     326624
-23.48     1.07     34.11     327639
-23.48     1.19     34.11     328652
-23.67     1.07     34.11     329667
-23.67     0.95     34.11     330682
-23.67     0.95     34.11     331696
-23.67     0.95     34.11     332710
-23.86     0.95     34.11     333725
-23.86     0.95     34.11     334739
-23.86     0.84     34.11     335754
-23.86     0.84     34.11     336769
-23.86     0.84     34.11     337782
-24.05     0.72     34.11     338797
-24.05     0.72     34.11     339812
-24.05     0.72     34.11     340827
-24.05     0.72     34.11     341840
-24.05     0.60     34.11     342855
-24.25     0.60     34.11     343870
-24.25     0.60     34.11     344884
-24.25     0.60     33.87     345899
-24.25     0.49     33.99     346913
-24.25     0.49     33.99     347927
-24.44     0.49     33.99     348942
-24.44     0.49     33.99     349957
-24.44     0.37     33.99     350971
-24.44     0.37     33.99     351986
-24.44     0.37     33.99     353000
-24.64     0.37     33.99     354015
-24.64     0.25     33.99     355030
-24.64     0.25     33.99     356044
-24.64     0.25     33.99     357059
-24.64     0.25     33.99     358073
-24.64     0.25     33.99     359088
-24.83     0.13     33.87     360102
-24.83     0.13     33.99     361117
-24.83     0.13     33.99     362131
-24.83     0.13     33.99     363146
-24.83     0.13     33.99     364161
-24.83     0.02     33.99     365174
-25.03     0.02     33.99     366189
-25.03     0.02     33.99     367204
-25.03     0.02     33.99     368218
-25.03     -0.10     33.99     369232
-25.03     -0.10     33.99     370246
-25.03     -0.10     33.99     371261
-25.23     -0.10     33.99     372276
-25.23     -0.10     33.99     373289
-25.23     -0.22     33.99     374304
-25.23     -0.22     33.74     375319
-25.23     -0.22     33.87     376333
-25.23     -0.22     33.99     377348
-25.43     -0.22     33.99     378362
-25.43     -0.34     33.99     379377
-25.43     -0.34     33.99     380391
-25.43     -0.34     33.99     381406
-25.43     -0.34     33.99     382420
-25.43     -0.34     33.87     383435
-25.43     -0.46     33.99     384450
-25.63     -0.46     33.87     385464
-25.63     -0.46     33.87     386479
-25.63     -0.46     33.87     387493
-25.63     -0.46     33.87     388508
-25.63     -0.57     33.87     389522
-25.63     -0.57     33.87     390537
-25.63     -0.57     33.87     391552
-25.83     -0.57     33.87     392566
-25.83     -0.57     33.87     393580
-25.83     -0.69     33.87     394595
-25.83     -0.69     33.87     395610
-25.83     -0.69     33.87     396623
-26.03     -0.69     33.87     397638
-25.83     -0.69     33.87     398653
-26.03     -0.81     33.87     399667
-26.03     -0.81     33.87     400681
-26.03     -0.81     33.87     401696
-26.03     -0.81     33.87     402710
-26.03     -0.81     33.87     403725
-26.03     -0.93     33.87     404740
-26.03     -0.93     33.87     405753
-26.03     -0.93     33.87     406768
-26.03     -0.93     33.87     407783
-26.03     -0.93     33.87     408797
-26.24     -0.93     33.87     409811
-26.24     -1.05     33.87     410826
-26.24     -1.05     33.50     411840
-26.24     -1.05     33.87     412855
-26.24     -1.05     33.87     413870
-26.24     -1.17     33.87     414883
-26.45     -1.17     33.87     415898
-26.45     -1.17     33.87     416913
-26.45     -1.17     33.87     417928
-26.45     -1.17     33.87     418941
-26.45     -1.17     33.87     419956
-26.45     -1.17     33.87     420971
-26.45     -1.29     33.74     421985
-26.45     -1.29     33.74     423000
-26.45     -1.29     33.74     424014
-26.65     -1.29     33.87     425028
-26.65     -1.29     33.50     426043
-26.65     -1.29     33.74     427058
-26.65     -1.29     33.74     428072
-26.65     -1.41     33.74     429086
-26.65     -1.41     33.74     430101
-26.65     -1.41     33.74     431116
-26.65     -1.41     33.74     432130
-26.86     -1.41     33.74     433144
-26.86     -1.41     33.74     434159
-26.86     -1.53     33.74     435173
-26.86     -1.53     33.74     436188
-26.86     -1.53     33.74     437202
-26.86     -1.53     33.74     438217
-26.86     -1.53     33.74     439231
-26.86     -1.53     33.74     440246
-26.86     -1.53     33.74     441261
-26.86     -1.65     33.74     442274
-27.07     -1.65     33.74     443289
-27.07     -1.65     33.74     444304
-27.07     -1.65     33.74     445318
-27.07     -1.65     33.74     446332
-27.07     -1.65     33.74     447347
-27.07     -1.77     33.74     448361
-27.07     -1.77     33.74     449376
-27.07     -1.77     33.74     450390
-27.28     -1.77     33.74     451404
-27.07     -1.89     33.74     452419
-27.28     -1.77     33.74     453433
-27.28     -1.77     33.62     454448
-27.28     -1.89     33.62     455462
-27.28     -1.89     33.99     456476
-27.28     -1.89     33.62     457491
-27.28     -1.89     33.62     458505
-27.28     -1.89     33.62     459520
-27.28     -1.89     33.62     460534
-27.28     -1.89     33.62     461548
-27.28     -1.89     33.74     462563
-27.50     -2.01     33.62     463578
-27.50     -2.01     33.62     464591
-27.50     -2.01     33.62     465606
-27.50     -2.01     33.87     466621
-27.50     -2.01     33.62     467635
-27.50     -2.01     33.62     468649
-27.50     -2.01     33.62     469664
-27.50     -2.01     33.62     470679
-27.50     -2.13     33.62     471693
-27.50     -2.13     33.62     472708
-27.50     -2.13     33.62     473722
-27.50     -2.25     33.62     474736
-27.71     -2.13     33.62     475751
-27.71     -2.13     33.62     476766
-27.71     -2.13     33.62     477779
-27.71     -2.13     33.62     478794
-27.71     -2.13     33.62     479809
-27.71     -2.25     33.62     480823
-27.71     -2.25     33.50     481838
-27.71     -2.25     33.62     482851
-27.93     -2.25     33.62     483866
-27.71     -2.25     33.62     484881
-27.71     -2.25     33.62     485895
-27.71     -2.25     33.62     486909
-27.93     -2.37     33.74     487924
-27.93     -2.37     33.62     488938
-27.93     -2.37     33.62     489953
-27.93     -2.37     33.62     490968
-27.93     -2.37     33.62     491981
-27.93     -2.37     33.62     492996
-27.93     -2.37     33.62     494010
-27.93     -2.37     33.62     495025
-27.93     -2.49     33.62     496039
-27.93     -2.49     33.38     497053
-27.93     -2.49     33.62     498068
-28.15     -2.49     33.62     499083
-27.93     -2.49     33.62     500097
-27.93     -2.49     33.62     501111
-28.15     -2.49     33.62     502125
-28.15     -2.49     33.62     503140
-28.15     -2.49     33.62     504155
-28.15     -2.49     33.62     505168
-28.15     -2.61     33.62     506183
-28.15     -2.61     33.62     507198
-28.15     -2.61     33.62     508212
-28.15     -2.61     33.62     509227
-28.15     -2.61     33.62     510240
-28.15     -2.61     33.62     511255
-28.15     -2.61     33.62     512270
-28.15     -2.61     33.62     513284
-28.15     -2.61     33.62     514298
-28.15     -2.61     33.62     515313
-28.15     -2.73     33.62     516327
-28.37     -2.73     33.62     517342
-28.37     -2.73     33.62     518355
-28.37     -2.73     33.62     519370
-28.37     -2.73     33.62     520384
-28.37     -2.73     33.62     521399
-28.37     -2.73     33.62     522413
-28.37     -2.86     33.62     523427
-28.37     -2.73     33.62     524442
-28.37     -2.73     33.62     525456
-28.37     -2.73     33.62     526471
-28.37     -2.86     33.62     527484
-28.37     -2.86     33.62     528499
-28.37     -2.86     33.62     529514
-28.37     -2.86     33.62     530528
-28.37     -2.86     33.62     531543
-28.37     -2.86     33.38     532557
-28.59     -2.86     33.62     533571
-28.59     -2.86     33.50     534586
-28.59     -2.98     33.62     535600
-28.59     -2.98     33.62     536614
-28.59     -2.98     33.50     537629
-28.59     -2.98     33.26     538643
-28.59     -2.98     33.50     539658
-28.59     -2.98     33.62     540672
-28.59     -2.98     33.50     541686
-28.59     -2.98     33.50     542701
-28.59     -2.98     33.50     543715
-28.59     -2.98     33.50     544730
-28.59     -2.98     33.50     545743
-28.59     -3.10     33.50     546758
-28.59     -3.10     33.50     547773
-28.59     -3.10     33.50     548787
-28.81     -3.10     33.50     549801
-28.81     -3.10     33.50     550815
-28.81     -3.10     33.50     551830
-28.81     -3.10     33.50     552844
-28.81     -3.10     33.50     553859
-28.81     -3.10     33.50     554872
-28.81     -3.10     33.50     555887
-28.81     -3.10     33.50     556902
-28.81     -3.10     33.50     557916
-28.81     -3.10     33.50     558930
-28.81     -3.22     33.50     559944
-28.81     -3.22     33.26     560959
-28.81     -3.22     33.50     561973
-28.81     -3.22     33.50     562988
-28.81     -3.22     33.50     564001
-28.81     -3.22     33.50     565016
-28.81     -3.22     33.50     566031
-29.03     -3.22     33.50     567045
-28.81     -3.22     33.50     568059
-28.81     -3.22     33.50     569073
-29.03     -3.22     33.50     570088
-29.03     -3.34     33.50     571102
-29.03     -3.34     33.50     572116
-29.03     -3.34     33.62     573130
-28.81     -3.34     33.50     574145
-29.03     -3.34     33.50     575160
-29.03     -3.34     33.50     576174
-29.03     -3.34     33.26     577188
-29.03     -3.34     33.38     578202
-29.03     -3.34     33.50     579217
-29.03     -3.34     33.50     580231
-29.03     -3.34     33.50     581245
-29.03     -3.47     33.50     582259
-29.03     -3.34     33.50     583274
-29.03     -3.47     33.50     584288
-29.03     -3.47     33.50     585303
-29.03     -3.47     33.50     586317
-29.03     -3.47     33.50     587331
-29.03     -3.47     33.50     588346
-29.03     -3.47     33.50     589360
-29.03     -3.47     33.50     590374
-29.26     -3.47     33.50     591388
-29.26     -3.47     33.50     592403
-29.26     -3.47     33.50     593418
-29.26     -3.47     33.74     594432
-29.26     -3.47     33.50     595446
-29.26     -3.47     33.50     596460
-29.26     -3.59     33.50     597475
-29.26     -3.59     33.50     598489
-29.26     -3.59     33.50     599503
-29.26     -3.59     33.50     600517
-29.26     -3.59     33.50     601532
-29.26     -3.59     33.38     602546
-29.26     -3.71     33.50     603560
-29.26     -3.59     33.50     604574
-29.26     -3.59     33.50     605589
-29.26     -3.59     33.50     606603
-29.26     -3.59     33.50     607618
-29.26     -3.59     33.50     608631
-29.26     -3.59     33.50     609646
-29.26     -3.59     33.50     610660
-29.26     -3.59     33.50     611675
-29.26     -3.71     33.50     612688
-29.26     -3.71     33.62     613703
-29.26     -3.71     33.50     614717
-29.49     -3.71     33.50     615732
-29.49     -3.71     33.50     616745
-29.49     -3.71     33.50     617760
-29.49     -3.71     33.50     618774
-29.49     -3.71     33.50     619789
-29.49     -3.71     33.50     620804
-29.49     -3.71     33.50     621817
-29.49     -3.71     33.50     622832
-29.49     -3.71     33.50     623846
-29.49     -3.71     33.38     624861
-29.49     -3.71     33.38     625874
-29.49     -3.71     33.38     626889
-29.49     -3.84     33.38     627903
-29.49     -3.84     33.38     628918
-29.49     -3.84     33.38     629933
-29.49     -3.84     33.38     630946
-29.49     -3.84     33.38     631961
-29.49     -3.84     33.38     632976
-29.49     -3.84     33.38     633990
-29.49     -3.84     33.38     635004
-29.72     -3.84     33.38     636018
-29.49     -3.84     33.38     637033
-29.49     -3.84     33.26     638048
-29.49     -3.84     33.38     639062
-29.49     -3.84     33.38     640076
-29.49     -3.96     33.38     641091
-29.72     -3.96     33.38     642105
-29.72     -3.96     33.62     643120
-29.72     -3.96     33.38     644133
-29.72     -3.96     33.38     645148
-29.72     -3.96     33.38     646163
-29.72     -3.96     33.38     647177
-29.72     -3.96     33.38     648192
-29.72     -3.96     33.38     649206
-29.72     -3.96     33.38     650220
-29.72     -3.96     33.38     651235
-29.72     -3.96     33.38     652249
-29.72     -3.96     33.38     653263
-29.72     -3.96     33.38     654278
-29.72     -3.96     33.38     655292
-29.72     -3.96     33.38     656307
-29.72     -3.96     33.26     657321
-29.72     -3.96     33.38     658335
-29.72     -4.08     33.38     659350
-29.72     -4.08     33.38     660364
-29.72     -4.08     33.26     661379
-29.72     -4.08     33.26     662392
-29.72     -4.08     33.38     663407
-29.72     -4.08     33.26     664422
-29.72     -4.08     33.26     665436
-29.72     -4.08     33.26     666450
-29.72     -4.08     33.26     667464
-29.72     -4.08     33.26     668479
-29.72     -4.08     33.26     669493
-29.72     -4.08     33.26     670508
-29.72     -4.08     33.38     671522
-29.72     -4.08     33.38     672536
-29.72     -4.08     33.26     673551
-29.95     -4.08     33.26     674565
-29.95     -4.21     33.26     675579
-29.95     -4.21     33.26     676594
-29.72     -4.21     33.26     677608
-29.95     -4.21     33.26     678623
-29.95     -4.21     33.26     679638
-29.95     -4.21     33.26     680651
-29.95     -4.21     33.26     681666
-29.95     -4.21     33.26     682681
-29.95     -4.21     33.26     683695
-29.95     -4.21     33.26     684709
-29.95     -4.21     33.26     685724
-29.95     -4.21     33.26     686738
-29.95     -4.08     33.26     687753
-29.95     -4.21     33.26     688768
-29.95     -4.21     33.26     689781
-29.95     -4.21     33.26     690796
-29.95     -4.21     33.26     691811
-29.95     -4.21     33.26     692825
-29.95     -4.21     33.26     693839
-29.95     -4.21     33.26     694854
-29.95     -4.33     33.26     695868
-29.95     -4.21     33.26     696883
-29.95     -4.33     33.26     697897
-29.95     -4.33     33.26     698911
-29.95     -4.33     33.26     699926
-29.95     -4.33     33.26     700940
-29.95     -4.33     33.26     701955
-29.95     -4.33     33.26     702969
-29.95     -4.33     33.26     703983
-29.95     -4.33     33.26     704998
-29.95     -4.33     33.26     706012
-29.95     -4.33     33.26     707026
-30.18     -4.33     33.26     708041
-30.18     -4.33     33.26     709055
-30.18     -4.33     33.26     710070
-29.95     -4.33     33.26     711084
-30.18     -4.33     33.26     712098
-30.18     -4.33     33.38     713113
-30.18     -4.33     33.26     714127
-30.18     -4.33     33.26     715142
-30.18     -4.46     33.26     716156
-30.18     -4.33     33.26     717170
-30.18     -4.46     33.01     718185
-30.18     -4.33     33.26     719199
-30.18     -4.46     33.26     720214
-30.18     -4.46     33.26     721228
-30.18     -4.46     33.26     722242
-30.18     -4.46     33.26     723257
-30.18     -4.46     33.26     724272
-30.18     -4.33     33.26     725285
-30.18     -4.46     33.26     726300
-30.18     -4.46     33.01     727315
-30.18     -4.46     33.26     728329
-30.18     -4.46     33.13     729344
-30.18     -4.46     33.26     730358
-30.18     -4.46     33.26     731372
-30.18     -4.46     33.26     732387
-30.18     -4.46     33.26     733402
-30.18     -4.46     33.26     734415
-30.18     -4.46     33.26     735430
-30.18     -4.46     33.26     736445
-30.18     -4.46     33.26     737459
-30.18     -4.58     33.26     738473
-30.18     -4.58     33.26     739488
-30.18     -4.58     33.13     740502
-30.18     -4.58     33.26     741517
-30.42     -4.46     33.26     742531
-30.18     -4.58     33.26     743545
-30.18     -4.58     33.26     744560
-30.18     -4.58     33.26     745574
-30.42     -4.58     33.13     746589
-30.42     -4.58     33.13     747602
-30.42     -4.58     33.26     748617
-30.42     -4.58     33.26     749632
-30.42     -4.58     33.13     750646
-30.42     -4.58     33.13     751661
-30.42     -4.58     33.26     752674
-30.42     -4.58     33.26     753689
-30.42     -4.58     33.26     754704
-30.42     -4.58     33.26     755718
-30.42     -4.58     33.26     756732
-30.42     -4.58     33.26     757746
-30.42     -4.58     33.26     758761
-30.42     -4.58     33.13     759776
-30.42     -4.58     33.26     760790
-30.42     -4.58     33.01     761804
-30.42     -4.71     33.26     762818
-30.42     -4.71     33.26     763833
-30.42     -4.71     33.26     764848
-30.42     -4.71     33.13     765861
-30.42     -4.58     33.26     766876
-30.42     -4.71     33.26     767890
-30.42     -4.58     33.26     768905
-30.42     -4.71     33.26     769920
-30.42     -4.71     33.26     770933
-30.42     -4.71     33.26     771948
-30.42     -4.71     33.26     772962
-30.42     -4.71     33.01     773977
-30.42     -4.71     33.26     774991
-30.42     -4.71     33.26     776005
-30.42     -4.71     33.26     777020
-30.42     -4.71     33.26     778034
-30.42     -4.71     33.26     779048
-30.42     -4.71     33.26     780063
-30.42     -4.71     33.26     781077
-30.42     -4.71     33.26     782092
-30.42     -4.71     33.26     783106
-30.42     -4.71     33.26     784120
-30.42     -4.71     33.26     785135
-30.42     -4.71     33.26     786149
-30.42     -4.71     33.50     787164
-30.42     -4.71     33.26     788177
-30.42     -4.71     33.26     789192
-30.42     -4.71     33.26     790207
-30.42     -4.83     33.26     791221
-30.65     -4.83     33.26     792236
-30.65     -4.83     33.26     793249
-30.42     -4.83     33.26     794264
-30.42     -4.83     33.26     795279
-30.65     -4.83     33.26     796293
-30.42     -4.83     33.26     797307
-30.65     -4.83     33.26     798321
-30.65     -4.83     33.13     799336
-30.65     -4.83     33.26     800350
-30.65     -4.83     33.26     801364
-30.65     -4.83     33.26     802378
-30.65     -4.83     33.26     803393
-30.65     -4.83     33.26     804407
-30.65     -4.83     33.26     805422
-30.65     -4.83     33.26     806436
-30.65     -4.83     33.26     807450
-30.65     -4.83     33.26     808465
-30.65     -4.83     33.26     809479
-30.65     -4.83     33.26     810493
-30.65     -4.83     33.26     811507
-30.65     -4.83     33.26     812522
-30.65     -4.83     33.26     813536
-30.65     -4.83     33.01     814551
-30.65     -4.83     33.26     815564
-30.65     -4.83     33.13     816579
-30.65     -4.83     33.26     817594
-30.65     -4.83     33.26     818608
-30.65     -4.83     33.26     819622
-30.65     -4.83     33.26     820636
-30.65     -4.83     33.26     821651
-30.65     -4.96     33.26     822665
-30.65     -4.96     33.26     823680
-30.65     -4.96     33.26     824693
-30.65     -4.96     33.50     825708
-30.65     -4.96     33.26     826722
-30.65     -4.96     33.26     827737
-30.65     -4.96     33.26     828751
-30.65     -4.96     33.26     829765
-30.65     -4.96     33.26     830780
-30.65     -4.96     33.26     831794
-30.65     -4.96     33.26     832808
-30.65     -4.96     33.26     833822
-30.65     -4.96     33.26     834837
-30.65     -4.96     33.26     835851
-30.65     -4.96     33.26     836866
-30.65     -4.96     33.26     837879
-30.89     -4.96     33.26     838894
-30.89     -4.96     33.26     839908
-30.89     -4.96     33.26     840923
-30.89     -4.96     33.26     841937
-30.89     -4.96     33.26     842951
-30.89     -4.96     33.26     843966
-30.89     -4.96     33.26     844980
-30.89     -4.96     33.38     845995
-30.89     -4.96     33.26     847008
-30.89     -4.96     33.26     848023
-30.89     -4.96     33.26     849037
-30.89     -4.96     33.26     850052
-30.89     -4.96     33.26     851065
-30.89     -4.96     33.26     852080
-30.89     -4.96     33.13     853094
-31.14     -4.96     33.26     854109
-31.14     -4.96     33.26     855122
-31.14     -4.96     33.13     856137
-31.14     -5.08     33.26     857151
-31.14     -4.96     33.26     858166
-30.89     -5.08     33.26     859180
-31.14     -5.08     33.26     860194
-31.14     -5.08     33.26     861208
-31.14     -5.08     33.26     862223
-31.14     -5.08     33.13     863237
-31.14     -5.08     33.26     864251
-31.14     -5.08     33.26     865265
-31.14     -5.08     33.26     866280
-31.14     -5.08     33.26     867295
-30.89     -5.08     33.26     868308
-30.89     -5.08     33.13     869323
-31.14     -5.08     33.26     870337
-30.89     -5.08     33.38     871352
-31.14     -5.08     33.26     872366
-31.14     -5.08     33.26     873380
-31.14     -5.08     33.26     874394
-31.14     -5.08     33.26     875409
-31.14     -5.08     33.26     876423
-31.14     -5.08     33.26     877437
-31.14     -5.08     33.26     878451
-31.14     -5.08     33.26     879466
-31.14     -5.08     33.26     880480
-31.14     -5.08     33.26     881495
-31.14     -5.08     33.26     882508
-31.14     -5.08     33.26     883523
-31.14     -5.08     33.01     884537
-31.14     -5.08     33.26     885552
-31.14     -5.08     33.26     886565
-31.14     -5.08     33.13     887580
-31.14     -5.08     33.26     888594
-31.14     -5.08     33.26     889609
-31.14     -5.08     33.26     890624
-31.14     -5.08     33.26     891637
-31.14     -5.08     33.26     892652
-31.14     -5.08     33.26     893666
-31.14     -5.08     33.26     894681
-31.14     -5.08     33.26     895694
-31.14     -5.08     33.26     896709
-31.14     -5.21     33.26     897723
-31.14     -5.21     33.26     898738
-31.14     -5.21     33.26     899751
-31.14     -5.21     33.26     900766
-31.14     -5.21     33.26     901781
-31.14     -5.21     33.26     902795
-31.14     -5.21     33.26     903810
-31.14     -5.21     33.26     904823
-31.14     -5.21     33.26     905838
-31.14     -5.21     33.26     906852
-31.14     -5.21     33.26     907867
-31.14     -5.21     33.26     908881
-31.14     -5.21     33.26     909895
-31.14     -5.21     33.01     910910
-31.14     -5.21     33.13     911924
-31.14     -5.21     33.26     912939
-31.14     -5.21     33.26     913952
-31.14     -5.21     33.13     914967
-31.14     -5.21     33.26     915982
-31.14     -5.21     33.13     916996
-31.14     -5.21     33.38     918010
-31.14     -5.21     33.13     919024
-31.14     -5.21     33.13     920039
-31.14     -5.21     33.13     921053
-31.14     -5.21     33.13     922067
-31.14     -5.21     33.13     923081
-31.14     -5.21     33.13     924096
-31.14     -5.21     33.13     925111
-31.14     -5.21     33.13     926125
-31.14     -5.21     33.13     927139
-31.14     -5.21     33.26     928153
-31.14     -5.33     33.13     929168
-31.14     -5.21     33.13     930182
-31.14     -5.21     33.13     931196
-31.14     -5.21     33.13     932210
-31.14     -5.21     33.13     933225
-31.14     -5.21     33.13     934239
-31.14     -5.21     33.13     935254
-31.14     -5.21     33.13     936268
-31.14     -5.21     33.13     937282
-31.14     -5.21     33.13     938297
-31.14     -5.21     33.13     939311
-31.14     -5.33     33.13     940325
-31.14     -5.33     33.13     941339
-31.14     -5.33     33.13     942354
-31.14     -5.33     33.13     943368
-31.14     -5.33     33.13     944382
-31.14     -5.33     33.13     945397
-31.14     -5.33     33.13     946411
-31.14     -5.33     33.13     947426
-31.14     -5.33     33.13     948440
-31.14     -5.33     33.13     949454
-31.14     -5.33     33.13     950468
-31.14     -5.33     33.13     951483
-31.14     -5.33     33.13     952497
-31.14     -5.33     33.13     953511
-31.14     -5.33     33.13     954525
-31.14     -5.33     33.13     955540
-31.14     -5.33     33.38     956555
-31.14     -5.33     33.13     957569
-31.14     -5.33     33.13     958583
-31.14     -5.33     33.13     959597
-31.14     -5.33     33.13     960612
-31.14     -5.33     33.13     961626
-31.14     -5.33     33.13     962640
-31.14     -5.33     33.13     963654
-31.14     -5.33     33.13     964669
-31.14     -5.33     33.13     965684
-31.14     -5.33     33.13     966697
-31.14     -5.33     33.13     967712
-31.14     -5.33     33.13     968726
-31.14     -5.33     33.26     969741
-31.14     -5.33     33.13     970755
-31.14     -5.33     33.13     971769
-31.14     -5.33     33.13     972783
-31.14     -5.33     33.13     973798
-31.14     -5.33     33.13     974812
-31.14     -5.33     33.13     975826
-31.14     -5.33     33.13     976841
-31.14     -5.33     33.13     977855
-31.14     -5.33     33.13     978870
-31.14     -5.33     33.13     979884
-31.14     -5.46     33.13     980898
-31.14     -5.33     33.13     981912
-31.14     -5.33     33.26     982927
-31.38     -5.33     33.13     983941
-31.14     -5.46     33.13     984955
-31.14     -5.46     33.13     985969
-31.14     -5.46     33.13     986984
-31.14     -5.46     33.13     987998
-31.14     -5.46     33.13     989012
-31.38     -5.46     33.13     990026
-31.38     -5.46     33.13     991041
-31.38     -5.46     33.13     992055
-31.38     -5.46     33.01     993070
-31.38     -5.46     33.26     994083
-31.38     -5.46     33.13     995098
-31.38     -5.46     33.13     996112
-31.38     -5.46     33.13     997127
-31.38     -5.46     33.13     998140
-31.38     -5.46     33.13     999155
-31.38     -5.46     32.89     1000169
-31.38     -5.46     33.13     1001184
-31.38     -5.46     33.13     1002198
-31.38     -5.46     33.13     1003212
-31.38     -5.46     33.13     1004226
-31.38     -5.46     33.13     1005241
-31.38     -5.33     33.13     1006255
-31.38     -5.46     33.13     1007269
-31.38     -5.46     33.13     1008283
-31.38     -5.46     33.13     1009298
-31.38     -5.46     33.13     1010313
-31.38     -5.46     33.13     1011326
-31.38     -5.46     33.13     1012341
-31.38     -5.46     33.13     1013355
-31.38     -5.46     33.13     1014370
-31.38     -5.46     33.13     1015384
-31.38     -5.46     33.13     1016398
-31.38     -5.46     33.13     1017412
-31.38     -5.46     33.13     1018427
-31.38     -5.33     33.13     1019441
-31.38     -5.46     33.13     1020455
-31.38     -5.46     33.13     1021469
-31.38     -5.46     33.13     1022484
-31.38     -5.46     33.26     1023498
-31.38     -5.46     33.13     1024513
-31.38     -5.46     33.13     1025527
-31.38     -5.46     33.13     1026541
-31.38     -5.46     33.13     1027556
-31.38     -5.46     33.13     1028570
-31.38     -5.46     33.13     1029584
-31.38     -5.46     33.13     1030598
-31.38     -5.46     33.13     1031613
-31.38     -5.46     33.13     1032627
-31.38     -5.46     33.13     1033641
-31.38     -5.46     33.13     1034655
-31.38     -5.46     33.13     1035670
-31.38     -5.46     33.13     1036684
-31.38     -5.46     33.13     1037699
-31.38     -5.46     33.13     1038712
-31.38     -5.59     33.13     1039727
-31.38     -5.46     33.13     1040741
-31.38     -5.46     33.38     1041756
-31.38     -5.46     33.13     1042769
-31.38     -5.59     33.13     1043784
-31.38     -5.59     33.13     1044799
-31.38     -5.59     33.13     1045813
-31.38     -5.59     33.13     1046828
-31.38     -5.59     33.13     1047841
-31.38     -5.59     33.13     1048856
-31.38     -5.59     33.13     1049870
-31.38     -5.59     33.13     1050885
-31.38     -5.59     33.13     1051898
-31.38     -5.59     33.13     1052913
-31.38     -5.59     33.13     1053927
-31.38     -5.59     33.13     1054942
-31.38     -5.59     33.13     1055955
-31.38     -5.59     33.13     1056970
-31.38     -5.59     33.13     1057984
-31.38     -5.59     33.13     1058999
-31.38     -5.59     33.13     1060013
-31.38     -5.59     33.13     1061027
-31.38     -5.59     33.13     1062042
-31.38     -5.59     33.13     1063056
-31.38     -5.59     33.13     1064071
-31.38     -5.59     33.13     1065084
-31.38     -5.59     33.13     1066099
-31.38     -5.59     33.13     1067113
-31.38     -5.59     33.13     1068128
-31.38     -5.59     33.13     1069142
-31.38     -5.59     33.13     1070156
-31.38     -5.59     33.13     1071170
-31.38     -5.59     33.13     1072185
-31.38     -5.59     33.13     1073199
-31.38     -5.59     33.13     1074213
-31.38     -5.59     33.13     1075227
-31.38     -5.59     33.13     1076242
-31.38     -5.59     33.13     1077256
-31.38     -5.59     33.13     1078270
-31.38     -5.59     33.13     1079285
-31.38     -5.59     33.13     1080299
-31.38     -5.59     33.13     1081314
-31.38     -5.59     33.13     1082328
-31.38     -5.59     33.13     1083342
-31.38     -5.59     33.38     1084356
-31.38     -5.59     33.13     1085371
-31.38     -5.59     33.13     1086385
-31.38     -5.59     33.13     1087399
-31.38     -5.71     33.13     1088413
-31.38     -5.59     33.13     1089428
-31.38     -5.59     33.13     1090442
-31.38     -5.59     33.13     1091457
-31.38     -5.59     33.13     1092470
-31.62     -5.59     33.13     1093485
-31.38     -5.59     33.13     1094500
-31.38     -5.59     33.13     1095514
-31.38     -5.59     33.13     1096528
-31.38     -5.59     33.13     1097542
-31.38     -5.59     33.13     1098557
-31.38     -5.59     32.89     1099571
-31.38     -5.59     33.13     1100585
-31.38     -5.59     33.13     1101599
-31.38     -5.59     33.13     1102614
-31.38     -5.59     33.13     1103628
-31.38     -5.71     33.13     1104643
-31.38     -5.59     33.13     1105656
-31.38     -5.71     33.13     1106671
-31.38     -5.71     33.13     1107685
-31.38     -5.59     33.13     1108700
-31.38     -5.71     33.13     1109714
-31.38     -5.71     33.13     1110728
-31.38     -5.71     33.13     1111743
-31.38     -5.71     33.13     1112757
-31.38     -5.71     33.13     1113772
-31.38     -5.71     33.13     1114785
-31.38     -5.71     33.13     1115800
-31.38     -5.71     33.13     1116814
-31.38     -5.71     33.13     1117829
-31.38     -5.71     33.13     1118842
-31.38     -5.71     33.13     1119857
-31.62     -5.71     33.13     1120871
-31.38     -5.71     33.13     1121886
-31.38     -5.71     33.13     1122899
-31.62     -5.71     33.13     1123914
-31.38     -5.71     33.13     1124929
-31.38     -5.71     33.13     1125943
-31.62     -5.71     32.89     1126958
-31.62     -5.71     33.13     1127971
-31.62     -5.71     33.13     1128986
-31.38     -5.71     33.13     1130000
-31.38     -5.71     33.13     1131015
-31.62     -5.71     33.13     1132028
-31.62     -5.71     32.89     1133043
-31.62     -5.71     33.13     1134057
-31.62     -5.71     33.13     1135072
-31.62     -5.71     33.01     1136086
-31.62     -5.71     33.13     1137100
-31.62     -5.71     33.13     1138115
-31.62     -5.71     33.13     1139129
-31.62     -5.71     33.13     1140144
-31.62     -5.71     33.13     1141157
-31.62     -5.71     33.13     1142172
-31.62     -5.71     33.13     1143186
-31.62     -5.71     33.26     1144201
-31.62     -5.71     33.13     1145214
-31.62     -5.71     33.13     1146229
-31.62     -5.71     33.13     1147243
-31.62     -5.71     33.13     1148258
-31.62     -5.71     33.13     1149272
-31.62     -5.71     33.13     1150286
-31.62     -5.71     33.13     1151300
-31.62     -5.71     33.13     1152315
-31.62     -5.71     33.13     1153329
-31.62     -5.71     33.13     1154343
-31.62     -5.71     33.38     1155358
-31.62     -5.71     33.01     1156372
-31.62     -5.71     33.13     1157387
-31.62     -5.71     33.01     1158401
-31.62     -5.71     33.01     1159415
-31.62     -5.71     33.13     1160429
-31.62     -5.71     33.13     1161444
-31.62     -5.71     33.01     1162458
-31.62     -5.71     33.01     1163472
-31.62     -5.71     33.01     1164486
-31.62     -5.71     33.01     1165501
-31.62     -5.71     33.01     1166515
-31.62     -5.71     33.01     1167529
-31.62     -5.71     33.01     1168543
-31.62     -5.71     33.01     1169558
-31.62     -5.71     33.01     1170572
-31.62     -5.71     33.38     1171587
-31.62     -5.71     33.01     1172600
-31.62     -5.71     33.01     1173615
-31.62     -5.71     33.01     1174630
-31.62     -5.71     33.13     1175644
-31.62     -5.71     33.01     1176658
-31.62     -5.71     33.01     1177672
-31.62     -5.71     33.13     1178687
-31.62     -5.71     33.01     1179701
-31.62     -5.71     33.01     1180716
-31.62     -5.71     32.77     1181729
-31.62     -5.71     33.13     1182744
-31.62     -5.84     33.13     1183758
-31.62     -5.84     33.01     1184773
-31.62     -5.84     33.13     1185786
-31.62     -5.84     33.13     1186801
-31.62     -5.84     33.13     1187815
-31.62     -5.71     33.13     1188830
-31.62     -5.84     33.13     1189843
-31.62     -5.84     32.89     1190858
-31.62     -5.84     33.01     1191873
-31.62     -5.84     33.13     1192887
-31.62     -5.84     33.13     1193902
-31.62     -5.84     33.13     1194915
-31.62     -5.84     33.13     1195930
-31.62     -5.84     32.89     1196944
-31.62     -5.84     33.13     1197959
-31.62     -5.84     33.13     1198972
-31.62     -5.84     33.13     1199987
-31.62     -5.84     33.13     1201001
-31.62     -5.84     33.13     1202016
-31.62     -5.84     33.13     1203030
-31.62     -5.84     33.01     1204044
-31.62     -5.84     33.13     1205058
-31.62     -5.84     33.13     1206073
-31.62     -5.84     33.13     1207088
-31.62     -5.84     33.13     1208101
-31.62     -5.84     33.13     1209116
-31.62     -5.84     33.13     1210130
-31.62     -5.84     33.13     1211145
-31.62     -5.84     33.13     1212158
-31.62     -5.84     33.13     1213173
-31.62     -5.84     33.13     1214187
-31.62     -5.84     33.13     1215202
-31.62     -5.84     33.13     1216216
-31.62     -5.84     33.13     1217230
-31.62     -5.84     33.13     1218244
-31.62     -5.84     33.13     1219259
-31.62     -5.84     33.13     1220273
-31.62     -5.84     33.13     1221287
-31.62     -5.84     33.13     1222302
-31.62     -5.84     33.01     1223316
-31.62     -5.84     33.01     1224331
-31.62     -5.84     33.01     1225345
-31.62     -5.84     33.13     1226359
-31.62     -5.84     33.13     1227373
-31.62     -5.84     33.13     1228388
-31.62     -5.84     33.13     1229402
-31.62     -5.84     33.13     1230416
-31.62     -5.84     33.13     1231430
-31.62     -5.84     33.13     1232445
-31.62     -5.84     33.13     1233459
-31.62     -5.84     33.13     1234473
-31.62     -5.84     33.13     1235487
-31.62     -5.84     33.13     1236502
-31.62     -5.84     33.01     1237517
-31.62     -5.84     33.13     1238531
-31.62     -5.84     33.13     1239545
-31.62     -5.84     33.13     1240559
-31.62     -5.84     33.13     1241574
-31.62     -5.84     33.26     1242588
-31.62     -5.84     33.13     1243602
-31.62     -5.84     33.13     1244616
-31.62     -5.84     33.13     1245631
-31.62     -5.84     33.13     1246645
-31.62     -5.84     33.13     1247660
-31.62     -5.84     33.13     1248673
-31.62     -5.84     33.13     1249688
-31.62     -5.84     33.13     1250702
-31.62     -5.97     33.13     1251717
-31.62     -5.84     33.13     1252730
-31.62     -5.84     33.01     1253745
-31.62     -5.97     33.13     1254760
-31.62     -5.97     33.13     1255774
-31.62     -5.97     33.13     1256788
-31.62     -5.84     33.01     1257802
-31.62     -5.97     33.01     1258817
-31.62     -5.97     33.13     1259831
-31.62     -5.97     33.13     1260846
-31.62     -5.97     33.01     1261859
-31.62     -5.97     33.13     1262874
-31.62     -5.97     33.01     1263888
-31.62     -5.97     33.01     1264903
-31.62     -5.97     33.13     1265916
-31.62     -5.97     33.13     1266931
-31.62     -5.97     33.01     1267945
-31.62     -5.97     33.13     1268960
-31.62     -5.97     33.13     1269975
-31.62     -5.97     33.01     1270988
-31.62     -5.97     33.01     1272003
-31.62     -5.97     32.89     1273017
-31.62     -5.97     33.13     1274032
-31.62     -5.97     33.01     1275045
-31.62     -5.97     33.01     1276060
-31.62     -5.97     33.01     1277074
-31.62     -5.97     33.13     1278089
-31.62     -5.97     33.01     1279102
-31.62     -5.97     33.13     1280117
-31.62     -5.97     33.01     1281131
-31.62     -5.97     33.01     1282146
-31.62     -5.97     33.01     1283160
-31.62     -5.97     33.01     1284174
-31.62     -5.97     33.01     1285188
-31.62     -5.97     33.01     1286203
-31.62     -5.97     33.01     1287218
-31.62     -5.97     33.01     1288231
-31.62     -5.97     33.38     1289246
-31.62     -5.97     33.01     1290260
-31.62     -5.97     33.13     1291275
-31.62     -5.97     33.01     1292289
-31.62     -5.97     33.01     1293303
-31.62     -5.97     33.01     1294317
-31.62     -5.97     33.13     1295332
-31.62     -5.97     33.13     1296346
-31.62     -5.97     33.13     1297360
-31.62     -5.97     33.13     1298374
-31.62     -5.97     33.38     1299389
-31.62     -5.97     33.01     1300403
-31.62     -5.97     33.01     1301417
-31.62     -5.97     33.13     1302431
-31.62     -5.97     33.13     1303446
-31.62     -5.97     33.13     1304460
-31.87     -5.97     33.13     1305475
-31.62     -5.97     33.13     1306489
-31.87     -5.97     33.13     1307503
-31.62     -5.97     33.13     1308518
-31.62     -5.97     33.26     1309532
-31.62     -5.97     33.13     1310546
-31.62     -5.97     33.01     1311560
-31.62     -5.97     33.13     1312575
-31.87     -5.97     33.13     1313589
-31.87     -5.97     33.01     1314604
-31.62     -5.97     33.01     1315617
-31.62     -5.97     33.01     1316632
-31.62     -6.09     33.01     1317646
-31.62     -5.97     33.01     1318661
-31.87     -5.97     33.01     1319675
-31.87     -5.97     33.01     1320689
-31.87     -5.97     33.01     1321704
-31.62     -5.97     33.01     1322718
-31.87     -5.97     33.01     1323732
-31.62     -5.97     33.01     1324746
-31.87     -5.97     32.89     1325761
-31.87     -5.97     33.01     1326775
-31.87     -5.97     33.01     1327790
-31.62     -6.09     33.13     1328803
-31.87     -6.09     33.01     1329818
-31.62     -6.09     33.01     1330832
-31.87     -6.09     33.01     1331847
-31.87     -6.09     33.01     1332860
-31.87     -6.09     33.01     1333875
-31.62     -5.97     33.01     1334889
-31.87     -6.09     33.01     1335904
-31.87     -6.09     33.01     1336919
-31.87     -6.09     32.77     1337932
-31.87     -6.09     33.01     1338947
-31.87     -6.09     32.89     1339961
-31.87     -6.09     33.01     1340976
-31.87     -6.09     33.01     1341989
-31.87     -6.09     33.01     1343004
-31.87     -6.09     32.89     1344018
-31.87     -6.09     33.01     1345033
-31.87     -6.09     33.01     1346046
-31.87     -6.09     33.01     1347061
-31.87     -6.09     33.01     1348075
-31.87     -6.09     33.01     1349090
-31.87     -6.09     33.01     1350104
-31.87     -6.09     33.01     1351118
-31.87     -6.09     33.01     1352132
-31.87     -6.09     33.01     1353147
-31.87     -6.09     33.01     1354161
-31.87     -6.09     33.01     1355175
-31.87     -5.97     33.01     1356189
-31.87     -6.09     33.01     1357204
-31.87     -6.09     33.01     1358218
-31.87     -6.09     33.01     1359233
-31.87     -6.09     33.01     1360246
-31.87     -6.09     33.01     1361261
-31.87     -6.09     33.01     1362275
-31.87     -6.09     33.01     1363290
-31.87     -6.09     33.01     1364303
-31.87     -6.09     33.01     1365318
-31.87     -6.09     33.13     1366333
-31.87     -6.09     33.01     1367347
-31.87     -6.09     32.89     1368361
-31.87     -6.09     33.01     1369375
-31.87     -6.09     33.01     1370390
-31.87     -6.09     32.89     1371404
-31.87     -6.09     33.01     1372419
-31.87     -6.09     33.01     1373432
-31.87     -6.09     33.01     1374447
-31.87     -6.09     33.01     1375461
-31.87     -6.09     33.01     1376476
-31.87     -6.09     33.01     1377489
-31.87     -6.09     33.01     1378504
-31.87     -6.09     33.01     1379518
-31.87     -6.09     33.01     1380533
-31.87     -6.09     33.01     1381547
-31.87     -6.09     33.01     1382561
-31.87     -6.09     33.01     1383575
-31.87     -6.09     33.01     1384590
-31.87     -6.09     33.01     1385604
-31.87     -6.09     33.01     1386618
-31.87     -6.09     33.01     1387632
-31.87     -6.09     33.01     1388647
-31.87     -6.09     33.01     1389661
-31.87     -6.09     33.01     1390675
-31.87     -6.09     33.01     1391689
-31.87     -6.09     33.01     1392704
-31.87     -6.09     33.01     1393718
-31.87     -6.09     33.01     1394733
-31.87     -6.09     33.01     1395747
-31.87     -6.09     33.01     1396761
-31.87     -6.09     33.01     1397776
-31.87     -6.09     33.01     1398790
-31.87     -6.09     33.01     1399804
-31.87     -6.09     33.01     1400818
-31.87     -6.09     33.01     1401833
-31.87     -6.09     33.01     1402847
-31.87     -6.09     33.01     1403862
-31.87     -6.09     33.01     1404875
-31.87     -6.09     33.01     1405890
-31.87     -6.09     33.01     1406904
-31.87     -6.09     33.01     1407919
-31.87     -6.09     33.01     1408932
-31.87     -6.09     33.01     1409947
-31.87     -6.09     33.01     1410961
-31.87     -6.09     33.01     1411976
-31.87     -6.09     33.01     1412989
-31.87     -6.09     33.01     1414004
-31.87     -6.09     33.01     1415018
-31.87     -6.09     33.01     1416033
-31.87     -6.09     33.01     1417047
-31.87     -6.09     33.01     1418061
-31.87     -6.09     33.01     1419075
-31.87     -6.09     33.01     1420090
-31.87     -6.22     33.01     1421104
-31.87     -6.09     33.01     1422118
-31.87     -6.09     33.01     1423132
-31.87     -6.22     33.01     1424147
-31.87     -6.22     33.01     1425162
-31.87     -6.09     33.01     1426176
-31.87     -6.22     33.01     1427190
-31.87     -6.22     33.01     1428204
-31.87     -6.22     33.01     1429219
-31.87     -6.22     33.01     1430233
-31.87     -6.22     33.01     1431247
-31.87     -6.22     33.13     1432261
-31.87     -6.22     33.01     1433276
-31.87     -6.22     33.01     1434290
-31.87     -6.22     33.01     1435304
-31.87     -6.22     33.01     1436318
-31.87     -6.22     33.01     1437333
-31.87     -6.22     33.01     1438347
-31.87     -6.22     33.01     1439362
-31.87     -6.22     33.01     1440375
-31.87     -6.22     33.01     1441390
-31.87     -6.22     33.01     1442405
-31.87     -6.09     33.01     1443419
-31.87     -6.22     33.01     1444433
-31.87     -6.22     33.01     1445447
-31.87     -6.22     33.01     1446462
-31.87     -6.22     33.01     1447476
-31.87     -6.22     33.01     1448491
-31.87     -6.22     33.01     1449504
-31.87     -6.22     33.01     1450519
-31.87     -6.22     33.01     1451533
-31.87     -6.22     33.01     1452548
-31.87     -6.22     32.89     1453561
-31.87     -6.22     33.01     1454576
-31.87     -6.22     32.89     1455590
-31.87     -6.22     32.89     1456605
-31.87     -6.22     32.89     1457618
-31.87     -6.22     32.89     1458633
-31.87     -6.22     32.89     1459647
-31.87     -6.22     32.89     1460662
-31.87     -6.22     32.89     1461676
-31.87     -6.22     32.89     1462690
-31.87     -6.22     32.89     1463705
-31.87     -6.22     32.89     1464719
-31.87     -6.22     32.89     1465734
-31.87     -6.22     32.89     1466747
-31.87     -6.22     32.89     1467762
-31.87     -6.22     32.89     1468776
-31.87     -6.22     32.89     1469791
-31.87     -6.22     32.89     1470804
-31.87     -6.22     32.89     1471819
-31.87     -6.22     32.89     1472833
-31.87     -6.22     33.01     1473848
-31.87     -6.22     32.89     1474862
-31.87     -6.35     32.89     1475876
-31.87     -6.22     32.89     1476890
-31.87     -6.22     32.89     1477905
-31.87     -6.22     32.89     1478919
-31.87     -6.22     32.89     1479933
-31.87     -6.22     32.89     1480947
-31.87     -6.22     32.89     1481962
-31.87     -6.22     32.89     1482977
-31.87     -6.22     32.89     1483991
-31.87     -6.22     32.77     1485005
-31.87     -6.22     32.89     1486019
-31.87     -6.22     32.89     1487034
-31.87     -6.22     32.89     1488048
-31.87     -6.22     32.89     1489062
-31.87     -6.22     32.89     1490076
-31.87     -6.22     32.89     1491091
-31.87     -6.22     32.89     1492105
-31.87     -6.22     32.65     1493120
-31.87     -6.22     32.89     1494133
-31.87     -6.22     32.89     1495148
-31.87     -6.22     32.89     1496162
-31.87     -6.22     32.89     1497177
-31.87     -6.22     32.89     1498190
-31.87     -6.22     32.89     1499205
-31.87     -6.22     32.89     1500219
-31.87     -6.22     32.89     1501234
-31.87     -6.22     32.77     1502248
-31.87     -6.22     32.89     1503262
-31.87     -6.22     32.89     1504277
-31.87     -6.22     32.89     1505291
-31.87     -6.22     32.89     1506306
-31.87     -6.22     32.89     1507319
-31.87     -6.35     32.89     1508334
-31.87     -6.22     32.89     1509348
-31.87     -6.22     32.89     1510363
-31.87     -6.35     32.89     1511376
-31.87     -6.22     32.89     1512391
-31.87     -6.35     32.89     1513405
-31.87     -6.22     33.01     1514420
-31.87     -6.22     33.01     1515433
-31.87     -6.22     33.01     1516448
-31.87     -6.35     33.01     1517462
-31.87     -6.22     33.01     1518477
-31.87     -6.22     32.89     1519491
-31.87     -6.22     33.01     1520505
-31.87     -6.35     33.01     1521520
-31.87     -6.22     33.01     1522534
-31.87     -6.22     33.01     1523549
-31.87     -6.35     32.89     1524562
-31.87     -6.22     33.01     1525577
-31.87     -6.22     33.01     1526591
-31.87     -6.22     33.01     1527606
-31.87     -6.22     33.01     1528620
-31.87     -6.35     33.01     1529634
-31.87     -6.22     33.01     1530648
-31.87     -6.35     33.01     1531663
-31.87     -6.22     33.01     1532677
-31.87     -6.22     33.01     1533691
-31.87     -6.22     33.01     1534705
-31.87     -6.22     33.01     1535720
-31.87     -6.22     33.13     1536734
-31.87     -6.22     33.01     1537748
-31.87     -6.22     33.01     1538762
-31.87     -6.22     33.01     1539777
-31.87     -6.35     33.01     1540791
-31.87     -6.35     33.01     1541806
-31.87     -6.35     33.01     1542820
-31.87     -6.35     33.01     1543834
-31.87     -6.35     33.01     1544849
-31.87     -6.35     33.01     1545863
-31.87     -6.35     32.77     1546877
-31.87     -6.35     32.89     1547891
-31.87     -6.35     33.01     1548906
-31.87     -6.35     33.01     1549920
-31.87     -6.35     33.01     1550935
-31.87     -6.35     33.01     1551948
-31.87     -6.35     33.01     1552963
-31.87     -6.35     33.01     1553977
-31.87     -6.35     33.01     1554992
-31.87     -6.35     33.01     1556005
-32.12     -6.35     33.01     1557020
-31.87     -6.35     33.01     1558034
-31.87     -6.22     33.01     1559049
-31.87     -6.35     33.01     1560064
-31.87     -6.35     33.01     1561077
-31.87     -6.35     33.01     1562092
-31.87     -6.35     33.01     1563106
-32.12     -6.35     33.01     1564121
-31.87     -6.35     33.01     1565134
-31.87     -6.35     33.01     1566149
-31.87     -6.35     33.01     1567163
-31.87     -6.35     33.01     1568178
-31.87     -6.35     33.01     1569191
-31.87     -6.35     33.01     1570206
-31.87     -6.35     33.01     1571220
-31.87     -6.22     33.01     1572235
-31.87     -6.35     33.01     1573249
-31.87     -6.35     33.01     1574263
-31.87     -6.35     33.01     1575277
-31.87     -6.35     33.01     1576292
-32.12     -6.35     33.01     1577306
-31.87     -6.35     33.01     1578320
-31.87     -6.22     33.01     1579335
-31.87     -6.35     33.01     1580349
-31.87     -6.35     33.01     1581364
-31.87     -6.35     33.01     1582377
-31.87     -6.35     33.01     1583392
-31.87     -6.35     33.01     1584406
-31.87     -6.35     33.01     1585421
-31.87     -6.35     33.01     1586435
-32.12     -6.35     33.01     1587449
-32.12     -6.35     33.01     1588463
-32.12     -6.35     33.01     1589478
-32.12     -6.35     33.01     1590492
-32.12     -6.35     33.01     1591506
-32.12     -6.35     33.01     1592520
-32.12     -6.35     33.01     1593535
-32.12     -6.35     33.01     1594549
-32.12     -6.35     33.01     1595564
-32.12     -6.35     33.01     1596577
-32.12     -6.35     33.01     1597592
-32.12     -6.35     33.01     1598607
-32.12     -6.35     33.01     1599621
-32.12     -6.35     33.01     1600635
-32.12     -6.35     33.01     1601649
-32.12     -6.35     33.01     1602664
-32.12     -6.35     33.01     1603678
-32.12     -6.35     33.01     1604692
-32.12     -6.35     33.01     1605706
-32.12     -6.35     33.01     1606721
-32.12     -6.35     33.01     1607735
-32.12     -6.22     33.01     1608750
-32.12     -6.35     33.01     1609763
-32.12     -6.35     33.01     1610778
-32.12     -6.35     33.01     1611792
-32.12     -6.35     33.01     1612807
-32.37     -6.35     33.01     1613821
-32.12     -6.22     33.01     1614835
-32.12     -6.35     33.01     1615850
-32.12     -6.35     33.01     1616864
-32.12     -6.35     33.01     1617879
-32.12     -6.35     33.01     1618892
-32.12     -6.35     33.01     1619907
-32.12     -6.35     33.01     1620921
-32.12     -6.35     33.01     1621936
-32.12     -6.35     33.01     1622949
-32.12     -6.35     33.01     1623964
-32.12     -6.35     33.01     1624978
-32.12     -6.35     33.01     1625993
-32.12     -6.35     33.01     1627006
-32.12     -6.35     33.01     1628021
-32.12     -6.35     33.01     1629035
-32.12     -6.35     33.01     1630050
-32.12     -6.35     33.01     1631065
-32.12     -6.35     33.01     1632078
-32.12     -6.35     33.01     1633093
-32.12     -6.35     33.01     1634107
-32.12     -6.35     33.01     1635122
-32.12     -6.35     33.01     1636135
-32.12     -6.35     33.01     1637150
-32.12     -6.35     33.01     1638164
-32.12     -6.35     33.01     1639179
-32.12     -6.35     33.01     1640193
-32.12     -6.22     33.01     1641207
-32.12     -6.35     33.01     1642221
-32.12     -6.35     33.01     1643236
-32.12     -6.35     33.01     1644250
-32.12     -6.35     33.01     1645264
-32.12     -6.35     33.01     1646278
-32.12     -6.35     33.01     1647293
-32.12     -6.22     33.01     1648308
-32.12     -6.35     33.01     1649321
-32.12     -6.22     33.13     1650336
-32.12     -6.35     33.01     1651350
-32.12     -6.35     33.01     1652365
-32.12     -6.35     33.01     1653379
-32.12     -6.35     33.01     1654393
-32.12     -6.35     33.01     1655407
-32.12     -6.35     33.01     1656422
-32.12     -6.35     33.01     1657436
-32.12     -6.35     33.01     1658450
-32.12     -6.35     33.01     1659464
-32.12     -6.35     33.01     1660479
-32.12     -6.35     33.01     1661493
-32.12     -6.35     33.01     1662508
-32.12     -6.35     33.01     1663521
-32.12     -6.35     33.01     1664536
-32.12     -6.35     33.01     1665551
-32.12     -6.35     33.01     1666565
-32.12     -6.35     33.26     1667579
-32.12     -6.35     33.01     1668593
-32.12     -6.35     33.01     1669608
-32.12     -6.35     33.01     1670622
-32.12     -6.35     33.01     1671636
-32.12     -6.35     33.01     1672650
-32.12     -6.35     33.01     1673665
-32.12     -6.35     33.01     1674679
-32.12     -6.35     33.01     1675694
-32.12     -6.35     33.01     1676707
-32.12     -6.35     33.01     1677722
-32.12     -6.35     33.01     1678736
-32.12     -6.35     33.01     1679751
-32.12     -6.35     33.01     1680764
-32.12     -6.35     32.77     1681779
-32.12     -6.35     33.01     1682794
-32.12     -6.35     33.01     1683808
-32.12     -6.35     33.01     1684823
-32.12     -6.35     33.01     1685836
-32.12     -6.35     32.89     1686851
-32.12     -6.35     32.77     1687865
-32.12     -6.35     32.89     1688880
-32.12     -6.35     32.89     1689893
-32.12     -6.35     32.89     1690908
-32.12     -6.35     32.89     1691922
-32.12     -6.35     32.89     1692937
-32.12     -6.35     33.01     1693950
-32.12     -6.35     32.89     1694965
-32.12     -6.35     33.01     1695979
-32.12     -6.35     33.01     1696994
-32.12     -6.35     32.89     1698008
-32.12     -6.35     33.13     1699022
-32.12     -6.35     32.89     1700037
-32.12     -6.35     32.89     1701051
-32.12     -6.35     33.01     1702066
-32.12     -6.35     33.01     1703079
-32.12     -6.35     32.89     1704094
-32.12     -6.35     32.89     1705108
-32.12     -6.35     33.26     1706123
-32.12     -6.35     33.01     1707137
-32.12     -6.35     33.01     1708151
-32.12     -6.35     32.89     1709165
-32.12     -6.35     33.01     1710180
-32.12     -6.35     32.89     1711194
-32.12     -6.35     32.89     1712208
-32.12     -6.35     32.89     1713222
-32.12     -6.48     33.01     1714237
-32.12     -6.35     32.89     1715252
-32.12     -6.35     32.89     1716265
-32.12     -6.35     32.89     1717280
-32.12     -6.35     33.01     1718294
-32.12     -6.35     33.01     1719309
-32.12     -6.35     32.89     1720323
-32.12     -6.35     33.01     1721337
-32.12     -6.35     33.01     1722351
-32.12     -6.35     33.01     1723366
-32.12     -6.35     33.01     1724380
-32.12     -6.35     33.01     1725394
-32.12     -6.35     33.01     1726408
-32.12     -6.35     33.01     1727423
-32.37     -6.35     33.01     1728437
-32.12     -6.35     33.26     1729452
-32.12     -6.35     33.01     1730466
-32.12     -6.35     33.01     1731480
-32.12     -6.35     33.01     1732495
-32.12     -6.35     33.01     1733509
-32.12     -6.35     33.01     1734523
-32.12     -6.35     33.01     1735537
-32.12     -6.35     33.01     1736552
-32.12     -6.35     33.01     1737566
-32.12     -6.35     33.01     1738580
-32.12     -6.48     33.01     1739594
-32.12     -6.35     33.01     1740609
-32.12     -6.48     33.01     1741623
-32.12     -6.35     33.01     1742638
-32.12     -6.35     33.01     1743651
-32.12     -6.48     33.01     1744666
-32.12     -6.35     33.01     1745681
-32.12     -6.35     33.01     1746695
-32.12     -6.48     32.89     1747709
-32.12     -6.35     33.01     1748723
-32.12     -6.48     33.01     1749738
-32.12     -6.48     33.01     1750752
-32.12     -6.48     33.01     1751767
-32.12     -6.48     33.01     1752780
-32.12     -6.48     33.01     1753795
-32.12     -6.48     33.01     1754809
-32.12     -6.48     33.01     1755824
-32.12     -6.35     33.13     1756837
-32.12     -6.48     33.01     1757852
-32.12     -6.48     33.01     1758866
-32.12     -6.48     33.01     1759881
-32.12     -6.48     33.01     1760894
-32.12     -6.48     33.01     1761909
-32.12     -6.48     33.01     1762924
-32.12     -6.48     33.01     1763938
-32.12     -6.48     33.01     1764953
-32.12     -6.48     33.01     1765966
-32.12     -6.48     33.01     1766981
-32.12     -6.48     33.01     1767995
-32.12     -6.48     33.01     1769010
-32.12     -6.48     33.01     1770023
-32.12     -6.48     33.01     1771038
-32.12     -6.35     33.13     1772052
-32.12     -6.48     33.01     1773067
-32.12     -6.48     33.01     1774081
-32.12     -6.48     32.89     1775095
-32.12     -6.48     33.01     1776109
-32.12     -6.48     32.89     1777124
-32.12     -6.48     32.89     1778138
-32.12     -6.48     32.89     1779152
-32.12     -6.48     32.89     1780167
-32.12     -6.48     32.89     1781181
-32.12     -6.48     32.89     1782196
-32.12     -6.48     32.89     1783209
-32.12     -6.48     32.89     1784224
-32.12     -6.48     32.89     1785238
-32.12     -6.48     32.89     1786253
-32.12     -6.48     32.89     1787267
-32.12     -6.48     32.89     1788281
-32.12     -6.48     32.89     1789295
-32.12     -6.48     32.89     1790310
-32.12     -6.48     32.89     1791324
-32.12     -6.48     32.89     1792338
-32.12     -6.48     32.89     1793352
-32.12     -6.48     32.89     1794367
-32.12     -6.48     32.89     1795381
-32.37     -6.48     32.89     1796396
-32.12     -6.48     32.89     1797410
-32.12     -6.48     32.89     1798424
-32.12     -6.35     32.89     1799439
-32.12     -6.48     32.89     1800453
-32.12     -6.48     32.89     1801467
-32.12     -6.48     32.89     1802481
-32.12     -6.48     33.01     1803496
-32.12     -6.48     32.89     1804510
-32.12     -6.48     32.89     1805524
-32.12     -6.48     32.89     1806538
-32.12     -6.48     32.89     1807553
-32.12     -6.48     32.77     1808567
-32.12     -6.48     32.89     1809582
-32.12     -6.48     32.89     1810595
-32.12     -6.48     32.89     1811610
-32.12     -6.48     33.26     1812624
-32.12     -6.48     32.89     1813639
-32.12     -6.48     32.89     1814653
-32.12     -6.48     32.89     1815667
-32.12     -6.48     32.89     1816682
-32.12     -6.48     32.89     1817696
-32.12     -6.48     32.89     1818711
-32.12     -6.48     32.89     1819724
-32.12     -6.48     32.77     1820739
-32.12     -6.48     32.89     1821753
-32.12     -6.48     32.89     1822768
-32.12     -6.48     32.89     1823781
-32.12     -6.35     32.89     1824796
-32.12     -6.48     32.89     1825810
-32.12     -6.48     32.89     1826825
-32.12     -6.48     32.89     1827838
-32.12     -6.48     32.89     1828853
-32.12     -6.48     32.89     1829867
-32.12     -6.48     32.89     1830882
-32.12     -6.48     32.89     1831897
-32.12     -6.48     32.89     1832910
-32.12     -6.48     32.89     1833925
-32.12     -6.48     32.89     1834939
-32.12     -6.48     32.89     1835954
-32.12     -6.48     32.89     1836967
-32.12     -6.48     32.89     1837982
-32.12     -6.48     32.89     1838996
-32.12     -6.48     32.89     1840011
-32.12     -6.48     32.89     1841025
-32.12     -6.48     32.89     1842039
-32.12     -6.48     32.89     1843053
-32.12     -6.48     32.89     1844068
-32.12     -6.48     32.89     1845082
-32.12     -6.48     32.77     1846096
-32.12     -6.48     32.89     1847110
-32.12     -6.48     32.89     1848125
-32.12     -6.48     32.89     1849140
-32.12     -6.48     32.89     1850153
-32.12     -6.48     32.89     1851168
-32.12     -6.48     32.89     1852182
-32.37     -6.61     32.89     1853197
-32.12     -6.48     32.77     1854211
-32.12     -6.48     32.65     1855225
-32.12     -6.61     32.89     1856239
-32.12     -6.48     32.89     1857254
-32.12     -6.48     32.89     1858268
-32.12     -6.48     32.65     1859282
-32.12     -6.48     32.89     1860296
-32.37     -6.48     33.13     1861311
-32.12     -6.48     32.89     1862325
-32.12     -6.48     32.89     1863340
-32.12     -6.48     32.89     1864354
-32.12     -6.48     32.89     1865368
-32.12     -6.48     32.65     1866383
-32.12     -6.48     32.89     1867397
-32.12     -6.48     32.89     1868411
-32.12     -6.48     32.89     1869425
-32.12     -6.48     32.89     1870440
-32.12     -6.48     32.89     1871454
-32.12     -6.48     32.89     1872468
-32.12     -6.48     32.77     1873482
-32.37     -6.48     32.89     1874497
-32.12     -6.48     32.89     1875511
-32.12     -6.48     33.01     1876526
-32.12     -6.48     32.89     1877539
-32.12     -6.48     32.89     1878554
-32.12     -6.48     32.89     1879569
-32.12     -6.48     32.89     1880583
-32.12     -6.48     32.89     1881597
-32.12     -6.48     32.89     1882611
-32.12     -6.48     32.89     1883626
-32.12     -6.48     32.89     1884640
-32.37     -6.48     32.89     1885655
-32.12     -6.48     32.89     1886668
-32.37     -6.48     32.89     1887683
-32.12     -6.48     33.13     1888697
-32.12     -6.48     32.89     1889712
-32.12     -6.48     32.89     1890725
-32.12     -6.48     32.89     1891740
-32.12     -6.48     33.01     1892754
-32.37     -6.48     32.89     1893769
-32.12     -6.48     32.89     1894784
-32.12     -6.48     32.89     1895797
-32.12     -6.48     32.89     1896812
-32.37     -6.48     32.89     1897826
-32.37     -6.48     33.01     1898841
-32.37     -6.48     32.89     1899854
-32.12     -6.48     32.89     1900869
-32.12     -6.48     32.89     1901883
-32.37     -6.48     32.89     1902898
-32.12     -6.48     32.89     1903911
-32.37     -6.48     32.89     1904926
-32.37     -6.48     32.89     1905940
-32.12     -6.48     32.89     1906955
-32.37     -6.48     32.89     1907970
-32.37     -6.48     32.89     1908983
-32.37     -6.48     32.89     1909998
-32.37     -6.48     32.89     1911012
-32.37     -6.48     32.89     1912027
-32.37     -6.48     33.01     1913040
-32.37     -6.48     32.89     1914055
-32.37     -6.48     32.89     1915069
-32.37     -6.48     32.89     1916084
-32.12     -6.48     32.89     1917097
-32.37     -6.61     32.89     1918112
-32.12     -6.61     32.77     1919126
-32.37     -6.61     32.89     1920141
-32.12     -6.48     33.01     1921155
-32.37     -6.61     32.89     1922169
-32.37     -6.61     32.89     1923184
-32.37     -6.61     32.89     1924198
-32.37     -6.61     32.89     1925213
-32.37     -6.48     32.89     1926226
-32.37     -6.61     32.89     1927241
-32.37     -6.61     32.89     1928255
-32.37     -6.61     32.89     1929270
-32.37     -6.61     32.89     1930284
-32.37     -6.61     32.89     1931298
-32.37     -6.61     32.89     1932312
-32.37     -6.61     32.89     1933327
-32.37     -6.61     32.89     1934341
-32.37     -6.61     32.89     1935355
-32.37     -6.61     32.89     1936369
-32.37     -6.61     32.89     1937384
-32.12     -6.61     32.89     1938398
-32.37     -6.61     32.89     1939412
-32.37     -6.61     32.89     1940427
-32.37     -6.61     32.89     1941441
-32.37     -6.61     32.89     1942456
-32.37     -6.48     32.89     1943470
-32.37     -6.61     32.89     1944484
-32.37     -6.61     32.89     1945498
-32.37     -6.61     32.89     1946513
-32.37     -6.61     32.89     1947527
-32.37     -6.61     32.89     1948541
-32.37     -6.61     32.89     1949555
-32.37     -6.61     32.89     1950570
-32.12     -6.61     32.89     1951584
-32.37     -6.61     32.89     1952599
-32.37     -6.61     32.89     1953612
-32.37     -6.61     32.89     1954627
-32.37     -6.61     32.89     1955642
-32.37     -6.61     32.89     1956656
-32.12     -6.61     32.89     1957670
-32.37     -6.61     32.89     1958684
-32.37     -6.61     32.89     1959699
-32.37     -6.61     32.89     1960713
-32.37     -6.61     32.89     1961728
-32.12     -6.61     32.89     1962741
-32.37     -6.61     32.89     1963756
-32.37     -6.61     32.89     1964770
-32.37     -6.61     32.89     1965785
-32.37     -6.61     32.89     1966798
-32.37     -6.61     32.89     1967813
-32.37     -6.61     32.89     1968827
-32.37     -6.61     32.89     1969842
-32.37     -6.61     32.89     1970855
-32.37     -6.48     32.89     1971870
-32.37     -6.61     32.89     1972885
-32.37     -6.61     32.89     1973899
-32.37     -6.61     32.89     1974914
-32.37     -6.61     32.89     1975927
-32.37     -6.61     32.89     1976942
-32.37     -6.61     32.89     1977956
-32.37     -6.61     32.89     1978971
-32.37     -6.61     32.77     1979984
-32.37     -6.61     32.89     1980999
-32.37     -6.61     32.89     1982013
-32.37     -6.61     32.89     1983028
-32.37     -6.61     32.89     1984041
-32.37     -6.61     32.89     1985056
-32.37     -6.61     32.89     1986070
-32.37     -6.61     32.89     1987085
-32.37     -6.61     32.89     1988099
-32.37     -6.61     32.89     1989113
-32.37     -6.61     32.89     1990128
-32.37     -6.61     32.89     1991142
-32.37     -6.61     32.89     1992157
-32.37     -6.61     32.89     1993170
-32.37     -6.61     32.89     1994185
-32.37     -6.61     32.89     1995199
-32.37     -6.61     32.89     1996214
-32.37     -6.61     32.89     1997228
-32.37     -6.61     32.89     1998242
-32.37     -6.61     32.89     1999256
-32.37     -6.61     32.89     2000271
-32.37     -6.61     32.89     2001285
-32.37     -6.61     32.89     2002299
-32.37     -6.61     32.89     2003313
-32.37     -6.61     32.89     2004328
-32.37     -6.61     32.89     2005342
-32.37     -6.61     32.89     2006356
-32.37     -6.61     32.89     2007371
-32.37     -6.61     32.89     2008385
-32.37     -6.61     32.89     2009400
-32.37     -6.61     32.77     2010414
-32.37     -6.61     32.89     2011428
-32.37     -6.61     32.89     2012442
-32.37     -6.61     32.89     2013457
-32.37     -6.61     32.89     2014471
-32.37     -6.61     32.89     2015485
-32.37     -6.61     32.89     2016499
-32.37     -6.61     32.89     2017514
-32.37     -6.61     32.89     2018528
-32.37     -6.61     32.89     2019543
-32.37     -6.61     32.89     2020556
-32.37     -6.61     32.89     2021571
-32.37     -6.61     32.89     2022585
-32.37     -6.61     32.89     2023600
-32.37     -6.61     32.89     2024614
-32.37     -6.61     32.89     2025628
-32.37     -6.61     32.89     2026643
-32.37     -6.61     33.13     2027657
-32.37     -6.61     32.89     2028672
-32.37     -6.61     32.89     2029685
-32.37     -6.61     32.89     2030700
-32.37     -6.61     32.89     2031714
-32.37     -6.48     32.89     2032729
-32.37     -6.61     32.89     2033742
-32.37     -6.61     32.89     2034757
-32.37     -6.61     32.89     2035771
-32.37     -6.61     32.89     2036786
-32.37     -6.61     32.89     2037799
-32.37     -6.61     32.89     2038814
-32.37     -6.61     32.89     2039828
-32.37     -6.61     32.89     2040843
-32.37     -6.61     32.89     2041858
-32.37     -6.61     32.89     2042871
-32.37     -6.61     32.89     2043886
-32.37     -6.61     32.89     2044900
-32.37     -6.61     32.89     2045915
-32.37     -6.48     32.89     2046928
-32.37     -6.61     32.89     2047943
-32.37     -6.61     32.89     2048957
-32.12     -6.61     32.89     2049972
-32.37     -6.74     32.89     2050985
-32.37     -6.61     32.89     2052000
-32.37     -6.61     32.89     2053014
-32.37     -6.61     32.89     2054029
-32.37     -6.61     32.89     2055043
-32.37     -6.61     32.89     2056057
-32.37     -6.48     32.89     2057072
-32.37     -6.61     32.89     2058086
-32.37     -6.61     32.89     2059101
-32.37     -6.61     32.89     2060114
-32.37     -6.61     32.89     2061129
-32.37     -6.61     32.89     2062143
-32.37     -6.61     32.89     2063158
-32.37     -6.61     32.89     2064172
-32.37     -6.61     32.89     2065186
-32.37     -6.61     32.77     2066200
-32.37     -6.61     33.01     2067215
-32.37     -6.61     32.89     2068229
-32.37     -6.61     32.89     2069243
-32.37     -6.61     32.89     2070257
-32.12     -6.61     32.89     2071272
-32.37     -6.61     32.89     2072287
-32.37     -6.61     32.77     2073300
-32.37     -6.61     32.89     2074315
-32.37     -6.61     32.89     2075329
-32.37     -6.61     32.89     2076344
-32.37     -6.61     32.89     2077358
-32.37     -6.61     32.89     2078372
-32.37     -6.61     32.89     2079386
-32.37     -6.61     32.89     2080401
-32.37     -6.61     33.01     2081415
-32.37     -6.61     32.89     2082429
-32.37     -6.61     32.89     2083443
-32.37     -6.61     32.89     2084458
-32.37     -6.61     32.89     2085472
-32.37     -6.61     32.89     2086487
-32.37     -6.61     32.89     2087500
-32.37     -6.61     32.89     2088515
-32.37     -6.61     32.89     2089530
-32.37     -6.61     32.89     2090544
-32.37     -6.61     32.89     2091558
-32.37     -6.61     32.89     2092572
-32.37     -6.61     32.89     2093587
-32.37     -6.61     32.89     2094601
-32.37     -6.61     32.89     2095616
-32.37     -6.61     32.89     2096629
-32.37     -6.61     32.89     2097644
-32.37     -6.61     32.89     2098658
-32.37     -6.61     32.89     2099673
-32.37     -6.61     32.89     2100686
-32.37     -6.61     32.89     2101701
-32.37     -6.61     32.89     2102715
-32.37     -6.61     32.89     2103730
-32.37     -6.61     32.89     2104743
-32.37     -6.61     32.89     2105758
-32.37     -6.61     32.89     2106772
-32.37     -6.61     32.89     2107787
-32.37     -6.61     32.89     2108802
-32.37     -6.61     32.89     2109815
-32.37     -6.61     32.89     2110830
-32.37     -6.74     32.77     2111844
-32.37     -6.48     32.89     2112859
-32.37     -6.61     32.89     2113872
-32.37     -6.61     32.89     2114887
-32.37     -6.61     32.89     2115901
-32.37     -6.61     32.89     2116916
-32.37     -6.61     32.89     2117929
-32.37     -6.61     32.89     2118944
-32.37     -6.61     32.89     2119958
-32.37     -6.61     32.89     2120973
-32.37     -6.61     32.89     2121987
-32.37     -6.61     32.89     2123001
-32.37     -6.61     33.01     2124015
-32.37     -6.61     32.89     2125030
-32.37     -6.61     32.77     2126045
-32.37     -6.61     33.01     2127058
-32.37     -6.61     33.01     2128073
-32.37     -6.74     33.01     2129087
-32.37     -6.61     33.01     2130102
-32.37     -6.61     33.01     2131116
-32.37     -6.48     33.01     2132130
-32.37     -6.61     32.89     2133144
-32.37     -6.74     33.01     2134159
-32.37     -6.48     33.01     2135173
-32.37     -6.61     33.01     2136187
-32.37     -6.61     33.01     2137201
-32.37     -6.61     32.89     2138216
-32.37     -6.61     33.01     2139230
-32.37     -6.61     33.01     2140244
-32.37     -6.61     32.89     2141258
-32.37     -6.61     32.89     2142273
-32.37     -6.61     33.01     2143288
-32.37     -6.61     33.01     2144302
-32.37     -6.61     33.01     2145316
-32.37     -6.61     33.01     2146330
-32.37     -6.61     33.01     2147345
-32.37     -6.61     33.01     2148359
-32.37     -6.61     33.01     2149373
-32.37     -6.61     33.01     2150387
-32.37     -6.61     33.01     2151402
-32.37     -6.61     33.01     2152416
-32.37     -6.61     33.01     2153431
-32.37     -6.61     33.01     2154444
-32.37     -6.61     33.01     2155459
-32.37     -6.61     33.01     2156473
-32.37     -6.61     33.01     2157488
-32.37     -6.61     33.01     2158501
-32.37     -6.61     33.01     2159516
-32.37     -6.61     33.01     2160531
-32.37     -6.61     33.01     2161545
-32.37     -6.61     32.77     2162560
-32.37     -6.61     33.01     2163573
-32.37     -6.61     32.77     2164588
-32.37     -6.61     33.01     2165602
-32.37     -6.61     33.01     2166617
-32.37     -6.61     33.01     2167630
-32.37     -6.61     33.01     2168645
-32.37     -6.61     33.01     2169659
-32.37     -6.61     32.77     2170674
-32.37     -6.61     33.01     2171687
-32.37     -6.61     33.01     2172702
-32.37     -6.61     32.89     2173716
-32.37     -6.61     33.01     2174731
-32.37     -6.61     33.01     2175745
-32.37     -6.61     33.01     2176759
-32.37     -6.61     33.01     2177774
-32.37     -6.48     33.01     2178788
-32.37     -6.61     33.01     2179803
-32.37     -6.61     33.01     2180816
-32.37     -6.61     33.01     2181831
-32.37     -6.48     33.01     2182845
-32.37     -6.61     33.01     2183860
-32.37     -6.61     33.01     2184873
-32.37     -6.61     33.01     2185888
-32.37     -6.61     33.01     2186902
-32.37     -6.61     33.01     2187917
-32.37     -6.61     33.01     2188931
-32.37     -6.48     33.01     2189945
-32.37     -6.61     33.01     2190959
-32.37     -6.61     33.01     2191974
-32.37     -6.61     33.01     2192988
-32.37     -6.61     32.77     2194002
-32.37     -6.61     33.01     2195016
-32.37     -6.61     33.01     2196031
-32.37     -6.61     33.01     2197046
-32.37     -6.61     33.01     2198060
-32.37     -6.61     32.65     2199074
-32.37     -6.61     33.01     2200088
-32.37     -6.61     33.01     2201103
-32.37     -6.61     33.01     2202117
-32.37     -6.61     33.01     2203131
-32.37     -6.61     33.01     2204145
-32.37     -6.61     33.01     2205160
-32.37     -6.61     33.01     2206174
-32.37     -6.48     33.01     2207188
-32.37     -6.61     32.89     2208202
-32.37     -6.61     33.01     2209217
-32.37     -6.61     33.01     2210231
-32.37     -6.61     33.01     2211246
-32.37     -6.61     33.01     2212260
-32.37     -6.61     32.77     2213274
-32.37     -6.61     33.01     2214289
-32.37     -6.61     33.01     2215303
-32.37     -6.61     33.01     2216317
-32.12     -6.61     33.01     2217331
-32.37     -6.61     33.01     2218346
-32.37     -6.61     33.01     2219360
-32.37     -6.61     33.01     2220375
-32.37     -6.61     33.01     2221388
-32.37     -6.61     33.01     2222403
-32.37     -6.61     33.01     2223417
-32.37     -6.61     33.01     2224432
-32.37     -6.61     33.01     2225445
-32.37     -6.61     33.01     2226460
-32.37     -6.61     33.01     2227475
-32.37     -6.61     33.01     2228489
-32.37     -6.61     33.26     2229504
-32.37     -6.61     33.01     2230517
-32.37     -6.61     33.01     2231532
-32.37     -6.61     33.01     2232546
-32.37     -6.61     33.01     2233561
-32.37     -6.61     33.01     2234574
-32.37     -6.61     33.01     2235589
-32.37     -6.61     32.89     2236603
-32.37     -6.61     32.89     2237618
-32.37     -6.61     33.01     2238631
-32.37     -6.61     33.01     2239646
-32.37     -6.61     32.89     2240660
-32.37     -6.61     32.89     2241675
-32.37     -6.61     32.89     2242689
-32.37     -6.61     32.89     2243703
-32.12     -6.61     32.89     2244718
-32.37     -6.61     32.89     2245732
-32.37     -6.74     32.77     2246747
-32.37     -6.61     32.89     2247760
-32.37     -6.61     32.89     2248775
-32.37     -6.61     32.89     2249789
-32.37     -6.61     32.89     2250804
-32.37     -6.61     32.89     2251817
-32.37     -6.61     32.89     2252832
-32.37     -6.61     32.89     2253846
-32.37     -6.61     32.89     2254861
-32.37     -6.61     32.89     2255875
-32.37     -6.61     32.89     2256889
-32.37     -6.61     32.89     2257903
-32.37     -6.61     32.89     2258918
-32.37     -6.61     33.01     2259932
-32.37     -6.61     32.89     2260946
-32.37     -6.61     32.89     2261961
-32.37     -6.61     32.89     2262975
-32.37     -6.61     32.89     2263990
-32.37     -6.61     32.89     2265004
-32.37     -6.61     32.77     2266018
-32.37     -6.61     32.89     2267032
-32.37     -6.61     32.89     2268047
-32.37     -6.61     32.89     2269061
-32.37     -6.61     32.89     2270075
-32.37     -6.61     32.89     2271089
-32.37     -6.61     32.89     2272104
-32.37     -6.61     32.89     2273118
-32.37     -6.61     32.89     2274132
-32.37     -6.61     32.89     2275146
-32.37     -6.61     32.89     2276161
-32.37     -6.61     32.89     2277175
-32.37     -6.61     32.89     2278190
-32.37     -6.61     32.89     2279204
-32.37     -6.61     32.89     2280218
-32.37     -6.61     32.89     2281233
-32.37     -6.61     32.89     2282247
-32.37     -6.61     32.89     2283261
-32.37     -6.61     32.65     2284275
-32.37     -6.74     32.89     2285290
-32.37     -6.61     32.89     2286304
-32.37     -6.74     32.89     2287319
-32.37     -6.61     32.89     2288332
-32.37     -6.61     32.89     2289347
-32.37     -6.61     32.89     2290361
-32.37     -6.61     32.89     2291376
-32.37     -6.61     32.89     2292389
-32.37     -6.61     32.89     2293404
-32.37     -6.61     32.89     2294418
-32.37     -6.61     32.89     2295433
-32.37     -6.61     32.89     2296448
-32.37     -6.61     32.89     2297461
-32.37     -6.61     32.89     2298476
-32.37     -6.61     32.89     2299490
-32.37     -6.61     32.89     2300505
-32.37     -6.61     32.89     2301518
-32.37     -6.61     32.89     2302533
-32.37     -6.61     32.89     2303547
-32.37     -6.61     32.89     2304562
-32.37     -6.61     33.01     2305575
-32.12     -6.61     32.89     2306590
-32.37     -6.61     32.65     2307604
-32.37     -6.61     32.89     2308619
-32.37     -6.61     32.89     2309633
-32.37     -6.61     32.77     2310647
-32.37     -6.61     32.89     2311661
-32.37     -6.61     32.65     2312676
-32.37     -6.61     32.89     2313691
-32.37     -6.61     32.89     2314704
-32.37     -6.61     32.89     2315719
-32.37     -6.61     32.89     2316733
-32.37     -6.61     32.89     2317748
-32.37     -6.61     32.89     2318761
-32.37     -6.61     32.89     2319776
-32.37     -6.61     32.89     2320790
-32.37     -6.61     32.89     2321805
-32.37     -6.61     32.89     2322819
-32.37     -6.61     32.89     2323833
-32.37     -6.61     32.89     2324847
-32.37     -6.61     32.89     2325862
-32.37     -6.61     32.89     2326876
-32.37     -6.61     32.89     2327890
-32.37     -6.61     32.89     2328904
-32.37     -6.61     33.13     2329919
-32.37     -6.61     32.89     2330934
-32.37     -6.61     32.89     2331948
-32.37     -6.61     32.89     2332962
-32.37     -6.61     32.89     2333976
-32.37     -6.74     32.89     2334991
-32.37     -6.61     32.89     2336005
-32.37     -6.61     32.65     2337019
-32.37     -6.61     32.89     2338033
-32.37     -6.61     32.89     2339048
-32.37     -6.61     32.89     2340062
-32.37     -6.61     32.89     2341076
-32.37     -6.74     32.89     2342090
-32.37     -6.61     32.89     2343105
-32.37     -6.74     32.89     2344119
-32.37     -6.61     32.89     2345134
-32.37     -6.74     32.89     2346147
-32.37     -6.74     32.89     2347162
-32.37     -6.74     32.89     2348177
-32.37     -6.74     32.89     2349191
-32.37     -6.74     32.89     2350205
-32.37     -6.74     32.89     2351219
-32.37     -6.74     32.89     2352234
-32.37     -6.74     32.89     2353248
-32.37     -6.74     32.89     2354263
-32.37     -6.74     32.89     2355276
-32.37     -6.74     32.89     2356291
-32.37     -6.74     32.89     2357305
-32.37     -6.74     32.77     2358320
-32.37     -6.61     32.89     2359333
-32.37     -6.74     32.89     2360348
-32.37     -6.74     32.89     2361362
-32.37     -6.74     32.89     2362377
-32.37     -6.74     32.89     2363390
-32.37     -6.74     32.89     2364405
-32.37     -6.74     32.89     2365419
-32.37     -6.74     32.89     2366434
-32.37     -6.74     32.89     2367449
-32.37     -6.74     32.89     2368462
-32.37     -6.74     32.89     2369477
-32.37     -6.74     33.01     2370491
-32.37     -6.74     32.89     2371506
-32.37     -6.74     32.89     2372519
-32.37     -6.74     32.89     2373534
-32.37     -6.74     32.89     2374548
-32.37     -6.74     32.89     2375563
-32.37     -6.74     32.89     2376577
-32.37     -6.74     32.89     2377591
-32.37     -6.74     32.89     2378605
-32.12     -6.74     32.89     2379620
-32.37     -6.74     32.89     2380634
-32.37     -6.74     32.89     2381648
-32.37     -6.74     32.89     2382662
-32.37     -6.74     32.89     2383677
-32.37     -6.74     32.89     2384692
-32.37     -6.74     32.89     2385705
-32.37     -6.74     32.89     2386720
-32.37     -6.74     32.89     2387734
-32.37     -6.74     32.89     2388749
-32.37     -6.74     32.89     2389763
-32.37     -6.74     32.89     2390777
-32.37     -6.74     32.89     2391791
-32.37     -6.74     33.13     2392806
-32.37     -6.74     32.89     2393820
-32.37     -6.74     32.89     2394834
-32.37     -6.74     32.89     2395848
-32.37     -6.74     32.89     2396863
-32.37     -6.74     32.89     2397877
-32.37     -6.74     32.89     2398892
-32.37     -6.74     32.89     2399905
-32.37     -6.74     32.89     2400920
-32.37     -6.74     32.89     2401935
-32.37     -6.74     32.89     2402949
-32.37     -6.74     32.89     2403963
-32.37     -6.74     32.89     2404977
-32.37     -6.74     32.89     2405992
-32.37     -6.74     32.89     2407006
-32.37     -6.74     32.89     2408020
-32.37     -6.74     32.89     2409034
-32.37     -6.74     32.89     2410049
-32.37     -6.74     32.89     2411063
-32.37     -6.74     32.89     2412078
-32.37     -6.74     32.89     2413091
-32.37     -6.61     32.89     2414106
-32.37     -6.74     32.89     2415120
-32.37     -6.74     32.89     2416135
-32.37     -6.74     32.89     2417148
-32.37     -6.74     32.89     2418163
-32.37     -6.74     32.65     2419177
-32.37     -6.74     32.65     2420192
-32.37     -6.74     32.89     2421207
-32.37     -6.74     32.89     2422220
-32.37     -6.74     32.89     2423235

