23.70     24.38     0
23.59     24.49     1008
23.59     24.60     2018
23.59     24.72     3027
23.48     25.06     4037
23.37     25.40     5047
23.25     25.85     6055
23.14     26.19     7065
22.92     26.65     8075
22.70     27.00     9084
22.58     27.34     10094
22.36     27.80     11103
22.14     28.03     12112
21.92     28.38     13122
21.69     28.73     14132
21.47     28.85     15140
21.25     29.20     16150
21.03     29.43     17160
20.81     29.67     18169
20.59     29.78     19178
20.25     30.02     20188
20.03     30.26     21197
19.81     30.37     22207
19.59     30.49     23216
19.37     30.73     24225
19.15     30.85     25235
18.82     30.97     26245
18.60     31.09     27253
18.38     31.33     28263
18.16     31.33     29273
17.94     31.44     30281
17.73     31.44     31291
17.40     31.56     32301
17.18     31.80     33310
16.96     31.92     34319
16.74     31.92     35329
16.52     32.16     36338
16.30     32.16     37347
16.08     32.29     38356
15.87     32.41     39366
15.54     32.53     40375
15.43     32.53     41384
15.21     32.65     42394
14.88     32.77     43403
14.66     32.89     44412
14.56     32.89     45422
14.23     33.01     46432
14.12     33.01     47440
13.90     33.26     48450
13.68     33.13     49460
13.46     33.26     50468
13.25     33.38     51478
13.03     33.50     52488
12.81     33.50     53496
12.59     33.38     54506
12.37     33.62     55516
12.26     33.74     56524
12.04     33.74     57534
11.83     33.87     58544
11.61     33.87     59553
11.50     33.99     60562
11.28     33.99     61572
11.06     34.11     62580
10.84     34.24     63590
10.73     34.11     64600
10.51     34.24     65608
10.40     34.24     66618
10.18     34.24     67628
9.96     34.36     68636
9.85     34.36     69646
9.63     34.48     70656
9.52     34.48     71664
9.30     34.48     72674
9.19     34.61     73683
8.97     34.61     74693
8.86     34.73     75703
8.64     34.73     76711
8.53     34.85     77721
8.31     34.85     78731
8.20     34.85     79740
7.98     34.85     80750
7.86     34.98     81760
7.64     34.98     82768
7.53     34.98     83778
7.42     35.10     84788
7.31     35.10     85797
7.09     35.23     86807
6.98     35.23     87817
6.86     35.23     88826
6.64     35.23     89836
6.53     35.35     90846
6.42     35.35     91855
6.20     35.35     92865
6.08     35.48     93874
5.97     35.48     94883
5.86     35.48     95893
5.75     35.48     96903
5.52     35.60     97911
5.41     35.60     98921
5.30     35.60     99931
5.19     35.60     100940
5.07     35.73     101950
4.96     35.73     102960
4.85     35.73     103969
4.74     35.60     104978
4.51     35.73     105988
4.51     35.85     106997
4.40     35.85     108007
4.17     35.85     109017
4.06     35.85     110026
4.06     35.98     111036
3.83     35.98     112046
3.72     35.98     113054
3.72     36.10     114064
3.49     35.98     115074
3.49     36.10     116083
3.37     36.10     117093
3.26     36.10     118102
3.15     36.10     119111
3.03     36.23     120121
2.92     36.23     121131
2.80     36.23     122140
2.69     36.23     123150
2.57     36.23     124158
2.46     36.36     125168
2.46     36.36     126178
2.34     36.23     127187
2.23     36.36     128197
2.11     36.36     129206
2.00     36.36     130215
1.88     36.48     131225
1.88     36.36     132235
1.77     36.48     133244
1.65     36.48     134253
1.53     36.48     135263
1.53     36.48     136272
1.42     36.48     137282
1.30     36.48     138292
1.19     36.48     139300
1.19     36.61     140310
1.07     36.61     141320
0.95     36.61     142329
0.84     36.61     143339
0.84     36.61     144348
0.72     36.61     145357
0.60     36.61     146367
0.60     36.74     147377
0.49     36.74     148385
0.37     36.74     149395
0.37     36.74     150405
0.25     36.74     151414
0.13     36.74     152424
0.13     36.74     153433
0.13     36.74     154442
0.02     36.74     155452
-0.10     36.86     156462
-0.22     36.86     157471
-0.22     36.86     158481
-0.34     36.86     159490
-0.34     36.86     160499
-0.46     36.86     161509
-0.46     36.86     162519
-0.57     36.86     163528
-0.69     36.86     164537
-0.69     36.86     165547
-0.81     36.99     166556
-0.81     36.99     167566
-0.93     36.99     168576
-0.93     36.99     169584
-1.05     36.99     170594
-1.05     36.99     171603
-1.17     36.99     172613
-1.17     36.99     173623
-1.29     36.99     174631
-1.29     37.12     175641
-1.41     37.12     176651
-1.41     37.12     177660
-1.53     37.12     178669
-1.53     37.12     179679
-1.65     37.12     180688
-1.65     37.12     181698
-1.77     37.12     182708
-1.77     37.12     183716
-1.77     37.12     184726
-1.89     37.12     185736
-1.89     37.12     186745
-2.01     37.25     187754
-2.01     37.25     188764
-2.13     37.12     189773
-2.13     37.25     190783
-2.13     37.25     191793
-2.25     37.12     192801
-2.25     37.25     193811
-2.25     37.25     194821
-2.37     37.25     195830
-2.37     37.25     196840
-2.49     37.38     197849
-2.49     37.25     198858
-2.61     37.38     199868
-2.61     37.38     200878
-2.61     37.12     201886
-2.61     37.38     202896
-2.73     37.38     203906
-2.73     37.38     204915
-2.86     37.38     205924
-2.86     37.38     206934
-2.86     37.38     207943
-2.98     37.38     208953
-2.98     37.38     209963
-2.98     37.38     210971
-2.98     37.50     211981
-2.98     37.38     212990
-3.10     37.38     214000
-3.22     37.50     215009
-3.22     37.50     216018
-3.22     37.50     217028
-3.22     37.50     218038
-3.22     37.38     219047
-3.34     37.50     220056
-3.34     37.50     221066
-3.34     37.50     222075
-3.47     37.50     223084
-3.47     37.50     224094
-3.59     37.50     225103
-3.59     37.50     226113
-3.59     37.50     227122
-3.59     37.50     228131
-3.59     37.50     229141
-3.71     37.50     230151
-3.71     37.50     231159
-3.84     37.50     232169
-3.84     37.38     233179
-3.84     37.50     234188
-3.84     37.63     235197
-3.84     37.63     236207
-3.96     37.50     237216
-3.84     37.63     238226
-3.96     37.63     239235
-3.96     37.63     240244
-4.08     37.50     241254
-4.08     37.63     242264
-4.08     37.63     243272
-4.08     37.63     244282
-4.21     37.63     245292
-4.21     37.63     246301
-4.21     37.63     247310
-4.21     37.63     248320
-4.21     37.63     249329
-4.33     37.63     250339
-4.33     37.63     251347
-4.33     37.76     252357
-4.46     37.76     253367
-4.33     37.76     254376
-4.46     37.76     255385
-4.46     37.76     256395
-4.46     37.63     257404
-4.46     37.76     258414
-4.58     37.76     259424
-4.46     37.76     260432
-4.58     37.76     261442
-4.58     37.76     262452
-4.58     37.76     263460
-4.58     37.76     264470
-4.58     37.76     265480
-4.71     37.76     266489
-4.71     37.76     267498
-4.71     37.76     268508
-4.71     37.76     269517
-4.83     37.76     270527
-4.83     37.76     271536
-4.83     37.76     272545
-4.83     37.76     273555
-4.83     37.76     274564
-4.96     37.76     275573
-4.96     37.76     276583
-4.96     37.76     277593
-4.96     37.76     278601
-4.96     37.76     279611
-4.96     37.76     280621
-5.08     37.76     281630
-5.08     37.76     282639
-5.08     37.76     283649
-5.08     37.76     284658
-5.08     37.76     285667
-5.08     37.76     286676
-5.21     37.76     287686
-5.21     37.76     288696
-5.21     37.76     289704
-5.21     37.76     290714
-5.21     37.89     291724
-5.21     37.89     292733
-5.21     37.89     293743
-5.21     37.89     294752
-5.21     37.89     295761
-5.33     37.89     296771
-5.33     37.89     297781
-5.33     37.89     298790
-5.33     37.76     299799
-5.46     37.76     300809
-5.33     37.89     301818
-5.46     37.89     302828
-5.46     37.89     303837
-5.46     37.89     304846
-5.46     37.89     305856
-5.46     37.89     306865
-5.46     37.89     307874
-5.46     37.89     308884
-5.59     37.89     309894
-5.46     37.89     310902
-5.59     37.89     311912
-5.59     37.89     312922
-5.59     37.89     313930
-5.59     37.89     314940
-5.59     37.76     315950
-5.59     37.89     316959
-5.59     37.89     317968
-5.71     37.89     318978
-5.71     37.89     319987
-5.71     38.02     320997
-5.71     37.89     322006
-5.71     38.02     323015
-5.71     37.89     324025
-5.71     37.89     325033
-5.71     37.89     326043
-5.84     37.89     327053
-5.84     37.89     328062
-5.84     37.89     329071
-5.71     37.89     330081
-5.84     37.89     331090
-5.84     37.89     332100
-5.84     37.89     333109
-5.84     37.89     334118
-5.84     37.89     335128
-5.84     38.02     336137
-5.84     37.89     337146
-5.97     37.89     338156
-5.84     37.89     339166
-5.97     38.02     340174
-5.97     38.02     341184
-5.97     37.89     342194
-5.97     37.89     343202
-5.97     38.02     344212
-5.97     38.02     345222
-5.97     38.02     346231
-5.97     38.02     347240
-6.09     38.02     348250
-6.09     38.02     349259
-6.09     38.02     350269
-6.09     38.02     351278
-6.09     38.02     352287
-6.09     38.02     353297
-6.09     38.02     354306
-6.09     38.02     355315
-6.09     38.02     356325
-6.09     38.02     357335
-6.09     38.02     358343
-6.09     38.02     359353
-6.09     38.02     360363
-6.09     38.02     361371
-6.22     38.02     362381
-6.22     38.02     363390
-6.22     38.02     364400
-6.22     38.02     365409
-6.22     38.02     366418
-6.22     38.02     367428
-6.22     38.02     368438
-6.22     38.02     369446
-6.22     38.02     370456
-6.22     38.02     371466
-6.22     38.02     372474
-6.22     38.02     373484
-6.22     38.02     374494
-6.22     38.02     375503
-6.35     38.02     376512
-6.35     38.15     377522
-6.22     38.02     378531
-6.35     38.02     379541
-6.35     38.02     380550
-6.22     38.02     381559
-6.35     38.02     382569
-6.35     38.02     383578
-6.35     38.02     384587
-6.35     38.02     385597
-6.35     38.02     386607
-6.35     38.02     387615
-6.35     38.02     388625
-6.35     38.15     389635
-6.35     38.02     390644
-6.48     38.02     391653
-6.35     37.89     392663
-6.48     38.02     393672
-6.48     38.02     394681
-6.48     38.02     395691
-6.48     38.15     396700
-6.48     38.15     397710
-6.48     38.15     398718
-6.48     38.02     399728
-6.48     38.02     400738
-6.48     38.15     401747
-6.48     38.15     402756
-6.48     38.15     403766
-6.48     38.02     404775
-6.48     38.15     405784
-6.48     38.15     406794
-6.48     38.02     407803
-6.48     38.15     408813
-6.61     38.15     409822
-6.61     38.15     410831
-6.61     38.15     411841
-6.61     38.15     412851
-6.61     38.02     413859
-6.61     38.15     414869
-6.61     38.15     415879
-6.61     38.15     416888
-6.61     38.15     417897
-6.61     38.15     418907
-6.61     38.15     419916
-6.61     38.15     420925
-6.61     38.15     421935
-6.61     38.15     422944
-6.61     38.15     423954
-6.61     38.15     424963
-6.61     38.15     425972
-6.61     38.15     426982
-6.61     38.15     427992
-6.61     38.15     429000
-6.61     38.15     430010
-6.74     38.15     431020
-6.74     38.15     432029
-6.74     38.15     433038
-6.74     38.15     434048
-6.74     38.15     435057
-6.74     38.15     436066
-6.74     38.15     437075
-6.74     38.15     438085
-6.74     38.15     439095
-6.74     38.15     440103
-6.74     38.15     441113
-6.74     38.15     442123
-6.74     38.15     443132
-6.74     38.15     444141
-6.74     38.15     445151
-6.74     38.15     446160
-6.74     38.15     447170
-6.74     38.15     448179
-6.74     38.15     449188
-6.74     38.15     450198
-6.86     38.28     451207
-6.74     38.15     452216
-6.74     38.15     453226
-6.74     38.15     454236
-6.86     38.15     455244
-6.86     38.15     456254
-6.86     38.15     457264
-6.86     38.15     458273
-6.86     38.15     459282
-6.86     38.15     460292
-6.86     38.15     461301
-6.86     38.15     462311
-6.86     38.15     463320
-6.74     38.15     464329
-6.86     38.15     465339
-6.86     38.15     466348
-6.86     38.15     467357
-6.86     38.15     468367
-6.86     38.15     469377
-6.86     38.15     470385
-6.86     38.15     471395
-6.86     38.15     472404
-6.86     38.15     473414
-6.86     38.15     474423
-6.86     38.15     475432
-6.86     38.15     476442
-6.86     38.15     477452
-6.86     38.15     478460
-6.86     38.15     479470
-6.86     38.15     480480
-6.86     38.15     481488
-6.86     38.02     482498
-6.86     38.15     483508
-6.86     38.15     484517
-6.86     38.15     485526
-6.86     38.15     486536
-6.86     38.15     487545
-6.99     38.15     488555
-6.99     38.15     489564
-6.86     38.15     490573
-6.99     38.15     491583
-6.86     38.15     492593
-6.99     38.15     493601
-6.99     38.15     494611
-6.99     38.15     495621
-6.99     38.15     496629
-6.99     38.15     497639
-6.99     38.15     498649
-6.99     38.28     499658
-6.99     38.15     500667
-6.99     38.15     501677
-6.99     38.15     502686
-6.99     38.28     503696
-6.99     38.15     504705
-6.99     38.15     505714
-6.99     38.15     506724
-6.99     38.15     507732
-6.99     38.15     508742
-6.99     38.28     509752
-6.99     38.15     510761
-6.99     38.28     511770
-6.99     38.15     512780
-6.99     38.15     513789
-6.99     38.15     514799
-6.99     38.15     515808
-6.99     38.15     516817
-6.99     38.15     517827
-6.99     38.15     518837
-6.99     38.15     519845
-6.99     38.15     520855
-6.99     38.15     521865
-6.99     38.15     522873
-6.99     38.15     523883
-6.99     38.28     524893
-6.99     38.41     525902
-6.99     38.28     526911
-6.99     38.28     527921
-6.99     38.41     528930
-6.99     38.28     529940
-6.99     38.28     530949
-7.12     38.28     531958
-7.12     38.28     532968
-6.99     38.28     533978
-7.12     38.28     534986
-7.12     38.28     535996
-6.99     38.28     537006
-7.12     38.28     538015
-7.12     38.28     539024
-7.12     38.28     540034
-7.12     38.28     541043
-7.12     38.28     542053
-6.99     38.28     543062
-7.12     38.28     544071
-7.12     38.28     545081
-7.12     38.15     546091
-7.12     38.28     547099
-7.12     38.28     548109
-7.12     38.28     549118
-7.12     38.28     550128
-7.12     38.28     551137
-7.12     38.28     552146
-7.12     38.28     553156
-7.12     38.28     554166
-7.12     38.28     555174
-7.12     38.28     556184
-7.12     38.28     557194
-7.12     38.28     558203
-7.12     38.28     559212
-7.12     38.28     560222
-7.12     38.28     561231
-7.12     38.28     562241
-6.99     38.28     563250
-7.12     38.28     564259
-7.12     38.28     565269
-7.12     38.28     566278
-7.12     38.28     567287
-7.12     38.28     568297
-7.12     38.28     569307
-7.12     38.28     570315
-7.12     38.28     571325
-7.12     38.28     572335
-7.12     38.28     573344
-7.12     38.28     574353
-7.12     38.28     575363
-7.12     38.28     576372
-7.12     38.28     577382
-7.12     38.28     578391
-7.12     38.28     579400
-7.12     38.54     580410
-7.12     38.28     581420
-7.12     38.28     582428
-7.12     38.28     583438
-7.12     38.28     584448
-7.12     38.28     585457
-7.12     38.41     586466
-7.12     38.28     587475
-7.12     38.28     588485
-7.12     38.28     589495
-7.12     38.28     590503
-7.12     38.28     591513
-7.25     38.28     592523
-7.12     38.28     593532
-7.12     38.28     594541
-7.12     38.28     595551
-7.12     38.28     596560
-7.12     38.28     597570
-7.12     38.28     598579
-7.12     38.28     599588
-7.25     38.28     600598
-7.12     38.28     601608
-7.12     38.15     602616
-7.12     38.28     603626
-7.25     38.28     604636
-7.12     38.41     605645
-7.12     38.28     606654
-7.12     38.28     607664
-7.12     38.41     608673
-7.12     38.41     609683
-7.12     38.41     610692
-7.12     38.28     611701
-7.12     38.41     612711
-7.12     38.41     613721
-7.25     38.28     614730
-7.25     38.41     615739
-7.12     38.41     616749
-7.12     38.41     617758
-7.12     38.41     618768
-7.25     38.28     619777
-7.12     38.28     620786
-7.25     38.41     621796
-7.12     38.28     622806
-7.12     38.41     623815
-7.25     38.28     624824
-7.12     38.28     625833
-7.25     38.28     626843
-7.25     38.41     627853
-7.25     38.41     628861
-7.12     38.41     629871
-7.12     38.41     630881
-7.12     38.41     631890
-7.25     38.28     632899
-7.25     38.41     633909
-7.25     38.28     634918
-7.25     38.28     635928
-7.25     38.28     636938
-7.25     38.41     637946
-7.25     38.41     638956
-7.12     38.41     639966
-7.25     38.28     640975
-7.25     38.28     641984
-7.25     38.41     642994
-7.25     38.41     644003
-7.25     38.41     645013
-7.25     38.41     646022
-7.25     38.41     647031
-7.25     38.41     648041
-7.25     38.41     649051
-7.25     38.41     650059
-7.25     38.41     651069
-7.25     38.41     652079
-7.25     38.41     653088
-7.25     38.54     654098
-7.25     38.28     655107
-7.12     38.41     656116
-7.25     38.41     657126
-7.25     38.41     658136
-7.25     38.41     659144
-7.25     38.41     660154
-7.25     38.28     661164
-7.25     38.41     662173
-7.25     38.41     663183
-7.25     38.41     664192
-7.25     38.28     665201
-7.25     38.41     666211
-7.25     38.41     667220
-7.25     38.41     668229
-7.25     38.41     669239
-7.25     38.28     670248
-7.25     38.28     671258
-7.25     38.41     672267
-7.25     38.41     673276
-7.25     38.28     674286
-7.25     38.41     675296
-7.25     38.41     676305
-7.25     38.41     677314
-7.25     38.28     678324
-7.25     38.41     679333
-7.25     38.41     680343
-7.25     38.41     681352
-7.25     38.28     682361
-7.25     38.41     683371
-7.25     38.41     684381
-7.25     38.41     685389
-7.25     38.41     686399
-7.25     38.41     687409
-7.25     38.41     688418
-7.25     38.41     689428
-7.25     38.41     690437
-7.25     38.41     691446
-7.25     38.41     692456
-7.25     38.41     693466
-7.25     38.41     694474
-7.25     38.41     695484
-7.25     38.41     696494
-7.25     38.41     697503
-7.25     38.54     698512
-7.25     38.41     699522
-7.25     38.41     700531
-7.25     38.28     701541
-7.25     38.41     702551
-7.25     38.41     703559
-7.25     38.41     704569
-7.25     38.41     705579
-7.25     38.41     706588
-7.25     38.41     707597
-7.25     38.41     708606
-7.25     38.41     709616
-7.25     38.41     710626
-7.25     38.41     711635
-7.25     38.41     712644
-7.25     38.41     713654
-7.25     38.41     714663
-7.25     38.41     715673
-7.25     38.41     716682
-7.25     38.41     717691
-7.25     38.41     718701
-7.25     38.28     719711
-7.25     38.41     720720
-7.25     38.41     721729
-7.25     38.41     722739
-7.25     38.41     723748
-7.25     38.41     724758
-7.25     38.41     725767
-7.38     38.41     726776
-7.25     38.41     727786
-7.25     38.41     728796
-7.25     38.41     729805
-7.25     38.41     730814
-7.25     38.41     731824
-7.38     38.41     732833
-7.25     38.41     733843
-7.25     38.41     734853
-7.25     38.41     735861
-7.25     38.41     736871
-7.25     38.41     737881
-7.25     38.41     738890
-7.25     38.28     739899
-7.25     38.41     740909
-7.25     38.41     741918
-7.25     38.41     742928
-7.25     38.41     743938
-7.25     38.41     744946
-7.25     38.41     745956
-7.25     38.28     746966
-7.38     38.41     747975
-7.25     38.41     748985
-7.38     38.41     749993
-7.38     38.41     751003
-7.38     38.41     752013
-7.38     38.41     753022
-7.38     38.41     754032
-7.25     38.41     755041
-7.25     38.41     756050
-7.25     38.41     757060
-7.25     38.41     758070
-7.25     38.41     759079
-7.38     38.41     760089
-7.25     38.41     761098
-7.25     38.41     762107
-7.38     38.41     763117
-7.25     38.41     764127
-7.38     38.41     765136
-7.38     38.41     766146
-7.38     38.41     767155
-7.25     38.41     768164
-7.38     38.41     769174
-7.38     38.41     770184
-7.38     38.41     771193
-7.38     38.41     772203
-7.38     38.41     773212
-7.38     38.41     774221
-7.25     38.41     775231
-7.38     38.41     776241
-7.25     38.41     777250
-7.38     38.41     778260
-7.38     38.41     779269
-7.25     38.41     780278
-7.38     38.41     781288
-7.38     38.41     782298
-7.38     38.41     783307
-7.25     38.41     784317
-7.38     38.41     785326
-7.38     38.41     786335
-7.25     38.41     787345
-7.38     38.41     788355
-7.25     38.41     789364
-7.38     38.28     790374
-7.38     38.41     791383
-7.38     38.41     792392
-7.38     38.41     793402
-7.38     38.41     794412
-7.38     38.41     795421
-7.38     38.41     796431
-7.25     38.41     797440
-7.38     38.41     798449
-7.38     38.41     799459
-7.25     38.41     800468
-7.38     38.41     801478
-7.25     38.41     802488
-7.38     38.41     803496
-7.38     38.41     804506
-7.25     38.41     805516
-7.25     38.41     806525
-7.38     38.41     807535
-7.25     38.41     808545
-7.25     38.41     809553
-7.38     38.41     810563
-7.38     38.41     811573
-7.38     38.41     812582
-7.38     38.41     813592
-7.38     38.41     814602
-7.25     38.41     815611
-7.38     38.41     816620
-7.38     38.41     817630
-7.38     38.41     818639
-7.38     38.41     819649
-7.25     38.41     820659
-7.38     38.41     821668
-7.38     38.41     822677
-7.38     38.54     823687
-7.38     38.41     824696
-7.25     38.54     825706
-7.25     38.41     826716
-7.38     38.41     827725
-7.25     38.41     828735
-7.38     38.41     829744
-7.38     38.54     830753
-7.38     38.41     831763
-7.25     38.41     832773
-7.38     38.41     833782
-7.38     38.41     834792
-7.38     38.41     835801
-7.38     38.54     836810
-7.38     38.41     837820
-7.38     38.41     838830
-7.38     38.41     839839
-7.38     38.41     840849
-7.38     38.41     841859
-7.38     38.28     842867
-7.25     38.41     843877
-7.38     38.41     844887
-7.38     38.41     845896
-7.38     38.41     846906
-7.38     38.41     847916
-7.38     38.41     848924
-7.38     38.41     849934
-7.38     38.41     850944
-7.38     38.41     851953
-7.38     38.41     852963
-7.25     38.41     853972
-7.25     38.41     854981
-7.25     38.41     855991
-7.38     38.41     857000
-7.38     38.41     858010
-7.38     38.41     859020
-7.38     38.41     860029
-7.25     38.54     861039
-7.38     38.41     862048
-7.38     38.54     863057
-7.38     38.41     864067
-7.38     38.54     865077
-7.38     38.41     866086
-7.25     38.54     867096
-7.25     38.54     868106
-7.38     38.54     869114
-7.38     38.54     870124
-7.38     38.54     871134
-7.38     38.54     872143
-7.38     38.54     873153
-7.38     38.54     874163
-7.38     38.41     875172
-7.25     38.54     876181
-7.38     38.54     877191
-7.38     38.54     878200
-7.38     38.54     879210
-7.38     38.54     880220
-7.38     38.54     881229
-7.38     38.54     882239
-7.38     38.54     883248
-7.25     38.54     884257
-7.25     38.54     885267
-7.38     38.41     886277
-7.25     38.54     887286
-7.38     38.41     888296
-7.38     38.54     889306
-7.38     38.54     890315
-7.38     38.54     891324
-7.38     38.54     892334
-7.25     38.54     893343
-7.38     38.41     894353
-7.38     38.54     895363
-7.25     38.54     896372
-7.38     38.67     897382
-7.38     38.54     898391
-7.25     38.54     899400
-7.38     38.54     900410
-7.25     38.54     901420
-7.38     38.54     902429
-7.38     38.54     903439
-7.38     38.54     904449
-7.38     38.54     905458
-7.38     38.54     906467
-7.38     38.54     907476
-7.38     38.54     908486
-7.38     38.54     909496
-7.38     38.54     910505
-7.38     38.54     911515
-7.38     38.54     912525
-7.38     38.54     913534
-7.38     38.54     914543
-7.25     38.54     915553
-7.38     38.54     916562
-7.38     38.54     917572
-7.38     38.54     918582
-7.38     38.54     919591
-7.38     38.54     920601
-7.25     38.54     921611
-7.38     38.54     922619
-7.38     38.54     923629
-7.25     38.54     924639
-7.38     38.54     925648
-7.38     38.54     926658
-7.38     38.54     927668
-7.38     38.54     928677
-7.25     38.54     929687
-7.38     38.54     930696
-7.25     38.54     931705
-7.38     38.54     932715
-7.38     38.54     933725
-7.38     38.54     934734
-7.38     38.67     935744
-7.38     38.54     936754
-7.38     38.54     937762
-7.38     38.54     938772
-7.25     38.54     939782
-7.38     38.54     940791
-7.38     38.54     941801
-7.38     38.54     942811
-7.38     38.54     943820
-7.38     38.67     944830
-7.38     38.54     945839
-7.38     38.54     946848
-7.38     38.54     947858
-7.38     38.54     948868
-7.38     38.54     949877
-7.25     38.54     950887
-7.25     38.54     951897
-7.38     38.54     952906
-7.38     38.54     953915
-7.38     38.54     954925
-7.38     38.54     955934
-7.25     38.54     956944
-7.38     38.67     957954
-7.38     38.54     958963
-7.38     38.54     959973
-7.38     38.54     960983
-7.38     38.54     961991
-7.38     38.54     963001
-7.38     38.54     964011
-7.38     38.54     965020
-7.38     38.54     966030
-7.38     38.54     967040
-7.25     38.54     968049
-7.38     38.41     969058
-7.38     38.54     970067
-7.38     38.54     971077
-7.38     38.54     972087
-7.38     38.54     973096
-7.25     38.54     974106
-7.38     38.54     975116
-7.38     38.54     976125
-7.38     38.54     977134
-7.38     38.54     978144
-7.38     38.54     979153
-7.38     38.54     980163
-7.25     38.67     981173
-7.25     38.54     982182
-7.38     38.54     983192
-7.38     38.54     984202
-7.38     38.67     985210
-7.38     38.54     986220
-7.38     38.54     987230
-7.38     38.54     988239
-7.38     38.54     989249
-7.38     38.54     990259
-7.38     38.67     991268
-7.25     38.54     992278
-7.38     38.54     993287
-7.38     38.67     994296
-7.38     38.54     995306
-7.25     38.54     996316
-7.38     38.54     997325
-7.38     38.67     998335
-7.38     38.54     999345
-7.38     38.54     1000353
-7.38     38.54     1001363
-7.38     38.54     1002373
-7.25     38.54     1003382
-7.25     38.54     1004392
-7.38     38.54     1005402
-7.38     38.54     1006411
-7.38     38.54     1007421
-7.38     38.54     1008431
-7.38     38.54     1009440
-7.38     38.54     1010449
-7.25     38.54     1011459
-7.38     38.54     1012468
-7.38     38.54     1013478
-7.25     38.54     1014488
-7.38     38.54     1015497
-7.38     38.54     1016507
-7.38     38.54     1017517
-7.25     38.54     1018526
-7.38     38.54     1019536
-7.38     38.54     1020545
-7.38     38.54     1021554
-7.38     38.54     1022564
-7.38     38.54     1023574
-7.38     38.54     1024583
-7.25     38.54     1025593
-7.38     38.54     1026603
-7.38     38.54     1027612
-7.38     38.54     1028622
-7.25     38.54     1029632
-7.38     38.54     1030640
-7.38     38.54     1031650
-7.25     38.54     1032659
-7.38     38.54     1033669
-7.38     38.54     1034679
-7.25     38.54     1035688
-7.38     38.54     1036698
-7.25     38.54     1037708
-7.38     38.54     1038717
-7.25     38.54     1039727
-7.38     38.54     1040736
-7.25     38.54     1041745
-7.38     38.54     1042755
-7.38     38.54     1043765
-7.25     38.54     1044774
-7.38     38.54     1045784
-7.38     38.54     1046794
-7.38     38.54     1047803
-7.38     38.54     1048813
-7.38     38.54     1049823
-7.38     38.54     1050831
-7.38     38.54     1051841
-7.38     38.54     1052851
-7.38     38.54     1053860
-7.25     38.54     1054870
-7.38     38.54     1055880
-7.25     38.54     1056889
-7.25     38.54     1057899
-7.25     38.54     1058909
-7.25     38.41     1059918
-7.38     38.54     1060927
-7.38     38.54     1061937
-7.38     38.54     1062946
-7.38     38.54     1063956
-7.25     38.54     1064966
-7.38     38.54     1065975
-7.38     38.54     1066985
-7.38     38.54     1067995
-7.38     38.54     1069004
-7.38     38.54     1070014
-7.38     38.54     1071023
-7.25     38.54     1072032
-7.38     38.54     1073042
-7.25     38.54     1074052
-7.38     38.54     1075061
-7.38     38.67     1076071
-7.38     38.54     1077081
-7.38     38.54     1078090
-7.38     38.54     1079100
-7.38     38.54     1080110
-7.38     38.54     1081118
-7.38     38.54     1082128

