0.00     0.00     0.00     0
17.94     18.49     22.58     1013
17.83     18.49     22.58     2027
17.83     18.49     22.70     3042
17.83     18.60     22.81     4056
17.73     18.60     22.92     5070
17.62     18.60     23.14     6084
17.62     18.60     23.37     7098
17.40     18.60     23.48     8113
17.29     18.49     23.70     9126
17.18     18.60     23.93     10141
16.96     18.49     24.04     11155
16.85     18.49     24.27     12170
16.63     18.38     24.38     13184
16.52     18.49     24.60     14198
16.30     18.49     24.83     15212
16.08     18.49     24.94     16226
15.98     18.38     25.17     17241
15.76     18.38     25.28     18254
15.54     18.38     25.40     19268
15.43     18.38     25.51     20283
15.21     18.38     25.62     21297
14.99     18.49     25.74     22311
14.77     18.27     25.85     23325
14.56     18.27     26.08     24340
14.34     18.27     26.19     25354
14.23     18.16     26.31     26369
14.01     18.16     26.42     27382
13.79     18.16     26.42     28396
13.57     18.16     26.54     29411
13.35     18.05     26.65     30425
13.14     18.05     26.77     31439
12.92     18.05     26.77     32453
12.70     17.94     26.88     33468
12.48     17.94     27.00     34482
12.26     17.94     27.00     35496
12.04     17.94     27.11     36510
11.83     17.94     27.11     37524
11.72     17.83     27.23     38539
11.50     17.73     27.23     39553
11.28     17.73     27.34     40567
10.95     17.73     27.34     41581
10.84     17.73     27.46     42596
10.62     17.62     27.57     43610
10.40     17.62     27.57     44623
10.29     17.62     27.69     45638
10.07     17.51     27.69     46652
9.85     17.51     27.80     47666
9.74     17.40     27.80     48680
9.41     17.40     27.80     49694
9.30     17.40     27.92     50709
9.08     17.40     27.92     51723
8.86     17.29     28.03     52738
8.64     17.29     28.03     53751
8.53     17.18     28.03     54766
8.20     17.18     28.15     55780
8.09     17.18     28.15     56795
7.98     17.18     28.27     57808
7.75     17.07     28.27     58823
7.53     17.07     28.27     59837
7.31     16.96     28.27     60852
7.09     16.96     28.38     61865
6.98     16.96     28.38     62880
6.75     16.85     28.50     63895
6.64     16.85     28.50     64909
6.42     16.74     28.61     65924
6.20     16.74     28.61     66937
6.08     16.74     28.61     67951
5.86     16.63     28.61     68966
5.75     16.63     28.73     69980
5.52     16.52     28.73     70994
5.30     16.41     28.73     72009
5.19     16.41     28.85     73023
4.96     16.41     28.85     74038
4.85     16.52     28.85     75052
4.62     16.30     28.96     76066
4.51     16.19     28.96     77080
4.28     16.19     28.96     78095
4.17     16.19     29.08     79109
4.06     16.19     29.08     80123
3.83     16.08     29.08     81137
3.72     16.08     29.08     82152
3.49     15.98     29.08     83166
3.37     15.98     29.20     84179
3.15     15.87     29.20     85194
3.03     15.87     29.20     86208
2.92     15.76     29.20     87223
2.69     15.76     29.31     88237
2.57     15.76     29.31     89250
2.34     15.65     29.31     90265
2.23     15.65     29.31     91279
2.00     15.54     29.31     92294
1.88     15.76     29.43     93307
1.77     15.43     29.43     94321
1.65     15.43     29.43     95336
1.42     15.32     29.43     96350
1.30     15.32     29.55     97363
1.19     15.32     29.55     98378
0.95     14.99     29.55     99392
0.84     15.21     29.55     100407
0.60     15.10     29.55     101421
0.60     14.99     29.67     102434
0.37     14.99     29.55     103449
0.25     14.99     29.67     104463
0.13     14.88     29.78     105478
0.02     14.99     29.78     106491
-0.22     14.77     29.90     107506
-0.34     14.77     29.90     108520
-0.46     14.66     29.90     109534
-0.57     14.66     30.02     110548
-0.81     14.66     30.02     111562
-0.93     14.56     30.02     112577
-1.05     14.56     30.02     113591
-1.17     14.45     30.14     114606
-1.29     14.45     30.14     115619
-1.41     14.45     30.14     116634
-1.53     14.45     30.26     117648
-1.65     14.45     30.26     118663
-1.77     14.34     30.26     119676
-1.89     14.23     30.37     120690
-2.13     14.23     30.26     121705
-2.25     14.12     30.37     122719
-2.37     14.12     30.37     123734
-2.49     14.01     30.37     124747
-2.61     14.01     30.37     125761
-2.73     13.90     30.37     126776
-2.86     13.90     30.37     127790
-2.98     13.79     30.37     128803
-3.10     13.79     30.37     129818
-3.22     13.79     30.37     130832
-3.22     13.68     30.49     131847
-3.47     13.68     30.49     132860
-3.59     13.57     30.49     133875
-3.71     13.57     30.49     134889
-3.84     13.57     30.49     135903
-3.96     13.46     30.49     136918
-3.96     13.46     30.49     137931
-4.21     13.35     30.49     138946
-4.33     13.35     30.49     139960
-4.46     13.35     30.49     140974
-4.46     13.25     30.49     141988
-4.58     13.25     30.49     143002
-4.71     13.14     30.49     144017
-4.83     13.14     30.49     145031
-4.96     13.03     30.61     146044
-5.08     13.03     30.61     147059
-5.21     13.03     30.73     148073
-5.33     12.92     30.73     149088
-5.46     12.70     30.73     150102
-5.46     12.81     30.73     151116
-5.59     12.81     30.85     152130
-5.71     12.70     30.73     153144
-5.84     12.70     30.85     154159
-5.97     12.59     30.85     155172
-5.97     12.59     30.97     156187
-6.22     12.48     30.97     157201
-6.35     12.37     30.97     158215
-6.35     12.37     30.97     159229
-6.48     12.37     31.09     160243
-6.61     12.26     31.09     161257
-6.74     12.15     31.21     162272
-6.74     12.15     31.33     163286
-6.86     11.83     31.21     164300
-6.99     12.04     31.33     165314
-7.12     12.04     31.33     166328
-7.25     11.93     31.33     167343
-7.25     11.93     31.33     168356
-7.38     11.93     31.33     169371
-7.51     11.83     31.33     170385
-7.64     11.83     31.21     171400
-7.78     11.83     31.21     172413
-7.91     11.72     31.21     173427
-7.91     11.72     31.33     174442
-8.04     11.61     31.21     175456
-8.17     11.61     31.33     176471
-8.17     11.61     31.33     177484
-8.30     11.61     31.21     178499
-8.43     11.61     31.21     179513
-8.57     11.50     31.21     180528
-8.70     11.50     31.21     181541
-8.70     11.50     31.21     182556
-8.83     11.39     31.21     183571
-8.97     11.39     31.09     184585
-8.97     11.28     31.09     185598
-9.10     11.28     31.09     186613
-9.24     11.28     31.09     187627
-9.24     11.17     31.09     188642
-9.37     11.17     31.09     189656
-9.51     11.17     31.09     190670
-9.64     11.17     31.09     191684
-9.64     11.06     31.09     192699
-9.78     11.06     31.09     193713
-9.78     10.95     31.09     194727
-10.05     10.95     31.09     195741
-10.05     10.73     31.09     196756
-10.05     10.84     31.09     197770
-10.19     10.84     31.09     198785
-10.32     10.84     30.97     199799
-10.32     10.84     30.97     200813
-10.46     10.84     30.97     201828
-10.46     10.84     30.97     202842
-10.60     10.73     30.97     203856
-10.74     10.73     30.97     204870
-10.87     10.62     30.97     205885
-10.87     10.62     30.97     206900
-11.01     10.51     30.97     207913
-11.01     10.51     30.97     208928
-11.15     10.51     30.97     209942
-11.15     10.40     31.09     210957
-11.29     10.40     30.97     211972
-11.43     10.29     31.09     212985
-11.43     10.29     31.09     214000
-11.57     10.18     30.97     215014
-11.57     10.29     30.97     216029
-11.71     10.18     30.97     217042
-11.86     10.18     30.97     218057
-11.86     10.18     30.97     219072
-11.86     10.07     30.97     220086
-11.86     10.07     30.97     221101
-12.00     10.07     30.97     222114
-12.14     9.96     30.97     223129
-12.14     9.96     30.97     224143
-12.28     9.85     31.09     225157
-12.42     9.74     31.09     226171
-12.42     9.74     31.09     227185
-12.42     9.74     31.09     228200
-12.57     9.85     31.09     229214
-12.71     9.63     31.09     230228
-12.71     9.52     31.09     231242
-12.71     9.52     31.21     232257
-12.86     9.41     31.21     233272
-13.00     9.41     31.21     234286
-13.00     9.41     31.21     235300
-13.15     9.30     31.21     236314
-13.15     9.30     31.21     237329
-13.15     9.30     31.21     238343
-13.29     9.30     31.21     239357
-13.29     9.19     31.21     240372
-13.44     9.19     31.21     241386
-13.44     9.19     31.21     242401
-13.58     9.19     31.21     243415
-13.58     9.08     31.09     244429
-13.58     9.08     31.09     245444
-13.73     8.97     31.09     246458
-13.73     9.08     31.09     247473
-13.88     8.97     31.09     248486
-13.88     8.97     31.09     249501
-14.03     8.86     31.09     250516
-14.03     8.86     31.09     251530
-14.17     8.86     30.97     252545
-14.17     8.86     31.09     253559
-14.32     8.75     31.09     254573
-14.32     8.75     31.09     255588
-14.47     8.64     31.09     256602
-14.47     8.64     31.09     257616
-14.47     8.64     30.97     258631
-14.47     8.53     30.97     259645
-14.62     8.53     30.97     260660
-14.77     8.53     30.97     261673
-14.77     8.53     30.97     262688
-14.77     8.42     31.09     263702
-14.77     8.42     31.09     264717
-14.92     8.31     31.09     265732
-14.92     8.31     31.09     266745
-15.07     8.20     31.21     267760
-15.07     8.20     31.33     268774
-15.07     8.09     31.21     269789
-15.23     8.09     31.21     270802
-15.38     8.09     31.21     271817
-15.38     7.98     31.21     272831
-15.38     8.09     31.21     273846
-15.53     7.98     31.33     274861
-15.53     7.98     31.33     275874
-15.53     7.86     31.33     276889
-15.53     7.86     31.44     277903
-15.69     7.53     31.44     278918
-15.84     7.75     31.44     279932
-15.69     7.75     31.33     280946
-15.84     7.64     31.44     281961
-15.84     7.64     31.44     282976
-15.84     7.53     31.44     283990
-15.99     7.42     31.44     285004
-15.99     7.53     31.44     286019
-16.15     7.42     31.44     287033
-16.15     7.42     31.56     288048
-16.15     7.31     31.56     289061
-16.15     7.31     31.56     290076
-16.30     7.31     31.56     291091
-16.30     7.20     31.56     292105
-16.46     7.20     31.56     293120
-16.46     7.20     31.56     294133
-16.46     7.20     31.56     295148
-16.46     7.20     31.68     296163
-16.62     7.09     31.68     297177
-16.62     7.09     31.68     298191
-16.62     6.98     31.68     299205
-16.78     6.75     31.56     300220
-16.78     6.98     31.68     301235
-16.78     6.86     31.68     302248
-16.93     6.86     31.68     303263
-16.93     6.86     31.68     304278
-16.93     6.86     31.68     305292
-17.09     6.75     31.56     306307
-17.09     6.86     31.56     307321
-17.09     6.86     31.56     308335
-17.25     6.86     31.56     309350
-17.25     6.75     31.44     310365
-17.25     6.98     31.44     311378
-17.25     6.75     31.44     312393
-17.41     6.75     31.56     313408
-17.41     6.75     31.56     314422
-17.57     6.75     31.56     315437
-17.57     6.64     31.44     316451
-17.57     6.64     31.44     317465
-17.57     6.64     31.44     318480
-17.73     6.64     31.33     319495
-17.73     6.64     31.44     320508
-17.73     6.64     31.44     321523
-17.73     6.53     31.44     322538
-17.90     6.53     31.44     323553
-17.90     6.42     31.56     324567
-17.90     6.42     31.44     325581
-18.06     6.31     31.44     326595
-17.90     6.31     31.44     327610
-18.06     6.20     31.56     328624
-18.06     6.20     31.56     329638
-18.22     6.08     31.56     330652
-18.22     6.08     31.56     331666
-18.22     6.08     31.56     332681
-18.39     5.97     31.56     333694
-18.39     5.97     31.56     334709
-18.39     5.97     31.56     335723
-18.55     5.97     31.44     336738
-18.55     5.86     31.44     337752
-18.55     5.86     31.44     338766
-18.55     5.86     31.44     339781
-18.72     5.86     31.44     340795
-18.72     5.86     31.44     341810
-18.72     5.86     31.44     342823
-18.72     5.86     31.44     343838
-18.72     5.86     31.44     344853
-18.88     5.86     31.44     345867
-18.88     5.75     31.33     346882
-18.88     5.75     31.33     347896
-18.88     5.75     31.44     348910
-18.88     5.75     31.33     349925
-19.05     5.75     31.44     350939
-19.05     5.64     31.44     351953
-19.05     5.64     31.44     352968
-19.22     5.41     31.44     353982
-19.22     5.64     31.44     354997
-19.22     5.52     31.56     356012
-19.22     5.52     31.56     357025
-19.38     5.52     31.56     358040
-19.38     5.41     31.56     359055
-19.22     5.41     31.68     360069
-19.38     5.41     31.68     361083
-19.38     5.30     31.68     362098
-19.38     5.30     31.68     363112
-19.55     5.30     31.56     364127
-19.55     5.30     31.56     365140
-19.55     5.30     31.44     366155
-19.72     5.30     31.44     367170
-19.72     5.07     31.33     368184
-19.72     5.30     31.33     369199
-19.72     5.30     31.21     370212
-19.72     5.41     31.21     371227
-19.72     5.30     31.21     372242
-19.89     5.30     31.21     373256
-19.89     5.30     31.21     374270
-19.89     5.30     31.21     375284
-19.89     5.19     31.09     376299
-19.89     5.19     31.09     377313
-19.89     5.07     31.21     378328
-20.06     5.07     31.21     379342
-20.06     5.07     31.21     380356
-20.06     4.96     31.21     381371
-20.24     4.96     31.21     382385
-20.24     4.96     31.21     383399
-20.24     4.96     31.21     384413
-20.24     4.96     31.21     385428
-20.41     4.96     31.21     386442
-20.41     4.85     31.33     387457
-20.41     4.85     31.21     388471
-20.41     4.85     31.33     389485
-20.41     4.85     31.33     390500
-20.41     4.85     31.33     391514
-20.58     4.62     31.33     392528
-20.58     4.74     31.44     393542
-20.58     4.74     31.44     394557
-20.58     4.74     31.44     395572
-20.58     4.74     31.44     396585
-20.58     4.74     31.56     397600
-20.58     4.74     31.56     398614
-20.76     4.51     31.56     399629
-20.76     4.62     31.56     400643
-20.76     4.51     31.56     401657
-20.76     4.51     31.68     402672
-20.93     4.51     31.68     403686
-20.93     4.51     31.68     404701
-20.93     4.51     31.56     405714
-20.93     4.51     31.56     406729
-21.11     4.40     31.56     407743
-21.11     4.40     31.56     408758
-21.11     4.40     31.56     409772
-21.11     4.40     31.56     410786
-21.11     4.40     31.68     411801
-21.29     4.40     31.56     412815
-21.11     4.28     31.68     413830
-21.11     4.28     31.56     414843
-21.29     4.40     31.56     415858
-21.29     4.28     31.56     416872
-21.29     4.28     31.68     417887
-21.29     4.28     31.68     418900
-21.29     4.17     31.68     419915
-21.29     4.17     31.56     420930
-21.46     4.17     31.56     421944
-21.46     4.17     31.56     422959
-21.46     4.17     31.56     423972
-21.46     4.17     31.68     424987
-21.46     4.17     31.56     426001
-21.46     4.06     31.56     427016
-21.64     4.06     31.56     428029
-21.64     4.06     31.68     429044
-21.64     4.06     31.68     430058
-21.64     4.06     31.56     431073
-21.64     4.06     31.44     432087
-21.82     4.06     31.56     433101
-21.64     3.94     31.56     434115
-21.82     4.17     31.56     435130
-21.82     4.06     31.56     436144
-21.82     4.06     31.56     437158
-21.82     4.17     31.56     438172
-21.82     3.94     31.56     439187
-21.82     3.94     31.68     440202
-22.00     3.83     31.68     441216
-22.00     3.83     31.68     442230
-22.00     3.83     31.68     443244
-22.00     3.94     31.68     444259
-22.00     3.83     31.68     445273
-22.00     3.83     31.68     446287
-22.00     3.83     31.56     447301
-22.18     3.94     31.56     448316
-22.18     3.94     31.44     449330
-22.18     3.94     31.44     450344
-22.18     4.17     31.44     451359
-22.18     3.94     31.44     452373
-22.18     3.83     31.44     453388
-22.18     3.94     31.33     454402
-22.18     3.94     31.33     455416
-22.37     3.94     31.33     456430
-22.37     3.94     31.33     457445
-22.37     3.94     31.21     458459
-22.37     3.94     31.33     459473
-22.37     3.94     31.33     460487
-22.55     3.94     31.21     461502
-22.37     4.06     31.21     462516
-22.37     3.94     31.21     463531
-22.55     3.94     31.21     464544
-22.55     3.94     31.21     465559
-22.55     3.94     31.21     466574
-22.55     3.94     31.21     467588
-22.55     3.83     31.09     468602
-22.55     3.72     31.21     469616
-22.55     3.83     31.21     470631
-22.55     3.94     31.21     471646
-22.73     3.83     31.21     472659
-22.73     3.72     31.21     473674
-22.73     3.72     31.21     474689
-22.73     3.72     31.21     475703
-22.73     3.72     31.21     476718
-22.73     3.72     31.21     477732
-22.73     3.60     31.33     478746
-22.73     3.60     31.21     479761
-22.92     3.60     31.21     480775
-22.92     3.60     31.21     481789
-22.92     3.83     31.21     482803
-22.92     3.60     31.21     483818
-22.92     3.60     31.21     484833
-22.92     3.60     31.21     485847
-23.11     3.60     31.09     486861
-23.11     3.60     31.09     487875
-23.11     3.60     31.09     488890
-22.92     3.49     31.21     489904
-23.11     3.49     31.21     490918
-23.11     3.49     31.21     491933
-23.11     3.49     31.21     492947
-23.11     3.37     31.21     493962
-23.11     3.37     31.21     494976
-23.11     3.37     31.21     495990
-23.29     3.37     31.21     497004
-23.29     3.37     31.21     498019
-23.11     3.37     31.21     499034
-23.29     3.26     31.21     500047
-23.29     3.37     31.21     501062
-23.29     3.26     31.21     502077
-23.29     3.26     31.21     503091
-23.29     3.26     31.21     504105
-23.29     3.26     31.21     505120
-23.48     3.15     31.21     506134
-23.48     3.15     31.33     507149
-23.48     3.03     31.33     508164
-23.48     3.03     31.33     509177
-23.48     3.03     31.33     510192
-23.48     3.03     31.33     511207
-23.48     3.03     31.21     512221
-23.48     3.15     31.21     513235
-23.48     3.03     31.21     514250
-23.48     3.15     31.09     515265
-23.48     3.15     31.21     516279
-23.67     3.03     31.21     517294
-23.67     3.03     31.21     518308
-23.67     3.03     31.21     519322
-23.67     3.03     31.21     520337
-23.67     3.15     31.21     521352
-23.67     3.15     31.21     522365
-23.67     3.15     31.21     523380
-23.86     3.15     31.09     524395
-23.86     2.92     31.09     525409
-23.86     3.15     31.09     526424
-23.86     3.15     31.09     527438
-23.86     3.15     31.09     528453
-23.86     3.15     31.09     529467
-24.05     3.15     31.09     530482
-23.86     3.03     31.09     531496
-23.86     3.03     31.21     532510
-24.05     3.03     31.09     533525
-24.05     3.03     31.21     534540
-24.05     2.92     31.21     535554
-24.05     2.92     31.21     536568
-24.05     2.92     31.21     537583
-24.05     2.92     31.21     538597
-24.05     2.92     31.21     539612
-24.05     2.80     31.21     540625
-24.05     2.80     31.33     541640
-24.05     2.80     31.44     542655
-24.05     2.80     31.44     543669
-24.05     2.69     31.44     544684
-24.05     2.69     31.44     545698
-24.25     2.69     31.44     546712
-24.25     2.69     31.44     547727
-24.25     2.69     31.44     548742
-24.25     2.69     31.44     549755
-24.25     2.69     31.44     550770
-24.25     2.69     31.44     551784
-24.25     2.69     31.44     552799
-24.25     2.57     31.44     553814
-24.25     2.57     31.33     554827
-24.25     2.57     31.44     555842
-24.44     2.92     31.44     556857
-24.25     2.57     31.33     557871
-24.25     2.57     31.33     558885
-24.25     2.69     31.33     559900
-24.44     2.57     31.33     560914
-24.44     2.57     31.33     561929
-24.44     2.57     31.21     562944
-24.44     2.57     31.33     563958
-24.44     2.57     31.21     564972
-24.44     2.57     31.21     565987
-24.44     2.57     31.33     567002
-24.44     2.46     31.33     568015
-24.44     2.46     31.33     569030
-24.44     2.46     31.33     570045
-24.44     2.46     31.33     571060
-24.44     2.46     31.33     572073
-24.64     2.46     31.21     573088
-24.64     2.46     31.33     574103
-24.64     2.46     31.33     575117
-24.64     2.34     31.33     576132
-24.64     2.34     31.33     577146
-24.64     2.34     31.44     578161
-24.64     2.34     31.44     579175
-24.64     2.23     31.56     580190
-24.64     2.11     31.44     581204
-24.64     2.11     31.44     582219
-24.64     2.11     31.56     583233
-24.64     2.11     31.44     584248
-24.83     2.11     31.44     585263
-24.64     2.11     31.44     586277
-24.64     2.11     31.44     587291
-24.64     2.23     31.33     588306
-24.64     2.23     31.44     589321
-24.83     2.23     31.33     590334
-24.83     2.23     31.33     591349
-24.83     2.23     31.33     592364
-24.83     2.46     31.33     593379
-24.83     2.34     31.33     594393
-24.83     2.11     31.33     595407
-24.83     2.11     31.33     596422
-24.83     2.11     31.33     597436
-24.83     2.11     31.33     598451
-24.83     2.11     31.33     599465
-24.83     2.11     31.33     600479
-24.83     2.11     31.33     601494
-24.83     2.00     31.44     602509
-25.03     2.00     31.44     603523
-25.03     2.00     31.56     604537
-25.03     2.00     31.44     605551
-25.03     2.00     31.44     606566
-25.03     2.00     31.33     607580
-25.03     2.00     31.33     608594
-25.03     2.11     31.33     609609
-25.03     2.11     31.33     610623
-25.03     2.34     31.21     611638
-25.03     2.11     31.21     612652
-25.03     2.11     31.21     613666
-25.03     2.11     31.21     614680
-25.03     2.11     31.21     615695
-25.23     2.23     31.21     616710
-25.03     2.00     31.21     617723
-25.23     2.00     31.21     618738
-25.03     2.00     31.21     619752
-25.23     1.88     31.21     620767
-25.23     1.88     31.33     621780
-25.23     1.77     31.33     622795
-25.23     1.77     31.33     623810
-25.23     1.77     31.33     624824
-25.23     1.65     31.33     625839
-25.23     1.77     31.33     626852
-25.03     1.65     31.33     627867
-25.23     1.65     31.33     628881
-25.23     1.77     31.33     629896
-25.23     1.77     31.21     630909
-25.23     1.77     31.21     631924
-25.23     1.88     31.21     632939
-25.23     1.77     31.33     633953
-25.23     1.65     31.33     634968
-25.43     1.53     31.21     635981
-25.23     1.65     31.21     636996
-25.23     1.65     31.21     638011
-25.43     1.77     31.21     639025
-25.43     1.65     31.21     640039
-25.23     1.65     31.09     641054
-25.43     1.65     31.09     642068
-25.43     1.65     31.09     643083
-25.43     1.65     31.09     644098
-25.43     1.65     31.09     645111
-25.43     1.65     31.09     646126
-25.43     1.65     31.09     647141
-25.43     1.53     31.21     648155
-25.43     1.53     31.09     649169
-25.43     1.53     31.21     650184
-25.63     1.42     31.21     651199
-25.43     1.42     31.21     652213
-25.43     1.42     31.21     653228
-25.43     1.30     31.21     654242
-25.43     1.42     31.21     655256
-25.43     1.30     31.09     656271
-25.43     1.30     31.21     657286
-25.63     1.30     31.21     658300
-25.63     1.30     31.21     659314
-25.63     1.19     31.21     660329
-25.43     1.19     31.21     661344
-25.63     1.19     31.21     662358
-25.63     1.19     31.21     663372
-25.63     1.07     31.21     664387
-25.43     1.07     31.33     665402
-25.63     1.07     31.33     666416
-25.63     1.07     31.21     667430
-25.63     0.95     31.21     668445
-25.63     1.07     31.21     669459
-25.63     1.07     31.21     670474
-25.63     1.42     31.21     671489
-25.63     1.19     31.09     672502
-25.63     1.19     31.09     673517
-25.63     1.19     31.09     674532
-25.63     1.19     31.21     675546
-25.83     1.07     31.21     676560
-25.63     1.07     31.21     677575
-25.63     1.07     31.21     678589
-25.63     1.07     31.21     679604
-25.83     0.95     31.33     680619
-25.83     0.95     31.33     681632
-25.83     0.95     31.33     682647
-25.63     0.95     31.33     683661
-25.83     0.95     31.33     684676
-25.83     0.95     31.33     685690
-25.63     0.95     31.33     686704
-25.83     0.95     31.33     687719
-25.83     0.95     31.33     688734
-25.83     0.95     31.44     689747
-25.83     0.95     31.44     690762
-25.83     0.95     31.44     691776
-25.83     1.19     31.44     692791
-25.83     0.95     31.44     693806
-26.03     0.95     31.44     694819
-25.83     0.95     31.44     695834
-25.83     0.95     31.44     696849
-25.83     0.84     31.44     697863
-25.83     0.95     31.44     698877
-26.03     0.95     31.44     699891
-25.83     1.19     31.44     700906
-26.03     1.19     31.33     701921
-26.03     0.95     31.44     702935
-26.03     0.95     31.44     703949
-26.03     1.07     31.33     704963
-26.03     0.95     31.33     705978
-26.03     1.07     31.33     706993
-26.03     1.07     31.21     708006
-26.03     1.07     31.33     709021
-26.03     1.19     31.33     710035
-26.03     0.95     31.21     711050
-26.03     0.95     31.33     712065
-26.03     0.95     31.33     713078
-26.03     0.95     31.33     714093
-26.03     0.84     31.33     715107
-26.03     0.84     31.33     716122
-26.03     0.84     31.33     717136
-26.03     0.84     31.33     718150
-26.03     0.84     31.33     719165
-26.03     0.72     31.33     720180
-26.03     0.84     31.33     721193
-26.03     0.84     31.33     722208
-26.03     0.84     31.33     723222
-26.03     0.84     31.33     724237
-26.03     0.72     31.33     725252
-26.03     0.72     31.33     726265
-26.03     0.72     31.44     727280
-26.24     0.72     31.44     728295
-26.24     0.37     31.44     729309
-26.24     0.72     31.44     730323
-26.24     0.72     31.56     731337
-26.24     0.72     31.44     732352
-26.24     0.72     31.56     733367
-26.24     0.60     31.56     734381
-26.24     0.60     31.56     735395
-26.24     0.60     31.44     736410
-26.24     0.60     31.44     737424
-26.24     0.60     31.44     738439
-26.24     0.72     31.44     739453
-26.24     0.72     31.44     740467
-26.45     0.72     31.44     741482
-26.24     0.72     31.44     742496
-26.24     0.72     31.44     743511
-26.24     0.72     31.44     744525
-26.45     0.72     31.33     745539
-26.24     0.49     31.33     746554
-26.24     0.72     31.44     747569
-26.24     0.72     31.44     748582
-26.45     0.60     31.44     749597
-26.24     0.60     31.44     750612
-26.45     0.49     31.44     751626
-26.24     0.60     31.56     752641
-26.24     0.60     31.56     753655
-26.24     0.49     31.44     754669
-26.45     0.60     31.56     755684
-26.45     0.49     31.56     756698
-26.45     0.49     31.56     757712
-26.45     0.37     31.68     758727
-26.45     0.37     31.56     759741
-26.45     0.37     31.68     760756
-26.24     0.37     31.56     761771
-26.24     0.37     31.68     762784
-26.45     0.49     31.56     763799
-26.45     0.37     31.56     764813
-26.45     0.25     31.68     765828
-26.45     0.37     31.68     766842
-26.45     0.25     31.56     767856
-26.45     0.37     31.56     768871
-26.45     0.37     31.56     769886
-26.45     0.37     31.56     770899
-26.45     0.60     31.56     771914
-26.45     0.37     31.56     772929
-26.45     0.37     31.56     773943
-26.45     0.37     31.56     774958
-26.45     0.37     31.68     775971
-26.45     0.37     31.68     776986
-26.45     0.02     31.68     778001
-26.45     0.37     31.68     779015
-26.45     0.37     31.68     780029
-26.45     0.25     31.68     781044
-26.45     0.60     31.68     782058
-26.65     0.25     31.68     783073
-26.45     0.25     31.68     784088
-26.65     0.25     31.68     785101
-26.65     0.25     31.68     786116
-26.65     0.25     31.68     787130
-26.65     0.25     31.68     788145
-26.65     0.13     31.80     789159
-26.65     0.13     31.68     790173
-26.65     0.25     31.68     791188
-26.65     0.13     31.68     792203
-26.65     0.13     31.68     793217
-26.65     0.13     31.68     794231
-26.65     0.13     31.68     795246
-26.65     0.13     31.68     796260
-26.65     0.13     31.56     797275
-26.65     0.13     31.68     798288
-26.65     0.13     31.68     799303
-26.45     0.13     31.68     800318
-26.65     0.13     31.68     801332
-26.65     0.13     31.68     802347
-26.65     0.13     31.68     803361
-26.65     0.13     31.68     804375
-26.65     0.13     31.68     805390
-26.65     0.13     31.68     806405
-26.65     0.13     31.56     807418
-26.65     0.13     31.56     808433
-26.65     0.13     31.68     809447
-26.65     0.13     31.56     810462
-26.65     0.13     31.56     811476
-26.65     0.13     31.56     812490
-26.65     0.49     31.68     813505
-26.86     0.13     31.68     814520
-26.86     0.13     31.68     815534
-26.86     0.02     31.68     816548
-26.86     0.02     31.56     817562
-26.86     0.02     31.80     818577
-26.65     0.02     31.68     819592
-26.86     0.02     31.68     820605
-26.86     0.02     31.68     821620
-26.86     0.13     31.68     822634
-26.65     0.02     31.68     823649
-26.86     0.02     31.68     824664
-26.86     0.13     31.68     825677
-26.86     0.25     31.68     826692
-26.86     0.13     31.68     827706
-26.86     0.13     31.68     828721
-26.65     0.02     31.68     829735
-26.65     0.13     31.68     830749
-26.86     0.02     31.68     831764
-26.86     0.02     31.68     832778
-26.86     0.02     31.68     833793
-26.86     0.02     31.68     834807
-26.86     0.02     31.68     835821
-26.86     0.02     31.68     836836
-26.86     -0.10     31.68     837850
-26.86     -0.10     31.56     838864
-26.86     -0.10     31.68     839879
-26.86     0.02     31.68     840893
-26.86     -0.10     31.68     841908
-26.86     -0.10     31.80     842923
-26.86     -0.10     31.68     843936
-26.86     0.02     31.68     844951
-26.86     0.02     31.68     845965
-26.86     0.02     31.68     846980
-26.86     0.02     31.68     847993
-26.86     0.02     31.56     849008
-26.86     0.13     31.56     850023
-26.86     0.02     31.56     851037
-27.07     0.25     31.56     852051
-26.86     0.02     31.56     853065
-27.07     0.02     31.56     854080
-27.07     0.02     31.68     855095
-27.07     0.02     31.68     856109
-26.86     0.02     31.56     857123
-27.07     0.02     31.56     858137
-27.07     0.02     31.68     859152
-27.07     0.02     31.68     860166
-27.07     0.02     31.68     861180
-26.86     -0.10     31.68     862195
-26.86     0.02     31.68     863209
-27.07     0.02     31.80     864224
-26.86     -0.10     31.68     865238
-27.07     -0.22     31.80     866252
-27.07     -0.10     31.68     867266
-27.07     -0.10     31.68     868281
-27.07     -0.10     31.68     869296
-27.07     0.02     31.56     870309
-27.07     0.02     31.44     871324
-27.07     0.02     31.44     872338
-27.07     0.02     31.44     873353
-27.07     0.02     31.44     874366
-27.07     0.02     31.44     875381
-27.07     0.02     31.33     876395
-27.07     0.02     31.44     877410
-27.07     0.25     31.44     878424
-27.07     0.13     31.33     879438
-27.07     0.13     31.33     880453
-27.07     0.13     31.33     881467
-27.07     0.13     31.33     882482
-27.07     0.13     31.21     883495
-27.07     0.02     31.33     884510
-27.07     0.13     31.33     885524
-27.07     0.02     31.33     886539
-27.07     0.02     31.33     887553
-27.07     0.37     31.33     888567
-27.07     0.02     31.33     889581
-27.07     0.02     31.33     890596
-27.28     0.13     31.44     891610
-27.07     0.02     31.33     892624
-27.07     0.02     31.44     893639
-27.07     0.02     31.44     894653
-27.07     0.02     31.44     895668
-27.07     0.02     31.44     896681
-27.07     0.02     31.44     897696
-27.07     -0.10     31.44     898710
-27.07     -0.10     31.44     899725
-27.07     -0.10     31.56     900739
-27.28     -0.10     31.56     901753
-27.28     -0.10     31.44     902767
-27.07     -0.10     31.68     903782
-27.28     -0.10     31.56     904797
-27.28     -0.10     31.56     905810
-27.28     -0.10     31.56     906825
-27.07     -0.10     31.56     907839
-27.07     -0.10     31.56     908854
-27.28     -0.10     31.56     909868
-27.28     -0.10     31.44     910882
-27.28     -0.10     31.44     911896
-27.28     -0.10     31.44     912911
-27.28     -0.10     31.44     913926
-27.28     -0.10     31.44     914939
-27.07     -0.10     31.33     915954
-27.28     0.02     31.33     916968
-27.28     0.02     31.21     917983
-27.07     0.02     31.21     918996
-27.28     0.02     31.33     920011
-27.07     -0.10     31.33     921025
-27.28     -0.10     31.33     922040
-27.28     -0.10     31.33     923055
-27.07     -0.10     31.44     924068
-27.28     -0.10     31.44     925083
-27.28     -0.10     31.44     926097
-27.28     -0.22     31.44     927112
-27.28     -0.22     31.44     928125
-27.28     -0.22     31.44     929140
-27.28     -0.22     31.44     930155
-27.28     -0.22     31.44     931169
-27.28     -0.34     31.44     932184
-27.28     -0.34     31.44     933197
-27.28     -0.34     31.56     934212
-27.28     -0.34     31.56     935226
-27.28     -0.34     31.44     936241
-27.28     -0.34     31.56     937255
-27.28     -0.34     31.44     938269
-27.28     -0.22     31.56     939284
-27.28     -0.22     31.44     940298
-27.28     -0.22     31.44     941313
-27.28     -0.22     31.44     942327
-27.28     -0.22     31.44     943341
-27.28     -0.34     31.44     944356
-27.28     -0.34     31.56     945370
-27.28     -0.34     31.56     946384
-27.28     -0.34     31.44     947398
-27.28     -0.34     31.44     948413
-27.28     -0.22     31.44     949428
-27.28     -0.34     31.44     950441
-27.28     -0.22     31.33     951456
-27.28     -0.22     31.44     952471
-27.50     -0.22     31.33     953485
-27.28     -0.22     31.33     954500
-27.50     -0.22     31.33     955514
-27.50     -0.22     31.44     956528
-27.50     -0.22     31.44     957543
-27.50     -0.22     31.44     958558
-27.50     -0.22     31.44     959571
-27.50     -0.22     31.44     960586
-27.50     -0.22     31.44     961601
-27.50     -0.22     31.44     962615
-27.50     -0.22     31.44     963630
-27.28     -0.22     31.44     964644
-27.50     -0.22     31.44     965658
-27.50     -0.34     31.56     966673
-27.28     -0.34     31.56     967687
-27.50     -0.34     31.44     968701
-27.50     -0.34     31.56     969716
-27.50     -0.34     31.56     970730
-27.50     -0.46     31.56     971745
-27.50     -0.46     31.56     972760
-27.50     -0.46     31.56     973773
-27.50     -0.46     31.56     974788
-27.50     -0.46     31.56     975803
-27.50     -0.46     31.56     976817
-27.50     -0.46     31.56     977831
-27.50     -0.46     31.56     978845
-27.50     -0.46     31.56     979860
-27.50     -0.46     31.56     980875
-27.50     -0.46     31.56     981889
-27.50     -0.57     31.56     982903
-27.50     -0.81     31.56     983918
-27.50     -0.57     31.44     984932
-27.50     -0.57     31.56     985947
-27.50     -0.57     31.56     986961
-27.50     -0.69     31.56     987975
-27.28     -0.69     31.56     988990
-27.50     -0.69     31.56     990004
-27.50     -0.57     31.56     991019
-27.50     -0.69     31.56     992033
-27.50     -0.69     31.56     993047
-27.50     -0.57     31.68     994062
-27.50     -0.69     31.56     995077
-27.50     -0.69     31.56     996090
-27.50     -0.69     31.56     997105
-27.50     -0.57     31.56     998120
-27.50     -0.69     31.68     999134
-27.50     -0.69     31.56     1000148
-27.50     -0.69     31.56     1001162
-27.50     -0.46     31.68     1002177
-27.50     -0.69     31.68     1003192
-27.71     -0.69     31.68     1004207
-27.50     -0.57     31.68     1005220
-27.50     -0.69     31.56     1006235
-27.50     -0.69     31.56     1007250
-27.50     -0.69     31.68     1008264
-27.50     -0.69     31.56     1009278
-27.50     -0.57     31.56     1010293
-27.50     -0.57     31.44     1011307
-27.50     -0.46     31.44     1012322
-27.50     -0.57     31.44     1013337
-27.71     -0.57     31.44     1014350
-27.50     -0.57     31.44     1015365
-27.50     -0.69     31.44     1016380
-27.50     -0.57     31.44     1017394
-27.50     -0.57     31.44     1018408
-27.50     -0.46     31.44     1019423
-27.50     -0.46     31.44     1020437
-27.50     -0.57     31.33     1021452
-27.71     -0.46     31.44     1022467
-27.50     -0.69     31.33     1023480
-27.50     -0.46     31.33     1024495
-27.71     -0.46     31.33     1025510
-27.50     -0.46     31.33     1026524
-27.50     -0.46     31.33     1027538
-27.71     -0.46     31.33     1028553
-27.71     -0.10     31.33     1029567
-27.50     -0.34     31.44     1030582
-27.50     -0.34     31.33     1031597
-27.71     -0.34     31.33     1032610
-27.71     -0.34     31.33     1033625
-27.71     -0.22     31.33     1034640
-27.71     -0.34     31.33     1035654
-27.71     -0.34     31.21     1036668
-27.71     -0.34     31.33     1037682
-27.71     -0.34     31.33     1038697
-27.71     -0.34     31.33     1039712
-27.71     -0.34     31.33     1040726
-27.50     -0.34     31.33     1041740
-27.71     -0.34     31.33     1042755
-27.71     -0.46     31.33     1043769
-27.93     -0.46     31.33     1044784
-27.71     -0.34     31.33     1045798
-27.71     -0.46     31.33     1046812
-27.71     -0.46     31.33     1047827
-27.71     -0.46     31.33     1048841
-27.71     -0.46     31.33     1049856
-27.71     -0.46     31.33     1050870
-27.71     -0.57     31.44     1051884
-27.50     -0.46     31.44     1052899
-27.71     -0.57     31.44     1053913
-27.50     -0.46     31.44     1054927
-27.71     -0.57     31.44     1055942
-27.71     -0.57     31.44     1056956
-27.71     -0.57     31.44     1057971
-27.71     -0.57     31.44     1058985
-27.71     -0.46     31.44     1059999
-27.71     -0.46     31.44     1061014
-27.71     -0.57     31.44     1062028
-27.71     -0.46     31.44     1063043
-27.71     -0.57     31.44     1064057
-27.71     -0.57     31.56     1065071
-27.71     -0.57     31.56     1066086
-27.71     -0.57     31.56     1067100
-27.71     -0.57     31.56     1068114
-27.71     -0.69     31.56     1069129
-27.71     -0.57     31.56     1070143
-27.71     -0.69     31.68     1071158
-27.71     -0.69     31.68     1072172
-27.71     -0.69     31.56     1073186
-27.71     -0.81     31.56     1074201
-27.71     -0.69     31.68     1075215
-27.71     -0.81     31.68     1076230
-27.71     -0.93     31.68     1077244
-27.71     -0.69     31.68     1078258
-27.71     -0.69     31.68     1079273
-27.71     -0.69     31.68     1080287
-27.71     -0.69     31.68     1081302
-27.71     -0.81     31.68     1082316
-27.71     -0.69     31.68     1083330
-27.71     -0.69     31.68     1084345
-27.71     -0.69     31.68     1085359
-27.71     -0.69     31.68     1086373
-27.71     -1.05     31.68     1087388
-27.71     -0.69     31.68     1088402
-27.93     -0.69     31.68     1089417
-27.71     -0.81     31.68     1090430
-27.50     -0.69     31.68     1091445
-27.71     -0.69     31.68     1092460
-27.71     -0.57     31.68     1093474
-27.71     -0.69     31.68     1094489
-27.71     -0.57     31.68     1095503
-27.71     -0.69     31.68     1096517
-27.71     -0.69     31.68     1097532
-27.71     -0.69     31.68     1098546
-27.71     -0.69     31.68     1099560
-27.71     -0.81     31.68     1100575
-27.71     -0.69     31.68     1101589
-27.71     -0.69     31.68     1102604
-27.71     -0.69     31.68     1103618
-27.71     -0.69     31.68     1104632
-27.71     -0.69     31.68     1105647
-27.71     -0.69     31.68     1106661
-27.71     -0.69     31.68     1107676
-27.71     -0.81     31.68     1108689
-27.71     -0.81     31.80     1109704
-27.71     -0.81     31.68     1110719
-27.71     -0.81     31.68     1111733
-27.71     -0.81     31.68     1112748
-27.71     -0.81     31.80     1113761
-27.71     -0.81     31.80     1114776
-27.71     -0.69     31.80     1115791
-27.71     -0.81     31.80     1116805
-27.93     -0.81     31.80     1117819
-27.93     -0.81     31.80     1118833
-27.71     -0.81     31.68     1119848
-27.71     -0.93     31.68     1120863
-27.71     -0.81     31.68     1121876
-27.71     -0.81     31.56     1122891
-27.71     -0.69     31.56     1123906
-27.93     -0.69     31.56     1124920
-27.93     -0.69     31.68     1125935
-27.71     -0.69     31.56     1126948
-27.71     -0.69     31.44     1127963
-27.71     -0.69     31.56     1128978
-27.71     -0.69     31.56     1129992
-27.71     -0.69     31.56     1131006
-27.93     -0.69     31.44     1132020
-27.93     -0.69     31.44     1133035
-27.93     -0.69     31.44     1134050
-27.71     -0.57     31.44     1135064
-27.93     -0.57     31.44     1136078
-27.93     -0.69     31.44     1137092
-27.93     -0.57     31.56     1138107
-27.71     -0.57     31.44     1139122
-27.71     -0.57     31.44     1140135
-27.93     -0.69     31.44     1141150
-27.93     -0.69     31.56     1142164
-27.93     -0.57     31.56     1143179
-27.93     -0.69     31.68     1144194
-27.93     -0.69     31.56     1145207
-27.71     -0.69     31.56     1146222
-27.93     -0.69     31.68     1147236
-27.93     -0.81     31.68     1148251
-27.93     -0.81     31.68     1149265
-27.93     -0.81     31.68     1150279
-27.93     -0.81     31.68     1151294
-27.93     -0.81     31.68     1152308
-27.93     -0.81     31.68     1153323
-27.93     -0.81     31.68     1154337
-27.93     -0.57     31.68     1155351
-27.93     -0.81     31.68     1156366
-27.93     -0.81     31.68     1157380
-27.93     -0.81     31.68     1158394
-27.93     -0.81     31.68     1159409
-27.93     -0.81     31.68     1160423
-27.93     -0.69     31.56     1161438
-27.93     -0.69     31.56     1162452
-27.93     -0.69     31.56     1163466
-27.93     -0.57     31.56     1164481
-27.93     -0.57     31.56     1165495
-27.93     -0.69     31.56     1166510
-27.71     -0.69     31.56     1167524
-27.93     -0.57     31.56     1168538
-27.93     -0.81     31.56     1169553
-27.71     -0.57     31.44     1170567
-27.93     -0.57     31.44     1171581
-27.93     -0.69     31.44     1172596
-27.93     -0.69     31.44     1173610
-27.93     -0.69     31.44     1174625
-27.93     -0.69     31.44     1175639
-27.93     -0.69     31.56     1176653
-27.93     -0.81     31.56     1177668
-27.93     -0.81     31.56     1178682
-27.93     -0.81     31.56     1179697
-27.93     -0.81     31.56     1180710
-27.93     -0.81     31.56     1181725
-27.93     -0.93     31.68     1182740
-27.93     -0.93     31.56     1183754
-27.93     -0.93     31.56     1184769
-27.93     -0.93     31.56     1185782
-27.93     -0.93     31.56     1186797
-27.93     -0.93     31.56     1187812
-27.93     -0.93     31.56     1188826
-27.93     -0.93     31.56     1189840
-28.15     -0.93     31.56     1190854
-27.93     -0.93     31.68     1191869
-27.93     -0.93     31.68     1192884
-27.93     -0.93     31.56     1193897
-27.93     -1.05     31.68     1194912
-28.15     -1.05     31.56     1195926
-27.93     -0.93     31.56     1196941
-27.93     -1.17     31.56     1197956
-27.93     -1.05     31.56     1198969
-28.15     -0.93     31.44     1199984
-27.93     -0.93     31.44     1200999
-28.15     -0.81     31.44     1202013
-28.15     -0.81     31.44     1203027
-27.93     -0.81     31.33     1204041
-28.15     -0.81     31.33     1205056
-28.15     -0.81     31.33     1206071
-27.93     -0.81     31.33     1207085
-28.15     -0.81     31.33     1208099
-28.15     -0.81     31.33     1209113
-27.93     -0.81     31.44     1210128
-28.15     -0.81     31.33     1211143
-28.15     -0.81     31.44     1212156
-28.15     -0.81     31.44     1213171
-27.93     -0.81     31.44     1214186
-28.15     -0.81     31.44     1215200
-28.15     -0.81     31.44     1216215
-27.93     -0.81     31.33     1217228
-28.15     -0.81     31.33     1218243
-28.15     -0.81     31.33     1219258
-28.15     -0.81     31.33     1220272
-28.15     -0.93     31.33     1221286
-28.15     -0.81     31.33     1222300
-28.15     -0.93     31.33     1223315
-28.15     -0.93     31.33     1224330
-28.15     -0.93     31.33     1225344
-28.15     -0.81     31.33     1226358
-28.15     -0.93     31.33     1227372
-28.15     -0.93     31.33     1228387
-28.15     -0.93     31.33     1229402
-28.15     -0.93     31.33     1230415
-28.15     -0.93     31.33     1231430
-28.15     -0.93     31.33     1232444
-28.15     -0.93     31.44     1233459
-28.15     -0.93     31.33     1234473
-28.15     -1.05     31.33     1235487
-28.15     -1.05     31.33     1236502
-28.15     -1.05     31.33     1237516
-28.15     -1.05     31.44     1238531
-28.15     -1.05     31.44     1239545
-27.93     -1.05     31.44     1240559
-28.15     -1.17     31.33     1241574
-28.15     -1.05     31.44     1242589
-28.15     -1.05     31.44     1243602
-28.15     -1.17     31.44     1244617
-28.15     -1.17     31.44     1245631
-28.15     -1.17     31.44     1246646
-28.15     -1.41     31.44     1247661
-28.15     -1.17     31.44     1248674
-28.15     -1.17     31.44     1249689
-28.15     -1.17     31.44     1250703
-28.15     -1.17     31.44     1251718
-28.15     -1.17     31.44     1252732
-28.15     -1.17     31.56     1253746
-28.15     -1.17     31.44     1254761
-28.15     -1.17     31.44     1255775
-28.15     -1.17     31.44     1256790
-28.15     -1.17     31.56     1257804
-28.15     -1.17     31.44     1258818
-28.15     -1.17     31.44     1259833
-28.15     -1.17     31.44     1260847
-28.15     -1.17     31.44     1261861
-28.15     -1.17     31.44     1262876
-28.15     -1.17     31.44     1263890
-28.15     -1.17     31.44     1264905
-28.15     -1.17     31.44     1265918
-28.15     -1.17     31.44     1266933
-27.93     -1.17     31.44     1267948
-28.15     -0.81     31.44     1268962
-28.15     -1.17     31.44     1269977
-28.15     -1.17     31.44     1270990
-28.15     -1.29     31.44     1272005
-28.15     -1.17     31.56     1273020
-28.15     -1.17     31.44     1274034
-28.15     -1.17     31.56     1275048
-28.15     -1.17     31.56     1276063
-28.15     -1.17     31.56     1277077
-28.15     -1.17     31.56     1278092
-28.15     -1.17     31.56     1279106
-28.15     -1.17     31.68     1280120
-28.15     -1.17     31.56     1281135
-27.93     -1.17     31.56     1282149
-28.15     -1.17     31.56     1283164
-28.15     -1.17     31.68     1284177
-28.15     -1.17     31.68     1285192
-28.15     -1.17     31.68     1286207
-28.15     -1.17     31.68     1287221
-28.15     -1.17     31.68     1288236
-28.15     -1.29     31.68     1289249
-28.15     -1.17     31.80     1290264
-27.93     -1.17     31.68     1291279
-28.15     -1.17     31.68     1292293
-28.15     -1.17     31.68     1293307
-28.15     -1.17     31.68     1294321
-28.15     -1.17     31.56     1295336
-28.15     -1.17     31.56     1296351
-28.15     -1.17     31.56     1297364
-28.15     -1.17     31.56     1298379
-28.15     -1.17     31.44     1299393
-28.15     -1.17     31.44     1300408
-28.15     -1.05     31.44     1301423
-28.15     -1.05     31.44     1302436
-28.15     -1.05     31.44     1303451
-28.15     -1.05     31.33     1304465
-28.15     -1.05     31.33     1305480
-28.15     -1.05     31.33     1306494
-28.15     -1.05     31.44     1307508
-28.15     -1.05     31.44     1308523
-28.15     -1.05     31.44     1309537
-28.15     -1.05     31.44     1310552
-28.15     -1.05     31.44     1311566
-28.15     -1.05     31.44     1312580
-28.15     -1.17     31.44     1313595
-28.15     -1.17     31.44     1314609
-28.15     -1.17     31.44     1315623
-28.15     -1.17     31.44     1316638
-28.15     -1.17     31.44     1317652
-28.15     -1.17     31.44     1318667
-27.93     -1.17     31.44     1319681
-28.15     -1.17     31.56     1320695
-28.15     -1.17     31.44     1321710
-28.15     -0.93     31.44     1322724
-28.15     -1.05     31.44     1323739
-28.15     -1.17     31.44     1324752
-28.15     -1.17     31.44     1325767
-28.15     -1.17     31.44     1326782
-28.37     -1.17     31.44     1327796
-28.15     -1.17     31.44     1328811
-28.37     -1.17     31.56     1329825
-28.15     -1.17     31.56     1330839
-28.15     -1.17     31.44     1331854
-28.15     -1.17     31.44     1332868
-28.37     -1.17     31.44     1333882
-28.15     -1.17     31.44     1334897
-28.15     -1.17     31.44     1335911
-28.15     -1.17     31.44     1336926
-28.37     -1.41     31.44     1337939
-28.37     -1.17     31.44     1338954
-28.37     -1.17     31.44     1339969
-28.37     -1.29     31.56     1340983
-28.15     -1.17     31.56     1341998
-28.37     -1.17     31.56     1343011
-28.15     -1.29     31.44     1344026
-28.15     -1.29     31.44     1345041
-28.15     -1.17     31.44     1346055
-28.37     -1.17     31.44     1347069
-28.15     -1.29     31.44     1348084
-28.15     -1.29     31.44     1349098
-28.15     -1.29     31.44     1350113
-28.15     -1.17     31.44     1351127
-28.37     -1.17     31.44     1352141
-28.15     -1.29     31.56     1353156
-28.37     -1.41     31.44     1354170
-28.37     -1.17     31.44     1355185
-28.15     -1.29     31.56     1356199
-28.37     -1.17     31.56     1357213
-28.15     -1.17     31.56     1358228
-28.37     -1.17     31.56     1359242
-28.37     -1.17     31.56     1360257
-28.15     -1.17     31.56     1361271
-28.37     -1.17     31.44     1362285
-28.37     -1.17     31.44     1363300
-28.37     -1.17     31.44     1364314
-28.15     -1.17     31.56     1365328
-28.37     -1.17     31.56     1366343
-28.15     -1.17     31.44     1367357
-28.37     -1.17     31.56     1368372
-28.15     -1.17     31.56     1369387
-28.37     -0.93     31.56     1370400
-28.15     -1.17     31.56     1371415
-28.37     -1.29     31.56     1372429
-28.37     -1.29     31.68     1373444
-28.15     -1.29     31.68     1374458
-28.37     -1.29     31.68     1375472
-28.37     -1.29     31.68     1376487
-28.15     -1.29     31.68     1377501
-28.37     -1.29     31.68     1378515
-28.37     -1.29     31.68     1379530
-28.37     -1.29     31.68     1380544
-28.37     -1.29     31.68     1381559
-28.37     -1.29     31.68     1382573
-28.37     -1.29     31.68     1383587
-28.37     -1.29     31.68     1384602
-28.37     -1.17     31.68     1385616
-28.37     -1.29     31.68     1386631
-28.37     -1.29     31.68     1387645
-28.37     -1.17     31.68     1388659
-28.37     -1.17     31.68     1389674
-28.37     -1.29     31.56     1390688
-28.37     -1.17     31.56     1391703
-28.37     -1.17     31.56     1392717
-28.37     -1.17     31.56     1393731
-28.37     -1.17     31.44     1394746
-28.37     -1.17     31.56     1395760
-28.37     -1.17     31.44     1396774
-28.37     -1.17     31.44     1397789
-28.37     -1.17     31.44     1398803
-28.15     -1.17     31.44     1399818
-28.37     -1.17     31.44     1400832
-28.37     -1.17     31.44     1401846
-28.37     -1.17     31.44     1402861
-28.15     -1.17     31.44     1403875
-28.37     -1.17     31.33     1404890
-28.37     -1.17     31.44     1405904
-28.37     -1.17     31.44     1406918
-28.37     -1.17     31.33     1407933
-28.59     -1.05     31.33     1408947
-28.37     -1.05     31.33     1409961
-28.37     -1.05     31.33     1410975
-28.37     -1.05     31.33     1411990
-28.37     -1.05     31.33     1413005
-28.37     -1.05     31.33     1414019
-28.37     -1.05     31.33     1415033
-28.37     -0.93     31.21     1416047
-28.37     -0.93     31.21     1417062
-28.37     -0.93     31.21     1418077
-28.37     -0.93     31.21     1419090
-28.37     -0.93     31.21     1420105
-28.37     -0.93     31.21     1421119
-28.37     -0.93     31.21     1422134
-28.37     -0.93     31.21     1423149
-28.37     -0.93     31.21     1424162
-28.37     -0.93     31.21     1425177
-28.37     -0.93     31.09     1426191
-28.37     -0.93     31.21     1427206
-28.37     -0.93     31.21     1428220
-28.37     -0.93     31.21     1429234
-28.37     -0.93     31.21     1430249
-28.37     -0.93     31.21     1431263
-28.37     -0.93     31.21     1432278
-28.37     -1.05     31.21     1433292
-28.37     -1.05     31.21     1434306
-28.37     -1.17     31.33     1435321
-28.37     -1.05     31.33     1436335
-28.37     -1.05     31.33     1437349
-28.37     -1.05     31.33     1438364
-28.37     -1.17     31.33     1439378
-28.37     -1.17     31.33     1440393
-28.37     -1.17     31.33     1441406
-28.37     -1.17     31.33     1442421
-28.37     -0.81     31.33     1443436
-28.37     -1.17     31.33     1444450
-28.37     -1.17     31.33     1445465
-28.37     -1.29     31.33     1446479
-28.37     -1.29     31.33     1447493
-28.37     -1.29     31.33     1448508
-28.37     -1.29     31.33     1449522
-28.37     -1.29     31.44     1450536
-28.37     -1.29     31.33     1451551
-28.37     -1.29     31.44     1452565
-28.37     -1.41     31.33     1453580
-28.37     -1.29     31.44     1454594
-28.37     -1.41     31.44     1455608
-28.37     -1.41     31.44     1456623
-28.37     -1.41     31.44     1457637
-28.37     -1.41     31.44     1458652
-28.37     -1.41     31.33     1459665
-28.15     -1.41     31.33     1460680
-28.37     -1.29     31.33     1461695
-28.37     -1.29     31.33     1462709
-28.37     -1.29     31.21     1463724
-28.37     -1.29     31.33     1464737
-28.37     -1.29     31.33     1465752
-28.37     -1.29     31.21     1466767
-28.37     -1.29     31.21     1467781
-28.37     -1.29     31.21     1468795
-28.37     -1.29     31.21     1469809
-28.37     -1.29     31.33     1470824
-28.37     -1.29     31.33     1471839
-28.37     -1.41     31.33     1472852
-28.37     -1.41     31.33     1473867
-28.37     -1.53     31.33     1474882
-28.37     -1.41     31.33     1475896
-28.37     -1.41     31.33     1476911
-28.15     -1.41     31.33     1477924
-28.37     -1.41     31.33     1478939
-28.37     -1.41     31.33     1479954
-28.37     -1.53     31.33     1480968
-28.37     -1.53     31.44     1481982
-28.37     -1.41     31.44     1482996
-28.37     -1.41     31.44     1484011
-28.37     -1.41     31.44     1485026
-28.37     -1.65     31.44     1486040
-28.37     -1.41     31.33     1487054
-28.37     -1.29     31.33     1488069
-28.37     -1.05     31.21     1489083
-28.37     -1.29     31.21     1490098
-28.37     -1.29     31.21     1491111
-28.37     -1.29     31.21     1492126
-28.37     -1.29     31.33     1493141
-28.37     -1.29     31.33     1494155
-28.37     -1.29     31.33     1495170
-28.37     -1.29     31.33     1496183
-28.37     -1.41     31.33     1497198
-28.59     -1.29     31.33     1498213
-28.59     -1.29     31.33     1499227
-28.37     -1.41     31.33     1500241
-28.37     -1.41     31.33     1501255
-28.15     -1.41     31.33     1502270
-28.37     -1.41     31.33     1503285
-28.37     -1.41     31.33     1504299
-28.37     -1.41     31.44     1505313
-28.37     -1.41     31.44     1506327
-28.37     -1.41     31.44     1507342
-28.37     -1.41     31.44     1508357
-28.37     -1.65     31.44     1509370
-28.37     -1.41     31.33     1510385
-28.37     -1.17     31.33     1511400
-28.37     -1.29     31.33     1512414
-28.37     -1.41     31.33     1513428
-28.37     -1.29     31.33     1514442
-28.37     -1.29     31.33     1515457
-28.59     -1.29     31.33     1516472
-28.37     -1.29     31.33     1517486
-28.37     -1.17     31.21     1518500
-28.37     -1.17     31.21     1519514
-28.37     -1.05     31.21     1520529
-28.37     -1.05     31.21     1521544
-28.37     -1.05     31.21     1522557
-28.59     -1.17     31.21     1523572
-28.37     -1.17     31.21     1524586
-28.37     -1.17     31.21     1525601
-28.37     -1.05     31.21     1526616
-28.59     -1.05     31.21     1527629
-28.37     -1.05     31.21     1528644
-28.37     -0.93     31.21     1529658
-28.37     -1.17     31.21     1530673
-28.37     -1.05     31.21     1531687
-28.37     -1.17     31.21     1532701
-28.37     -1.17     31.21     1533716
-28.37     -1.17     31.21     1534730
-28.37     -1.17     31.21     1535745
-28.37     -1.17     31.09     1536759
-28.37     -1.17     31.09     1537773
-28.59     -1.17     31.09     1538788
-28.37     -1.17     31.09     1539802
-28.37     -1.17     31.09     1540816
-28.37     -1.17     31.09     1541831
-28.37     -1.17     31.09     1542845
-28.37     -1.17     31.21     1543860
-28.37     -1.17     31.21     1544873
-28.37     -1.17     31.21     1545888
-28.37     -1.05     31.21     1546903
-28.37     -1.29     31.33     1547917
-28.37     -1.29     31.21     1548932
-28.37     -1.29     31.33     1549946
-28.37     -1.29     31.33     1550960
-28.37     -1.29     31.33     1551975
-28.37     -1.29     31.33     1552989
-28.37     -1.41     31.33     1554003
-28.37     -1.41     31.33     1555018
-28.37     -1.41     31.44     1556032
-28.37     -1.41     31.44     1557047
-28.37     -1.41     31.44     1558061
-28.37     -1.53     31.44     1559075
-28.59     -1.53     31.44     1560090
-28.37     -1.53     31.44     1561104
-28.37     -1.53     31.44     1562119
-28.37     -1.53     31.44     1563132
-28.37     -1.53     31.56     1564147
-28.37     -1.53     31.44     1565162
-28.37     -1.53     31.44     1566176
-28.37     -1.65     31.44     1567191
-28.37     -1.65     31.44     1568204
-28.59     -1.65     31.44     1569219
-28.59     -1.65     31.33     1570234
-28.37     -1.65     31.33     1571248
-28.37     -1.65     31.33     1572262
-28.37     -1.65     31.33     1573276
-28.37     -1.89     31.33     1574291
-28.59     -1.65     31.33     1575306
-28.37     -1.65     31.33     1576320
-28.37     -1.65     31.21     1577334
-28.59     -1.65     31.21     1578348
-28.37     -1.53     31.21     1579363
-28.59     -1.53     31.21     1580378
-28.59     -1.53     31.21     1581391
-28.37     -1.65     31.21     1582406
-28.37     -1.89     31.21     1583421
-28.37     -1.65     31.21     1584435
-28.37     -1.65     31.21     1585449
-28.37     -1.65     31.21     1586463
-28.37     -1.65     31.21     1587478
-28.37     -1.65     31.21     1588493
-28.37     -1.65     31.21     1589507
-28.59     -1.65     31.33     1590521
-28.59     -1.65     31.33     1591535
-28.37     -1.65     31.33     1592550
-28.37     -1.89     31.21     1593565
-28.37     -1.65     31.21     1594578
-28.37     -1.65     31.33     1595593
-28.37     -1.53     31.21     1596607
-28.37     -1.65     31.21     1597622
-28.37     -1.65     31.21     1598637
-28.37     -1.41     31.21     1599650
-28.37     -1.65     31.21     1600665
-28.59     -1.65     31.21     1601679
-28.59     -1.65     31.21     1602694
-28.37     -1.65     31.21     1603708
-28.37     -1.53     31.21     1604722
-28.37     -1.53     31.21     1605737
-28.37     -1.53     31.21     1606751
-28.59     -1.53     31.21     1607766
-28.37     -1.53     31.09     1608780
-28.37     -1.41     31.21     1609794
-28.37     -1.77     31.21     1610809
-28.37     -1.53     31.21     1611824
-28.59     -1.53     31.21     1612837
-28.37     -1.53     31.33     1613852
-28.37     -1.53     31.33     1614866
-28.59     -1.53     31.33     1615881
-28.59     -1.53     31.33     1616896
-28.59     -1.53     31.33     1617909
-28.59     -1.53     31.33     1618924
-28.37     -1.65     31.44     1619938
-28.37     -1.65     31.33     1620953
-28.37     -1.65     31.33     1621966
-28.37     -1.65     31.44     1622981
-28.37     -1.65     31.44     1623996
-28.37     -1.65     31.56     1625010
-28.37     -1.77     31.44     1626024
-28.59     -1.65     31.44     1627039
-28.37     -1.65     31.44     1628053
-28.59     -1.65     31.44     1629068
-28.37     -1.65     31.44     1630082
-28.59     -1.65     31.44     1631096
-28.37     -1.65     31.44     1632111
-28.37     -1.53     31.44     1633125
-28.59     -1.53     31.44     1634140
-28.37     -1.53     31.33     1635153
-28.59     -1.53     31.33     1636168
-28.59     -1.53     31.33     1637183
-28.37     -1.41     31.33     1638197
-28.37     -1.65     31.33     1639212
-28.59     -1.41     31.33     1640225
-28.59     -1.41     31.33     1641240
-28.59     -1.53     31.21     1642255
-28.37     -1.41     31.21     1643269
-28.59     -1.41     31.21     1644283
-28.59     -1.41     31.21     1645297
-28.37     -1.05     31.21     1646312
-28.37     -1.29     31.21     1647327
-28.37     -1.41     31.21     1648340
-28.59     -1.29     31.09     1649355
-28.59     -1.29     31.09     1650369
-28.37     -1.29     31.09     1651384
-28.59     -1.29     31.09     1652399
-28.37     -1.17     30.97     1653412
-28.59     -1.17     31.09     1654427
-28.59     -1.17     31.09     1655441
-28.59     -1.29     31.09     1656456
-28.59     -1.29     30.97     1657470
-28.59     -1.29     30.97     1658484
-28.59     -1.29     30.97     1659499
-28.59     -1.29     30.97     1660513
-28.37     -1.29     30.97     1661528
-28.59     -1.29     31.09     1662541
-28.59     -1.29     30.97     1663556
-28.59     -1.29     30.97     1664571
-28.59     -1.29     30.97     1665585
-28.59     -1.29     30.97     1666599
-28.59     -1.29     30.97     1667613
-28.59     -1.17     30.97     1668628
-28.59     -1.17     30.97     1669643
-28.37     -1.17     30.97     1670657
-28.59     -1.17     30.85     1671671
-28.37     -1.05     30.85     1672685
-28.59     -1.17     30.85     1673700
-28.59     -1.05     30.85     1674715
-28.59     -1.17     30.85     1675728
-28.59     -1.17     30.85     1676743
-28.59     -1.17     30.85     1677757
-28.59     -1.17     30.97     1678772
-28.59     -1.29     30.97     1679787
-28.59     -1.29     30.85     1680800
-28.59     -1.29     30.97     1681815
-28.59     -1.41     30.97     1682829
-28.59     -1.41     31.09     1683844
-28.59     -1.41     31.09     1684857
-28.59     -1.41     31.09     1685872
-28.59     -1.41     31.09     1686887
-28.59     -1.53     31.09     1687901
-28.59     -1.53     31.09     1688915
-28.59     -1.53     31.09     1689929
-28.59     -1.53     31.21     1690944
-28.59     -1.53     31.09     1691958
-28.59     -1.53     31.09     1692973
-28.59     -1.53     31.09     1693987
-28.59     -1.53     31.09     1695001
-28.59     -1.65     31.09     1696016
-28.59     -1.41     30.97     1697030
-28.37     -1.53     30.97     1698044
-28.37     -1.53     30.97     1699059
-28.59     -1.53     30.97     1700073
-28.59     -1.53     30.97     1701088
-28.59     -1.53     30.97     1702102
-28.37     -1.65     30.97     1703116
-28.59     -1.65     30.97     1704130
-28.59     -1.77     30.97     1705145
-28.59     -1.65     31.09     1706160
-28.59     -1.65     31.09     1707173
-28.59     -1.77     31.09     1708188
-28.59     -1.77     31.09     1709202
-28.59     -1.77     31.09     1710217
-28.59     -1.77     31.09     1711232
-28.59     -1.77     31.09     1712245
-28.59     -1.77     31.09     1713260
-28.59     -1.77     31.21     1714274
-28.59     -1.77     31.21     1715289
-28.59     -1.77     31.21     1716302
-28.59     -1.77     31.21     1717317
-28.59     -1.77     31.21     1718332
-28.59     -1.77     31.21     1719346
-28.59     -1.89     31.09     1720360
-28.37     -1.89     31.21     1721374
-28.59     -1.89     31.21     1722389
-28.59     -1.65     31.21     1723404
-28.59     -1.89     31.21     1724418
-28.59     -1.89     31.33     1725432
-28.59     -1.89     31.33     1726446
-28.59     -1.89     31.33     1727461
-28.59     -1.89     31.33     1728475
-28.59     -1.89     31.33     1729489
-28.59     -1.89     31.33     1730504
-28.59     -1.89     31.33     1731518
-28.59     -1.89     31.33     1732533
-28.59     -1.77     31.33     1733547
-28.59     -2.01     31.33     1734561
-28.37     -1.89     31.33     1735575
-28.59     -1.89     31.33     1736590
-28.59     -1.89     31.33     1737605
-28.59     -1.89     31.33     1738618
-28.59     -1.53     31.21     1739633
-28.59     -1.77     31.33     1740647
-28.59     -1.89     31.33     1741662
-28.59     -1.53     31.21     1742676
-28.59     -1.89     31.21     1743690
-28.59     -1.89     31.21     1744705
-28.59     -1.89     31.21     1745719
-28.59     -1.89     31.21     1746734
-28.59     -1.77     31.21     1747747
-28.59     -1.77     31.21     1748762
-28.59     -1.77     31.21     1749777
-28.59     -1.53     31.21     1750791
-28.37     -1.77     31.21     1751805
-28.59     -1.77     31.21     1752819
-28.59     -1.77     31.21     1753834
-28.59     -1.77     31.21     1754849
-28.59     -1.77     31.33     1755863
-28.59     -1.77     31.21     1756877
-28.59     -1.53     31.33     1757891
-28.59     -1.77     31.33     1758906
-28.59     -1.89     31.33     1759920
-28.59     -1.89     31.33     1760934
-28.59     -1.89     31.33     1761949
-28.59     -1.89     31.33     1762963
-28.59     -1.77     31.33     1763978
-28.37     -1.89     31.44     1764992
-28.59     -1.77     31.44     1766006
-28.59     -1.89     31.33     1767021
-28.59     -1.89     31.44     1768035
-28.59     -1.89     31.33     1769050
-28.59     -1.89     31.44     1770063
-28.37     -1.89     31.33     1771078
-28.59     -1.89     31.33     1772092
-28.59     -1.89     31.44     1773107
-28.59     -1.77     31.44     1774121
-28.59     -1.89     31.44     1775135
-28.59     -1.89     31.44     1776150
-28.59     -1.89     31.33     1777164
-28.59     -1.89     31.44     1778179
-28.59     -2.01     31.44     1779192
-28.59     -1.89     31.33     1780207
-28.59     -1.89     31.33     1781222
-28.59     -1.89     31.33     1782236
-28.59     -1.89     31.44     1783250
-28.59     -1.89     31.44     1784264
-28.59     -1.89     31.44     1785279
-28.59     -2.13     31.44     1786293
-28.59     -1.89     31.44     1787308
-28.59     -1.89     31.44     1788322
-28.59     -1.89     31.44     1789336
-28.59     -1.89     31.44     1790351
-28.59     -1.89     31.44     1791365
-28.59     -1.89     31.44     1792379
-28.81     -1.89     31.44     1793393
-28.59     -1.89     31.44     1794408
-28.59     -1.89     31.44     1795423
-28.59     -1.89     31.44     1796436
-28.59     -1.89     31.56     1797451
-28.59     -1.89     31.44     1798465
-28.59     -2.01     31.56     1799480
-28.59     -1.89     31.44     1800494
-28.59     -1.89     31.44     1801508
-28.59     -1.89     31.44     1802523
-28.59     -1.89     31.56     1803537
-28.59     -1.89     31.56     1804552
-28.59     -1.89     31.56     1805565
-28.59     -1.89     31.56     1806580
-28.59     -1.89     31.44     1807594
-28.59     -1.89     31.44     1808609
-28.59     -1.89     31.56     1809624
-28.59     -1.89     31.44     1810637
-28.59     -1.89     31.44     1811652
-28.59     -1.89     31.44     1812666
-28.59     -1.89     31.44     1813681
-28.59     -1.89     31.44     1814694
-28.59     -2.01     31.56     1815709
-28.59     -1.89     31.44     1816724
-28.59     -1.89     31.56     1817738
-28.59     -1.89     31.56     1818753
-28.59     -2.13     31.56     1819766
-28.59     -1.89     31.56     1820781
-28.59     -1.89     31.44     1821795
-28.59     -1.89     31.44     1822810
-28.59     -1.89     31.44     1823823
-28.59     -1.89     31.44     1824838
-28.59     -1.77     31.56     1825853
-28.59     -1.89     31.44     1826867
-28.59     -1.89     31.56     1827881
-28.59     -1.89     31.56     1828895
-28.59     -1.89     31.44     1829910
-28.59     -1.89     31.44     1830924
-28.59     -1.89     31.44     1831939
-28.59     -1.89     31.56     1832953
-28.59     -1.89     31.44     1833967
-28.59     -1.89     31.56     1834982
-28.59     -1.89     31.44     1835996
-28.59     -1.89     31.44     1837010
-28.59     -1.89     31.56     1838024
-28.59     -1.89     31.56     1839039
-28.59     -1.89     31.56     1840054
-28.59     -1.89     31.56     1841068
-28.59     -1.89     31.56     1842082
-28.59     -1.89     31.44     1843096
-28.59     -1.89     31.56     1844111
-28.59     -2.01     31.56     1845125
-28.59     -2.01     31.56     1846139
-28.59     -2.01     31.56     1847153
-28.59     -2.01     31.56     1848168
-28.81     -2.01     31.56     1849183
-28.59     -2.01     31.56     1850196
-28.59     -2.01     31.56     1851211
-28.59     -2.01     31.56     1852225
-28.59     -1.89     31.56     1853240
-28.59     -2.01     31.56     1854255
-28.81     -2.01     31.56     1855268
-28.59     -1.89     31.56     1856283
-28.59     -1.89     31.44     1857297
-28.59     -1.89     31.56     1858312
-28.59     -2.01     31.56     1859325
-28.81     -2.01     31.56     1860340
-28.59     -2.01     31.56     1861354
-28.59     -1.89     31.56     1862369
-28.81     -2.01     31.56     1863384
-28.59     -1.89     31.56     1864397
-28.81     -1.89     31.44     1865412
-28.59     -1.77     31.56     1866426
-28.81     -1.89     31.56     1867441
-28.81     -2.01     31.56     1868454
-28.59     -1.89     31.56     1869469
-28.59     -1.89     31.56     1870484
-28.59     -1.89     31.56     1871498
-28.59     -1.89     31.56     1872513
-28.81     -1.89     31.68     1873526
-28.81     -1.89     31.56     1874541
-28.59     -1.89     31.68     1875555
-28.81     -1.89     31.56     1876570
-28.81     -1.89     31.56     1877583
-28.81     -2.13     31.56     1878598
-28.59     -1.89     31.56     1879612
-28.81     -2.01     31.56     1880627
-28.59     -2.01     31.56     1881641
-28.59     -2.25     31.56     1882655
-28.81     -2.01     31.56     1883670
-28.59     -2.01     31.56     1884684
-28.59     -2.01     31.56     1885699
-28.59     -2.01     31.56     1886712
-28.59     -2.01     31.56     1887727
-28.81     -1.89     31.44     1888741
-28.59     -1.89     31.56     1889756
-28.81     -1.89     31.56     1890770
-28.81     -1.89     31.44     1891784
-28.81     -1.89     31.44     1892799
-28.59     -1.89     31.56     1893813
-28.59     -1.89     31.56     1894828
-28.81     -1.89     31.44     1895841
-28.81     -1.89     31.44     1896856
-28.81     -1.77     31.44     1897870
-28.59     -1.77     31.33     1898885
-28.81     -1.77     31.33     1899898
-28.81     -1.77     31.33     1900913
-28.81     -1.77     31.21     1901927
-28.81     -1.77     31.33     1902942
-28.81     -1.65     31.21     1903955
-28.81     -1.77     31.21     1904970
-28.81     -1.77     31.21     1905985
-28.81     -1.77     31.33     1906999
-28.81     -1.89     31.33     1908014
-28.81     -1.77     31.33     1909027
-28.81     -1.65     31.33     1910042
-28.59     -1.77     31.44     1911056
-28.81     -1.89     31.33     1912071
-28.81     -1.77     31.44     1913084
-28.81     -1.89     31.44     1914099
-28.59     -1.89     31.44     1915114
-28.81     -1.89     31.33     1916128
-28.59     -1.89     31.44     1917143
-28.81     -1.89     31.33     1918156
-28.59     -1.89     31.33     1919171
-28.81     -1.89     31.44     1920185
-28.81     -1.89     31.44     1921200
-28.81     -1.89     31.33     1922213
-28.59     -1.89     31.44     1923228
-28.81     -1.89     31.33     1924242
-28.81     -1.89     31.33     1925257
-28.81     -1.89     31.56     1926270
-28.81     -1.89     31.33     1927285
-28.59     -1.89     31.44     1928300
-28.59     -1.89     31.33     1929314
-28.81     -1.89     31.33     1930329
-28.81     -2.01     31.33     1931342
-28.81     -1.89     31.33     1932357
-28.81     -2.01     31.33     1933371
-28.81     -2.01     31.33     1934386
-28.81     -1.89     31.33     1935399
-28.81     -1.89     31.33     1936414
-28.81     -1.89     31.33     1937428
-28.81     -1.89     31.21     1938443
-28.81     -1.89     31.21     1939457
-28.81     -1.89     31.33     1940471
-28.81     -1.77     31.33     1941485
-28.81     -1.77     31.33     1942500
-28.81     -1.65     31.21     1943515
-28.81     -1.77     31.21     1944528
-28.81     -1.77     31.21     1945543
-28.81     -1.77     31.21     1946557
-28.81     -1.53     31.21     1947572
-28.81     -1.65     31.21     1948585
-28.81     -1.65     31.09     1949600
-28.81     -1.65     31.21     1950614
-28.81     -1.53     31.09     1951629
-28.81     -1.65     31.09     1952643
-28.81     -1.65     31.21     1953657
-28.59     -1.65     31.21     1954671
-28.81     -1.65     31.33     1955686
-28.81     -1.41     31.33     1956701
-28.81     -1.65     31.21     1957714
-28.81     -1.65     31.33     1958729
-28.81     -1.89     31.33     1959743
-28.59     -1.65     31.33     1960758
-28.81     -1.65     31.33     1961772
-28.81     -1.41     31.33     1962786
-28.81     -1.65     31.33     1963800
-28.59     -1.65     31.33     1964815
-28.81     -1.65     31.33     1965830
-28.81     -1.65     31.33     1966843
-28.59     -1.65     31.33     1967858
-28.59     -1.65     31.33     1968872
-28.81     -1.65     31.33     1969887
-28.81     -1.65     31.21     1970900
-28.81     -1.65     31.21     1971915
-28.81     -1.65     31.21     1972929
-28.59     -1.65     31.21     1973944
-28.59     -1.53     31.09     1974958
-28.81     -1.65     31.09     1975972
-28.81     -1.65     31.21     1976987
-28.81     -1.53     31.21     1978001
-28.81     -1.65     31.09     1979016
-28.81     -1.65     31.21     1980029
-28.81     -1.65     31.21     1981044
-28.81     -1.65     31.21     1982058
-28.81     -1.65     31.21     1983073
-28.81     -1.65     31.21     1984087
-28.81     -1.65     31.33     1985101
-28.81     -1.65     31.21     1986115
-28.81     -1.77     31.33     1987130
-28.81     -1.77     31.33     1988144
-28.81     -1.53     31.33     1989158
-28.81     -1.77     31.33     1990173
-28.81     -1.77     31.33     1991187
-28.81     -1.77     31.44     1992202
-28.81     -1.77     31.56     1993216
-28.59     -1.77     31.44     1994230
-28.81     -1.77     31.44     1995244
-28.81     -1.77     31.44     1996259
-28.81     -1.77     31.44     1997273
-28.81     -1.77     31.44     1998287
-28.59     -1.77     31.44     1999301
-28.81     -1.77     31.44     2000316
-28.81     -1.77     31.44     2001330

