0.00     0.00     0.00     0
20.36     21.14     22.58     1013
20.25     21.03     22.58     2027
20.25     21.03     22.70     3041
20.25     21.03     22.81     4056
20.14     21.03     22.92     5069
20.03     21.03     23.14     6083
19.92     20.92     23.37     7097
19.81     20.92     23.48     8112
19.70     20.92     23.70     9125
19.59     20.92     23.93     10139
19.37     20.92     24.15     11154
19.26     20.81     24.27     12168
19.04     20.81     24.60     13182
18.82     20.81     24.72     14196
18.71     20.70     24.83     15210
18.49     20.59     25.06     16224
18.27     20.70     25.17     17239
18.16     20.70     25.28     18252
17.94     20.59     25.40     19267
17.73     20.59     25.62     20281
17.51     20.59     25.74     21295
17.29     20.47     25.85     22309
17.07     20.47     25.97     23323
16.85     20.47     26.08     24338
16.63     20.36     26.19     25352
16.52     20.47     26.31     26365
16.30     20.36     26.42     27380
16.08     20.36     26.54     28394
15.87     20.36     26.65     29408
15.65     20.36     26.77     30423
15.43     20.25     26.88     31436
15.32     20.25     27.00     32450
14.99     20.25     27.00     33464
14.77     20.25     27.11     34479
14.56     20.25     27.23     35492
14.34     20.14     27.34     36506
14.23     20.14     27.34     37521
14.01     20.03     27.46     38535
13.79     20.03     27.57     39548
13.57     20.03     27.57     40562
13.35     20.03     27.57     41577
13.14     20.03     27.80     42591
12.92     19.92     27.92     43604
12.81     19.81     27.92     44619
12.59     19.92     28.03     45633
12.37     19.81     28.03     46647
12.15     19.81     28.15     47661
11.93     19.70     28.15     48675
11.83     19.70     28.27     49689
11.61     19.70     28.38     50703
11.39     19.70     28.38     51718
11.17     19.70     28.50     52731
10.95     19.59     28.50     53745
10.73     19.59     28.61     54759
10.62     19.59     28.61     55773
10.40     19.48     28.73     56787
10.18     19.48     28.73     57801
9.96     19.48     28.85     58815
9.85     19.48     28.85     59829
9.63     19.37     28.96     60843
9.52     19.37     28.96     61857
9.30     19.37     29.08     62871
9.08     19.26     29.08     63885
8.86     19.26     29.20     64900
8.75     19.15     29.20     65913
8.53     19.15     29.31     66927
8.31     19.15     29.31     67942
8.20     19.04     29.31     68956
7.98     19.04     29.43     69970
7.86     19.04     29.43     70984
7.64     19.04     29.55     71998
7.53     19.04     29.55     73013
7.31     18.93     29.67     74027
7.09     18.82     29.67     75041
6.98     18.93     29.67     76055
6.75     18.82     29.78     77070
6.53     18.82     29.90     78084
6.42     18.82     29.78     79097
6.31     18.71     29.78     80112
6.08     18.71     29.90     81126
5.86     18.60     30.02     82140
5.75     18.60     30.02     83154
5.52     18.60     30.02     84168
5.41     18.60     30.02     85183
5.19     18.49     30.14     86197
5.07     18.49     30.14     87212
4.85     18.49     30.14     88225
4.74     18.38     30.26     89240
4.62     18.38     30.26     90254
4.51     18.38     30.37     91268
4.28     18.38     30.26     92282
4.17     18.27     30.37     93296
3.94     18.27     30.37     94311
3.72     18.27     30.37     95325
3.60     18.16     30.49     96338
3.49     18.16     30.49     97353
3.37     18.05     30.49     98367
3.15     18.05     30.49     99381
3.03     18.05     30.61     100396
2.92     18.05     30.61     101409
2.69     17.94     30.61     102424
2.57     17.94     30.61     103438
2.46     17.83     30.61     104452
2.34     17.83     30.61     105466
2.11     17.83     30.73     106480
2.00     17.83     30.73     107494
1.88     17.73     30.73     108509
1.77     17.73     30.73     109522
1.53     17.62     30.73     110537
1.42     17.62     30.85     111551
1.30     17.62     30.85     112565
1.19     17.51     30.85     113580
1.07     17.51     30.85     114593
0.84     17.51     30.85     115607
0.72     17.51     30.97     116622
0.60     17.40     30.97     117636
0.49     17.40     30.97     118649
0.37     17.40     30.97     119664
0.13     17.29     31.09     120678
0.02     17.29     31.09     121693
-0.10     17.29     31.09     122706
-0.22     17.18     31.09     123720
-0.34     17.18     31.09     124735
-0.46     17.18     31.21     125749
-0.57     17.07     31.33     126763
-0.69     17.07     31.21     127777
-0.81     17.07     31.21     128791
-1.05     16.96     31.21     129805
-1.05     16.96     31.21     130820
-1.17     16.85     31.33     131833
-1.41     16.85     31.33     132847
-1.53     16.85     31.21     133862
-1.65     16.85     31.33     134876
-1.65     16.85     31.33     135889
-1.89     16.74     31.33     136904
-2.01     16.74     31.33     137918
-2.13     16.74     31.33     138932
-2.25     16.63     31.33     139947
-2.37     16.63     31.33     140960
-2.49     16.63     31.33     141974
-2.61     16.52     31.44     142989
-2.73     16.63     31.44     144003
-2.86     16.52     31.33     145016
-2.98     16.52     31.44     146031
-3.10     16.41     31.44     147045
-3.10     16.41     31.44     148059
-3.22     16.30     31.44     149073
-3.34     16.30     31.56     150087
-3.47     16.30     31.56     151101
-3.59     16.19     31.56     152116
-3.71     16.19     31.56     153129
-3.84     16.19     31.56     154143
-3.96     16.19     31.56     155158
-4.08     16.08     31.56     156172
-4.08     16.08     31.56     157186
-4.21     16.08     31.56     158200
-4.46     15.98     31.56     159214
-4.46     15.98     31.56     160228
-4.58     15.98     31.56     161242
-4.71     15.87     31.56     162256
-4.71     15.87     31.56     163270
-4.83     15.87     31.68     164284
-4.96     15.76     31.68     165298
-4.96     15.87     31.68     166312
-5.08     15.76     31.68     167326
-5.21     15.76     31.68     168340
-5.21     15.65     31.68     169354
-5.46     15.65     31.68     170369
-5.46     15.65     31.68     171382
-5.59     15.65     31.68     172396
-5.71     15.54     31.68     173410
-5.71     15.54     31.68     174425
-5.97     15.54     31.68     175438
-6.09     15.43     31.68     176452
-6.09     15.43     31.80     177466
-6.22     15.43     31.68     178481
-6.35     15.32     31.80     179494
-6.48     15.32     31.80     180508
-6.48     15.32     31.80     181522
-6.61     15.21     31.80     182537
-6.74     15.21     31.80     183550
-6.86     15.21     31.80     184564
-6.99     15.21     31.80     185579
-6.99     15.10     31.80     186593
-7.12     15.10     31.80     187607
-7.25     15.10     31.80     188620
-7.25     15.10     31.80     189634
-7.38     14.99     31.80     190649
-7.51     14.99     31.80     191663
-7.64     14.99     31.80     192676
-7.64     14.99     31.92     193691
-7.78     14.88     31.92     194705
-7.91     14.88     31.92     195719
-7.91     14.88     31.92     196733
-8.04     14.88     31.92     197747
-8.17     14.77     31.92     198761
-8.17     14.77     31.92     199776
-8.30     14.77     31.92     200790
-8.43     14.66     31.92     201804
-8.43     14.66     32.04     202818
-8.57     14.56     32.04     203833
-8.57     14.56     32.04     204847
-8.57     14.56     32.04     205861
-8.70     14.56     32.04     206875
-8.83     14.45     32.04     207890
-8.97     14.45     32.04     208904
-8.97     14.45     32.04     209917
-9.10     14.45     32.04     210932
-9.24     14.45     32.04     211946
-9.24     14.34     32.04     212961
-9.37     14.34     32.04     213975
-9.37     14.34     32.04     214988
-9.51     14.34     32.04     216003
-9.51     14.34     32.04     217017
-9.64     14.23     32.04     218032
-9.78     14.23     32.04     219045
-9.78     14.12     32.04     220060
-9.91     14.12     32.04     221074
-9.91     14.12     32.04     222088
-10.05     14.12     32.04     223102
-10.05     14.01     31.92     224116
-10.19     14.01     32.04     225131
-10.19     14.01     32.04     226145
-10.32     14.01     32.04     227160
-10.46     14.01     31.92     228173
-10.46     13.90     32.04     229188
-10.46     14.01     32.04     230202
-10.60     13.90     31.92     231216
-10.60     13.90     32.04     232230
-10.74     13.79     31.92     233244
-10.87     13.79     31.92     234259
-10.87     13.79     32.04     235273
-11.01     13.79     32.04     236288
-11.01     13.68     32.04     237301
-11.01     13.68     32.04     238316
-11.15     13.68     32.04     239330
-11.29     13.68     32.04     240345
-11.29     13.57     32.04     241358
-11.43     13.57     32.04     242373
-11.43     13.57     32.04     243387
-11.43     13.57     32.04     244402
-11.57     13.46     32.04     245415
-11.57     13.46     32.04     246430
-11.71     13.46     32.04     247444
-11.71     13.46     32.16     248459
-11.86     13.46     32.04     249473
-11.86     13.35     32.04     250487
-12.00     13.46     32.04     251501
-12.00     13.35     32.04     252516
-12.00     13.35     32.16     253530
-12.14     13.35     32.04     254544
-12.28     13.25     32.04     255558
-12.28     13.25     32.04     256573
-12.28     13.25     32.04     257587
-12.28     13.25     32.04     258601
-12.28     13.25     32.04     259615
-12.42     13.03     31.92     260630
-12.57     13.14     32.04     261644
-12.57     13.14     32.04     262658
-12.57     13.14     32.04     263672
-12.71     13.03     32.04     264686
-12.71     13.03     32.04     265701
-12.86     13.03     32.04     266715
-12.86     12.92     32.04     267729
-12.86     12.92     32.04     268743
-13.00     12.92     32.16     269757
-13.15     12.92     32.16     270772
-13.15     12.92     32.04     271785
-13.15     12.81     32.04     272800
-13.29     12.70     32.16     273814
-13.29     12.81     32.16     274829
-13.29     12.81     32.16     275843
-13.44     12.70     32.16     276857
-13.44     12.81     32.16     277871
-13.44     12.59     32.16     278885
-13.58     12.70     32.16     279900
-13.58     12.70     32.16     280913
-13.73     12.70     32.16     281928
-13.73     12.70     32.16     282942
-13.73     12.59     32.16     283956
-13.73     12.59     32.16     284971
-13.88     12.59     32.16     285984
-13.88     12.48     32.16     286998
-14.03     12.59     32.16     288013
-14.03     12.48     32.16     289027
-14.17     12.48     32.04     290041
-14.03     12.48     32.16     291055
-14.17     12.37     32.16     292069
-14.17     12.37     32.16     293084
-14.17     12.37     32.16     294097
-14.32     12.37     32.16     295112
-14.32     12.37     32.16     296126
-14.47     12.37     32.16     297140
-14.47     12.26     32.16     298155
-14.47     12.26     32.16     299168
-14.47     12.26     32.16     300182
-14.62     12.15     32.16     301197
-14.62     12.15     32.16     302211
-14.77     12.15     32.16     303224
-14.77     12.15     32.16     304239
-14.77     12.15     32.29     305253
-14.92     12.04     32.16     306267
-14.92     12.04     32.29     307281
-14.92     12.04     32.16     308295
-15.07     12.04     32.29     309309
-15.07     12.04     32.16     310324
-15.07     11.93     32.16     311337
-15.07     11.93     32.16     312351
-15.23     11.93     32.16     313366
-15.23     11.93     32.16     314380
-15.23     11.93     32.16     315394
-15.23     11.83     32.04     316408
-15.38     12.04     32.16     317422
-15.38     11.83     32.16     318436
-15.53     11.83     32.16     319451
-15.53     11.83     32.16     320464
-15.53     11.83     32.16     321478
-15.53     11.83     32.16     322493
-15.69     11.83     32.16     323507
-15.69     11.72     32.16     324521
-15.84     11.72     32.16     325535
-15.84     11.72     32.16     326549
-15.84     11.72     32.16     327564
-15.84     11.72     32.16     328578
-15.84     11.61     32.16     329591
-15.99     11.61     32.16     330606
-15.99     11.61     32.29     331620
-15.99     11.61     32.16     332635
-15.99     11.50     32.16     333648
-16.15     11.50     32.16     334662
-16.15     11.50     32.16     335677
-16.15     11.50     32.16     336691
-16.30     11.50     32.16     337704
-16.30     11.39     32.16     338718
-16.30     11.39     32.16     339733
-16.30     11.39     32.16     340747
-16.30     11.39     32.16     341761
-16.30     11.39     32.16     342775
-16.46     11.39     32.16     343789
-16.46     11.39     32.16     344803
-16.46     11.39     32.04     345817
-16.62     11.28     32.04     346831
-16.62     11.28     32.16     347845
-16.62     11.28     32.04     348859
-16.62     11.28     32.04     349874
-16.78     11.28     32.04     350887
-16.78     11.17     32.04     351901
-16.78     11.17     32.04     352915
-16.93     11.17     32.04     353930
-16.93     11.28     32.04     354944
-16.93     11.17     32.04     355957
-16.93     11.17     32.04     356972
-17.09     11.17     32.04     357986
-17.09     11.06     32.04     359000
-17.09     11.06     32.16     360013
-17.09     11.06     32.04     361028
-17.09     11.06     32.04     362042
-17.25     11.06     32.04     363056
-17.25     11.06     32.04     364069
-17.25     11.06     32.04     365084
-17.25     10.95     32.04     366098
-17.41     10.95     32.04     367112
-17.41     10.95     31.92     368126
-17.41     10.95     32.04     369140
-17.41     10.95     32.04     370154
-17.41     10.95     32.04     371168
-17.57     10.95     32.04     372183
-17.57     10.84     32.04     373196
-17.57     10.84     31.92     374210
-17.57     10.84     31.92     375225
-17.57     10.84     31.92     376239
-17.73     10.84     31.92     377252
-17.73     10.84     31.92     378267
-17.73     10.84     32.04     379281
-17.90     10.84     31.92     380295
-17.90     10.73     32.04     381309
-17.90     10.84     31.92     382323
-17.90     10.73     31.92     383337
-17.90     10.73     31.92     384351
-18.06     10.73     31.92     385366
-18.06     10.73     31.92     386379
-18.06     10.73     31.92     387393
-18.06     10.51     31.92     388408
-18.06     10.62     31.92     389422
-18.22     10.62     31.92     390436
-18.22     10.62     31.92     391450
-18.22     10.62     31.92     392464
-18.22     10.62     31.92     393479
-18.22     10.51     31.92     394492
-18.39     10.62     31.92     395506
-18.39     10.51     31.92     396521
-18.39     10.51     31.92     397535
-18.39     10.51     31.92     398548
-18.55     10.51     31.92     399563
-18.39     10.51     31.92     400577
-18.39     10.51     31.92     401591
-18.55     10.40     31.92     402606
-18.55     10.40     31.92     403619
-18.55     10.40     31.92     404633
-18.72     10.40     31.92     405648
-18.55     10.40     31.92     406662
-18.72     10.40     31.92     407675
-18.72     10.40     31.92     408690
-18.72     10.40     31.92     409704
-18.72     10.40     31.92     410718
-18.88     10.29     31.92     411732
-18.88     10.29     31.92     412746
-18.88     10.29     31.92     413760
-18.88     10.29     31.92     414775
-18.88     10.29     31.92     415789
-18.88     10.29     31.92     416802
-18.88     10.29     31.92     417817
-19.05     10.29     31.92     418831
-19.05     10.40     31.92     419845
-19.05     10.18     31.92     420859
-19.05     10.29     31.92     421873
-19.05     10.18     31.92     422887
-19.05     10.18     31.92     423902
-19.22     10.18     31.92     424915
-19.22     10.18     31.92     425929
-19.22     10.07     31.92     426944
-19.22     10.07     31.92     427958
-19.22     10.07     31.92     428972
-19.22     10.07     31.92     429985
-19.38     10.07     31.92     431000
-19.22     10.07     31.92     432014
-19.22     9.96     31.92     433028
-19.38     9.96     31.92     434042
-19.38     9.96     31.92     435056
-19.38     10.07     31.92     436070
-19.55     9.96     31.92     437085
-19.55     10.07     31.92     438098
-19.38     9.96     31.92     439112
-19.55     9.85     32.04     440126
-19.55     9.96     31.92     441141
-19.55     9.96     32.04     442155
-19.72     9.85     32.04     443168
-19.55     9.96     32.04     444182
-19.55     9.85     32.04     445197
-19.72     9.85     32.04     446211
-19.72     9.85     32.04     447224
-19.72     9.74     32.04     448238
-19.72     9.85     32.04     449253
-19.72     9.85     32.04     450267
-19.72     9.85     32.04     451280
-19.89     9.74     32.04     452294
-19.89     9.74     32.04     453309
-19.89     9.74     32.04     454323
-19.89     9.74     32.04     455336
-19.89     9.74     32.04     456350
-19.89     9.63     32.04     457365
-19.89     9.74     32.04     458379
-20.06     9.63     32.04     459393
-19.89     9.63     32.04     460406
-20.06     9.63     32.04     461421
-20.06     9.63     32.04     462435
-20.06     9.63     32.04     463450
-20.06     9.63     32.04     464463
-20.06     9.63     32.04     465477
-20.06     9.63     32.04     466492
-20.06     9.63     32.04     467506
-20.24     9.63     31.92     468519
-20.24     9.63     31.92     469534
-20.06     9.52     31.92     470548
-20.24     9.52     31.92     471563
-20.24     9.52     31.92     472577
-20.24     9.52     31.92     473590
-20.24     9.52     31.92     474605
-20.24     9.52     32.04     475619
-20.24     9.52     31.92     476634
-20.24     9.52     31.92     477647
-20.24     9.52     31.92     478661
-20.41     9.52     31.92     479676
-20.41     9.41     31.92     480690
-20.41     9.41     32.04     481704
-20.41     9.41     32.04     482718
-20.41     9.41     32.04     483732
-20.58     9.41     32.04     484747
-20.58     9.41     32.04     485761
-20.41     9.41     32.04     486775
-20.58     9.41     32.04     487789
-20.58     9.41     32.04     488803
-20.58     9.41     32.04     489818
-20.58     9.30     32.04     490831
-20.58     9.30     32.04     491846
-20.58     9.30     32.04     492860
-20.76     9.30     32.04     493874
-20.76     9.30     32.04     494888
-20.58     9.30     32.04     495902
-20.76     9.30     32.04     496917
-20.76     9.19     32.04     497931
-20.76     9.30     31.92     498945
-20.76     9.19     32.04     499959
-20.93     9.19     32.04     500973
-20.76     9.08     32.04     501988
-20.93     9.19     32.04     503002
-20.76     9.19     32.04     504016
-20.76     9.19     32.04     505030
-20.93     9.19     32.04     506045
-20.93     9.19     32.04     507059
-20.93     9.19     31.92     508073
-20.93     9.08     31.92     509087
-20.93     9.19     31.92     510101
-21.11     9.19     31.92     511116
-20.93     9.08     31.92     512130
-21.11     9.08     31.92     513144
-21.11     9.08     31.92     514158
-21.11     9.08     31.92     515173
-21.11     9.08     31.92     516187
-21.11     9.08     31.80     517201
-21.11     9.08     31.92     518215
-21.11     9.08     31.92     519229
-21.11     9.08     31.92     520244
-21.11     9.08     31.92     521257
-21.11     9.08     31.92     522272
-21.29     9.08     31.92     523286
-21.11     8.97     31.92     524301
-21.29     8.97     31.80     525315
-21.29     8.97     31.80     526329
-21.29     8.86     31.92     527343
-21.29     8.97     31.80     528357
-21.29     8.97     31.80     529372
-21.29     8.97     31.92     530385
-21.29     8.97     31.80     531400
-21.29     8.97     31.80     532414
-21.46     8.86     31.80     533429
-21.29     8.86     31.80     534443
-21.46     8.86     31.80     535457
-21.29     8.86     31.80     536471
-21.46     8.97     31.92     537486
-21.46     8.86     31.80     538500
-21.46     8.86     31.80     539513
-21.46     8.86     31.80     540528
-21.46     8.86     31.80     541542
-21.46     8.86     31.80     542557
-21.46     8.86     31.92     543570
-21.46     8.86     31.80     544585
-21.64     8.86     31.80     545599
-21.46     8.75     31.80     546614
-21.64     8.75     31.92     547628
-21.64     8.75     31.92     548641
-21.64     8.75     31.80     549656
-21.64     8.75     31.80     550670
-21.64     8.75     31.80     551685
-21.64     8.75     31.80     552698
-21.64     8.75     31.80     553712
-21.64     8.75     31.80     554727
-21.64     8.75     31.80     555741
-21.64     8.75     31.68     556754
-21.64     8.75     31.80     557769
-21.64     8.75     31.80     558783
-21.82     8.75     31.92     559798
-21.82     8.75     31.80     560812
-21.82     8.75     31.80     561826
-21.82     8.64     31.80     562840
-21.82     8.75     31.92     563855
-21.82     8.64     31.80     564869
-21.82     8.64     31.92     565883
-21.82     8.64     31.92     566897
-21.82     8.64     31.92     567912
-21.82     8.64     31.92     568926
-21.82     8.64     31.92     569939
-21.82     8.64     31.92     570954
-22.00     8.64     31.92     571968
-22.00     8.64     31.92     572983
-22.00     8.64     31.92     573997
-21.82     8.53     31.92     575011
-21.82     8.64     31.92     576025
-22.00     8.64     31.92     577040
-22.00     8.42     31.92     578054
-22.00     8.53     31.92     579068
-22.00     8.53     31.92     580082
-22.00     8.53     31.92     581096
-22.00     8.53     31.92     582111
-22.00     8.53     31.92     583124
-22.00     8.53     31.92     584139
-22.00     8.42     31.92     585153
-22.00     8.53     31.92     586168
-22.00     8.53     31.92     587182
-22.18     8.53     31.92     588196
-22.18     8.53     31.92     589210
-22.18     8.53     31.92     590225
-22.18     8.53     31.80     591239
-22.18     8.53     31.92     592253
-22.18     8.53     31.80     593267
-22.18     8.53     31.80     594282
-22.18     8.53     31.80     595296
-22.18     8.53     31.80     596310
-22.18     8.42     31.80     597324
-22.18     8.53     31.80     598338
-22.18     8.53     31.80     599353
-22.37     8.42     31.80     600367
-22.18     8.42     31.80     601381
-22.18     8.42     31.80     602395
-22.37     8.42     31.80     603410
-22.37     8.42     31.80     604424
-22.37     8.42     31.80     605437
-22.37     8.42     31.80     606452
-22.37     8.53     31.80     607466
-22.37     8.42     31.80     608481
-22.37     8.42     31.80     609495
-22.37     8.42     31.80     610509
-22.37     8.42     31.92     611523
-22.37     8.31     31.92     612537
-22.37     8.42     31.80     613552
-22.37     8.42     31.80     614565
-22.37     8.42     31.92     615580
-22.37     8.31     31.80     616594
-22.37     8.31     31.80     617608
-22.55     8.31     31.80     618622
-22.55     8.42     31.92     619636
-22.55     8.31     31.80     620651
-22.55     8.31     31.80     621665
-22.55     8.31     31.92     622680
-22.55     8.31     31.92     623693
-22.55     8.31     31.80     624708
-22.55     8.31     31.92     625723
-22.55     8.31     31.80     626737
-22.55     8.31     31.80     627751
-22.55     8.20     31.92     628765
-22.55     8.31     31.92     629780
-22.55     8.31     31.80     630794
-22.55     8.31     31.92     631809
-22.55     8.31     31.80     632822
-22.55     8.20     31.80     633837
-22.55     8.20     31.80     634852
-22.55     8.20     31.92     635866
-22.55     8.31     31.92     636880
-22.55     8.31     31.80     637894
-22.55     8.20     31.80     638909
-22.73     8.20     31.80     639923
-22.73     8.20     31.80     640937
-22.55     8.20     31.80     641951
-22.55     8.09     31.80     642966
-22.73     8.20     31.80     643981
-22.73     8.20     31.80     644995
-22.73     8.20     31.80     646009
-22.73     8.20     31.80     647023
-22.73     8.20     31.80     648038
-22.73     8.20     31.80     649052
-22.73     8.20     31.80     650066
-22.92     8.20     31.80     651080
-22.92     8.09     31.80     652095
-22.73     8.20     31.80     653110
-22.73     8.09     31.80     654124
-22.92     8.09     31.80     655138
-22.73     8.09     31.80     656152
-22.73     8.09     31.80     657167
-22.73     8.09     31.92     658181
-22.92     8.09     31.80     659195
-22.92     8.09     31.80     660209
-22.92     8.09     31.80     661224
-22.73     8.09     31.80     662239
-22.92     8.09     31.80     663252
-22.92     8.09     31.92     664267
-22.92     8.09     31.80     665281
-22.92     8.09     31.80     666296
-22.92     8.09     31.80     667310
-22.92     8.09     31.92     668324
-22.92     8.09     31.80     669338
-22.92     8.09     31.80     670353
-22.92     8.09     31.80     671367
-22.92     7.98     31.80     672381
-22.92     7.98     31.80     673396
-22.92     7.98     31.80     674410
-22.92     7.98     31.92     675425
-22.92     7.98     31.80     676439
-23.11     7.98     31.92     677453
-22.92     7.98     31.80     678467
-23.11     7.98     31.92     679482
-23.11     7.98     31.80     680496
-23.11     7.98     31.92     681510
-23.11     7.98     31.80     682525
-23.11     7.86     31.80     683539
-23.11     7.98     31.80     684554
-23.11     7.98     31.80     685568
-23.11     7.98     31.80     686582
-23.11     7.98     31.92     687596
-23.11     7.98     31.92     688611
-23.11     7.98     31.92     689625
-23.11     7.98     31.80     690639
-23.11     7.86     31.80     691654
-23.11     7.98     31.80     692668
-23.11     7.86     31.80     693683
-23.11     7.86     31.80     694696
-23.11     7.98     31.80     695711
-23.11     7.86     31.80     696725
-23.11     7.86     31.80     697740
-23.29     7.86     31.80     698755
-23.11     7.86     31.80     699768
-23.11     7.86     31.80     700783
-23.11     7.86     31.80     701797
-23.29     7.86     31.80     702812
-23.29     7.86     31.80     703825
-23.29     7.86     31.80     704840
-23.29     7.86     31.80     705855
-23.29     7.86     31.80     706869
-23.29     7.86     31.80     707884
-23.29     7.86     31.80     708897
-23.29     7.86     31.80     709912
-23.29     7.75     31.80     710927
-23.29     7.86     31.80     711941
-23.29     7.86     31.80     712955
-23.29     7.86     31.80     713970
-23.29     7.86     31.80     714984
-23.29     7.86     31.80     715999
-23.29     7.86     31.80     717014
-23.29     7.86     31.80     718027
-23.29     7.75     31.80     719042
-23.29     7.75     31.80     720056
-23.29     7.75     31.80     721071
-23.29     7.75     31.80     722085
-23.29     7.75     31.68     723099
-23.29     7.75     31.80     724114
-23.48     7.75     31.80     725129
-23.29     7.75     31.80     726142
-23.48     7.75     31.80     727157
-23.48     7.75     31.80     728171
-23.48     7.75     31.80     729186
-23.29     7.75     31.80     730201
-23.48     7.75     31.68     731214
-23.48     7.75     31.80     732229
-23.29     7.75     31.80     733244
-23.48     7.75     31.80     734258
-23.48     7.75     31.80     735272
-23.48     7.75     31.80     736287
-23.48     7.75     31.80     737301
-23.48     7.64     31.80     738316
-23.48     7.75     31.80     739330
-23.48     7.75     31.80     740344
-23.48     7.75     31.80     741359
-23.48     7.75     31.68     742373
-23.48     7.75     31.80     743388
-23.48     7.75     31.80     744402
-23.48     7.75     31.80     745416
-23.48     7.75     31.80     746431
-23.48     7.64     31.80     747446
-23.48     7.64     31.80     748460
-23.48     7.75     31.80     749474
-23.48     7.64     31.80     750488
-23.48     7.64     31.68     751503
-23.48     7.75     31.68     752518
-23.48     7.64     31.68     753531
-23.48     7.64     31.68     754546
-23.67     7.64     31.68     755560
-23.48     7.64     31.68     756575
-23.67     7.64     31.68     757590
-23.67     7.64     31.68     758603
-23.48     7.64     31.68     759618
-23.67     7.64     31.68     760633
-23.48     7.64     31.56     761647
-23.67     7.64     31.68     762661
-23.67     7.64     31.68     763675
-23.67     7.64     31.68     764690
-23.67     7.64     31.56     765705
-23.67     7.64     31.56     766718
-23.67     7.64     31.68     767733
-23.67     7.64     31.68     768747
-23.67     7.64     31.68     769762
-23.67     7.64     31.68     770777
-23.67     7.64     31.68     771790
-23.67     7.64     31.68     772805
-23.67     7.75     31.68     773819
-23.67     7.64     31.68     774834
-23.67     7.64     31.68     775848
-23.67     7.64     31.68     776862
-23.67     7.53     31.68     777877
-23.67     7.64     31.68     778892
-23.67     7.64     31.68     779906
-23.67     7.64     31.56     780920
-23.67     7.64     31.68     781934
-23.67     7.53     31.68     782949
-23.67     7.64     31.68     783964
-23.67     7.53     31.56     784977
-23.86     7.53     31.56     785992
-23.67     7.53     31.56     787007
-23.67     7.53     31.68     788021
-23.67     7.53     31.56     789036
-23.86     7.53     31.68     790050
-23.67     7.53     31.56     791064
-23.67     7.53     31.56     792079
-23.67     7.53     31.68     793093
-23.67     7.53     31.56     794107
-23.86     7.53     31.56     795122
-23.67     7.53     31.56     796136
-23.86     7.53     31.56     797151
-23.86     7.53     31.56     798166
-23.67     7.53     31.56     799179
-23.86     7.53     31.56     800194
-23.86     7.53     31.56     801209
-23.86     7.53     31.56     802223
-23.86     7.53     31.56     803237
-23.86     7.53     31.56     804252
-23.86     7.53     31.56     805266
-23.67     7.53     31.56     806281
-23.86     7.53     31.68     807296
-23.86     7.53     31.68     808309
-23.86     7.53     31.56     809324
-23.86     7.53     31.56     810339
-23.86     7.53     31.56     811353
-23.86     7.53     31.56     812367
-23.86     7.53     31.56     813381
-23.86     7.53     31.56     814396
-23.86     7.53     31.56     815411
-23.86     7.53     31.56     816424
-23.86     7.53     31.56     817439
-24.05     7.53     31.56     818454
-24.05     7.42     31.56     819468
-23.86     7.42     31.56     820483
-23.86     7.42     31.56     821497
-23.86     7.53     31.56     822511
-23.86     7.53     31.56     823526
-23.86     7.42     31.56     824541
-23.86     7.64     31.56     825554
-24.05     7.42     31.56     826569
-23.86     7.42     31.56     827583
-24.05     7.42     31.68     828598
-23.86     7.42     31.68     829613
-23.86     7.42     31.68     830626
-23.86     7.42     31.68     831641
-23.86     7.42     31.68     832656
-24.05     7.42     31.68     833670
-23.86     7.53     31.68     834684
-24.05     7.53     31.68     835698
-23.86     7.53     31.68     836713
-23.86     7.53     31.68     837728
-23.86     7.53     31.80     838742
-24.05     7.53     31.68     839756
-24.05     7.53     31.80     840771
-23.86     7.53     31.68     841785
-23.86     7.64     31.80     842800
-23.86     7.64     31.80     843813
-24.05     7.64     31.80     844828
-24.05     7.64     31.68     845843
-24.05     7.53     31.80     846857
-24.05     7.64     31.80     847872
-23.86     7.75     31.80     848886
-23.86     7.75     31.80     849900
-23.86     7.64     31.80     850915
-23.86     7.75     31.80     851929
-23.86     7.75     31.80     852943
-24.05     7.75     31.80     853958
-24.05     7.75     31.80     854972
-23.86     7.75     31.80     855987
-23.86     7.75     31.80     857001
-23.86     7.86     31.80     858015
-24.05     7.75     31.80     859030
-23.86     7.75     31.80     860045
-23.86     7.75     31.80     861059
-23.86     7.75     31.80     862073
-23.86     7.75     31.92     863087
-23.86     7.75     31.80     864102
-23.86     7.75     31.92     865117
-23.86     7.75     31.92     866130
-23.86     7.75     31.92     867145
-23.86     7.75     31.92     868160
-23.86     7.75     31.92     869174
-23.86     7.64     31.92     870189
-23.86     7.75     31.92     871203
-23.86     7.75     31.92     872217
-23.86     7.75     31.92     873232
-23.86     7.64     31.92     874246
-23.86     7.75     31.92     875260
-23.86     7.64     31.92     876275
-23.86     7.64     31.92     877289
-23.86     7.75     31.92     878304
-23.86     7.64     31.92     879319
-23.86     7.64     31.92     880332
-23.86     7.64     31.92     881347
-23.86     7.64     31.92     882362
-23.86     7.64     31.80     883376
-23.86     7.64     31.92     884390
-23.86     7.64     31.92     885404
-23.86     7.64     31.92     886419
-23.86     7.64     31.92     887434
-23.86     7.64     31.80     888448
-23.86     7.64     31.92     889462
-23.86     7.64     31.80     890477
-23.86     7.64     31.80     891491
-23.86     7.64     31.80     892506
-23.86     7.53     31.92     893520
-23.86     7.64     31.80     894534
-23.86     7.64     31.80     895549
-23.86     7.53     31.80     896564
-23.86     7.53     31.80     897577
-23.86     7.53     31.80     898592
-23.86     7.53     31.80     899606
-23.86     7.53     31.80     900621
-23.86     7.53     31.80     901636
-23.86     7.53     31.80     902649
-23.86     7.53     31.80     903664
-23.86     7.53     31.80     904679
-23.86     7.42     31.80     905693
-23.86     7.53     31.80     906707
-23.86     7.42     31.80     907722
-23.86     7.53     31.80     908736
-23.86     7.42     31.80     909751
-23.86     7.42     31.80     910766
-23.86     7.42     31.80     911779
-23.86     7.42     31.80     912794
-23.86     7.42     31.80     913809
-23.86     7.42     31.80     914823
-23.86     7.42     31.80     915837
-23.86     7.42     31.68     916852
-23.86     7.42     31.80     917866
-23.86     7.42     31.80     918881
-23.86     7.42     31.80     919895
-23.86     7.42     31.80     920909
-23.86     7.42     31.80     921924
-23.86     7.42     31.68     922938
-24.05     7.31     31.80     923953
-23.86     7.42     31.80     924967
-23.86     7.42     31.68     925981
-23.86     7.31     31.80     926996
-23.86     7.31     31.68     928011
-23.86     7.31     31.68     929025
-23.86     7.31     31.68     930039
-23.86     7.31     31.68     931054
-24.05     7.31     31.80     932068
-24.05     7.31     31.80     933083
-24.05     7.31     31.68     934097
-24.05     7.31     31.68     935111
-24.05     7.31     31.68     936126
-24.05     7.31     31.80     937141
-24.05     7.31     31.80     938155
-23.86     7.31     31.80     939169
-24.05     7.31     31.68     940184
-24.05     7.31     31.68     941198
-23.86     7.31     31.68     942213
-24.05     7.31     31.68     943227
-23.86     7.20     31.68     944241
-24.05     7.20     31.80     945256
-23.86     7.20     31.68     946271
-24.05     7.31     31.68     947284
-24.05     7.20     31.68     948299
-24.05     7.20     31.68     949314
-24.05     7.09     31.68     950328
-23.86     7.31     31.68     951343
-24.05     7.20     31.68     952357
-24.05     7.20     31.68     953371
-23.86     7.20     31.68     954386
-24.05     7.20     31.68     955400
-24.05     7.20     31.80     956414
-24.05     7.20     31.80     957429
-24.05     7.20     31.80     958443
-24.05     7.20     31.80     959458
-24.05     7.20     31.80     960473
-24.05     7.20     31.80     961486
-24.05     7.20     31.80     962501
-24.05     7.09     31.68     963516
-24.05     7.09     31.80     964530
-24.05     7.09     31.80     965544
-24.05     7.09     31.80     966559
-24.05     7.09     31.80     967574
-23.86     7.09     31.80     968588
-24.05     7.09     31.68     969603
-24.05     7.09     31.80     970617
-24.05     7.09     31.80     971631
-24.05     7.09     31.80     972646
-24.05     7.09     31.80     973661
-24.05     7.09     31.80     974674
-24.25     7.09     31.80     975689
-24.05     7.09     31.80     976704
-24.05     7.09     31.80     977719
-24.05     6.98     31.80     978733
-24.05     7.09     31.80     979747
-24.05     7.09     31.80     980762
-24.25     7.09     31.80     981776
-24.05     7.09     31.80     982791
-24.05     6.98     31.92     983805
-24.05     6.98     31.80     984820
-24.05     6.98     31.80     985834
-24.25     6.98     31.80     986849
-24.25     6.98     31.80     987864
-24.25     6.98     31.80     988877
-24.25     6.98     31.80     989892
-24.25     6.98     31.92     990907
-24.25     6.98     31.92     991922
-24.25     6.98     31.80     992935
-24.05     6.98     31.80     993950
-24.25     6.98     31.80     994965
-24.25     6.98     31.80     995979
-24.25     6.98     31.80     996994
-24.25     6.86     31.80     998008
-24.05     6.98     31.92     999023
-24.25     6.86     31.80     1000037
-24.25     6.98     31.80     1001052
-24.25     6.86     31.92     1002066
-24.25     6.98     31.80     1003081
-24.25     6.98     31.80     1004095
-24.25     6.86     31.80     1005110
-24.25     6.86     31.80     1006125
-24.25     6.86     31.92     1007139
-24.25     6.86     31.92     1008153
-24.25     6.86     31.92     1009168
-24.25     6.86     31.92     1010183
-24.25     6.86     32.04     1011197
-24.25     6.86     31.80     1012211
-24.25     6.86     31.92     1013226
-24.25     6.86     31.92     1014241
-24.25     6.86     31.92     1015256
-24.25     6.86     31.80     1016269
-24.25     6.86     31.92     1017284
-24.25     6.75     31.92     1018299
-24.25     6.86     31.92     1019314
-24.25     6.75     31.92     1020328
-24.44     6.86     31.92     1021342
-24.25     6.86     31.92     1022357
-24.25     6.75     31.92     1023372
-24.25     6.86     31.92     1024387
-24.25     6.86     31.92     1025400
-24.25     6.86     31.92     1026415
-24.25     6.86     31.92     1027430
-24.25     6.86     31.92     1028445
-24.25     6.86     31.80     1029458
-24.44     6.86     31.80     1030473
-24.44     6.86     31.80     1031488
-24.25     6.86     31.80     1032503
-24.44     6.86     31.80     1033518
-24.25     6.86     31.80     1034531
-24.25     6.86     31.80     1035546
-24.25     6.86     31.80     1036561
-24.25     6.86     31.80     1037576
-24.44     6.86     31.80     1038589
-24.44     6.86     31.68     1039604
-24.25     6.86     31.80     1040619
-24.44     6.86     31.80     1041634
-24.25     6.75     31.80     1042649
-24.44     6.86     31.80     1043663
-24.44     6.86     31.80     1044677
-24.25     6.75     31.80     1045692
-24.44     6.86     31.80     1046707
-24.25     6.75     31.80     1047721
-24.44     6.75     31.68     1048736
-24.44     6.75     31.80     1049751
-24.25     6.86     31.80     1050766
-24.44     6.75     31.80     1051781
-24.44     6.75     31.80     1052794
-24.44     6.75     31.80     1053809
-24.44     6.75     31.80     1054824
-24.44     6.75     31.80     1055839
-24.44     6.75     31.92     1056854
-24.44     6.75     31.92     1057868
-24.25     6.75     31.80     1058883
-24.44     6.75     31.80     1059898
-24.44     6.75     31.80     1060913
-24.25     6.64     31.80     1061926
-24.44     6.75     31.80     1062941
-24.44     6.75     31.80     1063956
-24.44     6.75     31.80     1064971
-24.44     6.75     31.80     1065986
-24.44     6.75     31.80     1067000
-24.44     6.75     31.80     1068015
-24.44     6.64     31.80     1069030
-24.44     6.75     31.80     1070045
-24.44     6.75     31.80     1071059
-24.44     6.75     31.80     1072073
-24.44     6.64     31.80     1073088
-24.44     6.75     31.80     1074103
-24.44     6.75     31.80     1075118
-24.44     6.75     31.80     1076132
-24.44     6.64     31.80     1077147
-24.44     6.64     31.80     1078162
-24.44     6.64     31.80     1079177
-24.44     6.64     31.80     1080192
-24.44     6.64     31.80     1081206
-24.44     6.64     31.80     1082221
-24.44     6.64     31.80     1083235
-24.44     6.86     31.80     1084250
-24.44     6.64     31.80     1085264
-24.44     6.64     31.80     1086279
-24.44     6.64     31.80     1087294
-24.44     6.64     31.80     1088309
-24.44     6.64     31.80     1089324
-24.44     6.64     31.80     1090338
-24.64     6.64     31.80     1091353
-24.44     6.64     31.80     1092368
-24.44     6.64     31.80     1093382
-24.44     6.64     31.80     1094396
-24.64     6.64     31.80     1095411
-24.44     6.75     31.80     1096426
-24.44     6.64     31.80     1097441
-24.44     6.64     31.80     1098456
-24.64     6.64     31.80     1099470
-24.44     6.64     31.80     1100485
-24.44     6.64     31.80     1101500
-24.64     6.64     31.80     1102515
-24.64     6.64     31.80     1103528
-24.44     6.64     31.80     1104543
-24.64     6.64     31.68     1105558
-24.64     6.64     31.80     1106573
-24.64     6.64     31.80     1107588
-24.44     6.64     31.80     1108602
-24.64     6.53     31.80     1109617
-24.64     6.64     31.80     1110632
-24.64     6.64     31.92     1111647
-24.44     6.64     31.80     1112662
-24.64     6.53     31.80     1113675
-24.64     6.53     31.80     1114690
-24.64     6.75     31.80     1115705
-24.44     6.64     31.80     1116720
-24.64     6.53     31.80     1117734
-24.64     6.53     31.80     1118749
-24.64     6.53     31.92     1119764
-24.64     6.53     31.80     1120778
-24.64     6.53     31.80     1121793
-24.64     6.53     31.80     1122807
-24.64     6.53     31.80     1123822
-24.64     6.53     31.80     1124837
-24.64     6.53     31.80     1125852
-24.44     6.53     31.80     1126866
-24.64     6.53     31.80     1127880
-24.64     6.53     31.92     1128895
-24.64     6.53     31.80     1129910
-24.64     6.53     31.80     1130925
-24.64     6.53     31.80     1131939
-24.64     6.53     31.80     1132954
-24.64     6.53     31.80     1133968
-24.64     6.53     31.80     1134983
-24.64     6.53     31.80     1135997
-24.64     6.53     31.80     1137012
-24.64     6.53     31.92     1138027
-24.64     6.53     31.80     1139042
-24.64     6.53     31.80     1140056
-24.64     6.53     31.80     1141070
-24.64     6.53     31.80     1142085
-24.64     6.53     31.92     1143100
-24.64     6.53     31.92     1144115
-24.83     6.53     31.92     1145129
-24.64     6.53     31.92     1146143
-24.64     6.53     31.80     1147158
-24.64     6.53     31.92     1148173
-24.64     6.53     31.92     1149188
-24.64     6.53     31.80     1150202
-24.64     6.53     31.80     1151217
-24.64     6.53     31.80     1152232
-24.64     6.53     31.80     1153246
-24.64     6.53     31.80     1154260
-24.64     6.53     31.80     1155275
-24.64     6.53     31.80     1156290
-24.64     6.53     31.80     1157305
-24.64     6.53     31.92     1158320
-24.64     6.53     31.92     1159333
-24.64     6.42     31.80     1160348
-24.64     6.53     31.92     1161363
-24.64     6.42     31.92     1162378
-24.83     6.53     31.80     1163393
-24.64     6.42     31.80     1164407
-24.64     6.53     31.80     1165421
-24.64     6.42     31.80     1166436
-24.83     6.42     31.80     1167451
-24.64     6.53     31.80     1168465
-24.64     6.42     31.80     1169480
-24.83     6.42     31.80     1170495
-24.83     6.42     31.80     1171509
-24.64     6.53     31.80     1172524
-24.64     6.42     31.80     1173538
-24.83     6.53     31.80     1174553
-24.64     6.53     31.80     1175568
-24.64     6.42     31.92     1176583
-24.83     6.42     31.80     1177596
-24.64     6.42     31.80     1178611
-24.64     6.42     31.68     1179626
-24.64     6.42     31.80     1180641
-24.64     6.42     31.92     1181656
-24.83     6.42     31.92     1182669
-24.64     6.42     31.80     1183684
-24.64     6.42     31.80     1184699
-24.83     6.42     31.80     1185714
-24.64     6.42     31.80     1186728
-24.64     6.42     31.80     1187742
-24.64     6.42     31.80     1188757
-24.83     6.42     31.80     1189772
-24.83     6.42     31.80     1190787
-24.83     6.31     31.80     1191801
-24.64     6.42     31.80     1192815
-24.83     6.42     31.80     1193830
-24.83     6.42     31.80     1194845
-24.83     6.42     31.80     1195859
-24.83     6.53     31.80     1196873
-24.83     6.42     31.80     1197888
-24.83     6.31     31.80     1198903
-24.64     6.42     31.80     1199918
-24.83     6.42     31.80     1200932
-24.83     6.42     31.80     1201946
-24.83     6.31     31.80     1202961
-24.83     6.42     31.80     1203976
-24.64     6.42     31.80     1204990
-24.83     6.42     31.80     1206005
-24.83     6.42     31.92     1207019
-24.83     6.42     31.80     1208034
-24.83     6.42     31.80     1209049
-24.83     6.42     31.80     1210063
-24.83     6.42     31.80     1211077
-24.83     6.42     31.80     1212092
-24.83     6.42     31.80     1213107
-24.83     6.42     31.80     1214121
-24.83     6.42     31.92     1215135
-24.83     6.31     31.92     1216150
-24.83     6.42     31.80     1217165
-24.83     6.31     31.92     1218179
-24.83     6.42     31.92     1219193
-24.83     6.42     31.80     1220208
-24.83     6.42     31.80     1221223
-24.83     6.42     31.80     1222237
-24.83     6.42     31.92     1223251
-24.83     6.42     31.80     1224266
-24.83     6.42     31.80     1225281
-24.83     6.31     31.80     1226295
-24.83     6.42     31.80     1227310
-24.83     6.42     31.80     1228324
-24.83     6.42     31.80     1229339
-24.83     6.31     31.80     1230353
-24.83     6.31     31.80     1231368
-24.83     6.31     31.92     1232382
-24.83     6.31     31.80     1233396
-24.83     6.31     31.80     1234411
-24.64     6.31     31.80     1235426
-24.83     6.31     31.80     1236440
-24.83     6.31     31.80     1237454
-24.83     6.42     31.80     1238469
-24.83     6.31     31.80     1239483
-24.83     6.31     31.80     1240498
-24.83     6.31     31.80     1241512
-24.83     6.31     31.92     1242526
-24.83     6.31     31.92     1243541
-24.83     6.31     31.92     1244556
-24.64     6.31     31.92     1245570
-24.83     6.31     31.92     1246584
-24.83     6.31     31.92     1247599
-24.83     6.31     31.92     1248613
-24.83     6.31     31.92     1249628
-24.83     6.31     31.92     1250642
-24.83     6.31     31.92     1251656
-24.83     6.31     31.80     1252671
-24.83     6.31     31.92     1253685
-24.83     6.42     31.92     1254700
-24.83     6.31     31.92     1255714
-24.83     6.31     31.92     1256728
-24.83     6.31     31.92     1257743
-24.83     6.31     31.92     1258758
-24.83     6.31     31.80     1259771
-24.83     6.31     31.92     1260786
-24.64     6.31     31.80     1261801
-24.83     6.31     31.80     1262815
-24.83     6.31     31.80     1263830
-24.83     6.31     31.80     1264844
-24.83     6.31     31.80     1265858
-24.83     6.31     31.80     1266873
-24.83     6.31     31.80     1267888
-25.03     6.31     31.80     1268901
-24.83     6.31     31.80     1269916
-24.83     6.31     31.80     1270930
-24.83     6.31     31.80     1271945
-24.83     6.31     31.80     1272960
-24.83     6.31     31.80     1273973
-24.83     6.31     31.80     1274988
-24.83     6.20     31.80     1276003
-24.83     6.31     31.80     1277017
-24.83     6.31     31.80     1278031
-24.83     6.31     31.80     1279046
-24.83     6.31     31.80     1280060
-25.03     6.31     31.80     1281075
-25.03     6.31     31.92     1282089
-25.03     6.31     31.80     1283103
-24.83     6.31     31.80     1284118
-24.83     6.31     31.92     1285133
-24.83     6.31     31.92     1286147
-24.83     6.31     31.92     1287161
-24.83     6.31     31.92     1288175
-25.03     6.31     31.92     1289190
-24.83     6.31     31.92     1290205
-24.83     6.42     31.92     1291218
-25.03     6.31     31.92     1292233
-24.83     6.31     31.92     1293248
-24.83     6.31     32.04     1294262
-24.83     6.31     31.92     1295277
-24.83     6.31     32.04     1296290
-25.03     6.31     31.92     1297305
-25.03     6.31     31.92     1298320
-24.83     6.31     32.04     1299334
-25.03     6.31     32.04     1300348
-24.83     6.31     32.04     1301363
-25.03     6.31     32.04     1302377
-24.83     6.31     32.04     1303392
-25.03     6.31     31.92     1304406
-25.03     6.31     31.92     1305420
-25.03     6.31     32.04     1306434
-24.83     6.31     31.92     1307449
-24.83     6.31     31.92     1308463
-25.03     6.31     32.04     1309477
-24.83     6.20     31.92     1310491
-25.03     6.20     31.92     1311505
-24.83     6.20     31.92     1312520
-24.83     6.20     31.92     1313533
-25.03     6.31     31.92     1314548
-25.03     6.20     31.92     1315562
-25.03     6.20     31.92     1316576
-24.83     6.20     31.92     1317590
-24.83     6.20     31.92     1318603
-25.03     6.20     31.92     1319617
-24.83     6.08     31.92     1320632
-25.03     6.20     31.92     1321646
-24.83     6.20     31.92     1322659
-24.83     6.20     31.92     1323673
-25.03     6.20     31.92     1324688
-24.83     6.20     31.92     1325702
-25.03     6.20     32.04     1326715
-25.03     6.20     31.92     1327729
-25.03     6.31     31.92     1328744
-25.03     6.31     31.92     1329758
-25.03     6.20     31.80     1330771
-25.03     6.31     31.80     1331785
-25.03     6.20     31.80     1332800
-24.83     6.31     31.80     1333814
-24.83     6.31     31.80     1334828
-24.83     6.31     31.80     1335841
-25.03     6.31     31.80     1336856
-25.03     6.31     31.80     1337870
-25.03     6.20     31.80     1338884
-25.03     6.31     31.92     1339897
-25.03     6.20     31.80     1340911
-25.03     6.20     31.80     1341925
-25.03     6.20     31.92     1342940
-25.03     6.20     31.92     1343953
-25.03     6.20     31.92     1344967
-24.83     6.20     31.92     1345981
-25.03     6.20     31.92     1346995
-25.03     6.20     31.92     1348008
-25.03     6.20     31.92     1349022
-25.03     6.20     31.80     1350036
-25.03     6.20     31.80     1351050
-24.83     6.20     31.80     1352065
-24.83     6.20     31.80     1353078
-24.83     6.20     31.80     1354092
-25.03     6.20     31.92     1355106
-25.03     6.20     31.80     1356120
-25.03     6.31     31.80     1357133
-25.03     6.20     31.80     1358147
-25.03     6.20     31.80     1359161
-25.03     6.20     31.92     1360175
-25.03     6.20     31.80     1361188
-24.83     6.20     31.92     1362202
-24.83     6.20     31.92     1363216
-25.03     6.20     31.80     1364231
-25.03     6.08     31.92     1365244
-25.03     6.08     31.92     1366258
-25.03     6.20     31.92     1367272
-25.03     6.08     31.92     1368287
-25.03     6.08     31.92     1369300
-25.03     6.08     31.92     1370315
-25.03     6.08     31.92     1371329
-25.03     6.08     31.92     1372343
-25.03     6.08     31.92     1373358
-25.03     6.08     31.92     1374371
-25.03     6.08     31.92     1375386
-25.03     6.08     31.92     1376400
-25.03     6.08     31.92     1377415
-25.03     6.20     31.92     1378428
-25.03     6.08     31.92     1379443
-25.03     6.08     31.92     1380457
-25.03     6.08     31.92     1381472
-25.03     6.08     31.92     1382486
-25.03     6.08     31.92     1383500
-25.03     6.08     31.92     1384514
-25.03     6.08     31.92     1385529
-25.03     6.08     31.92     1386543
-24.83     6.08     31.80     1387557
-25.03     6.08     31.80     1388571
-25.03     6.08     31.80     1389586
-25.03     6.08     31.80     1390600
-25.03     6.08     31.80     1391614
-25.03     6.08     31.80     1392628
-25.03     6.08     31.80     1393643
-25.03     6.08     31.80     1394657
-25.03     6.08     31.92     1395672
-25.03     6.08     31.92     1396685
-25.03     6.08     31.80     1397700
-25.03     6.08     31.80     1398714
-25.03     6.08     31.80     1399729
-25.03     6.08     31.80     1400742
-25.03     6.08     31.80     1401757
-25.03     6.20     31.80     1402771
-25.03     6.08     31.80     1403786
-25.03     6.08     31.80     1404800
-25.03     6.08     31.80     1405814
-25.03     6.08     31.80     1406828
-25.03     6.08     31.80     1407843
-25.03     5.97     31.80     1408857
-25.03     6.08     31.80     1409871
-25.03     6.08     31.80     1410885
-25.03     5.97     31.80     1411900
-25.03     5.97     31.80     1412915
-25.03     5.86     31.80     1413928
-25.03     5.97     31.80     1414943
-25.23     5.97     31.80     1415958
-25.03     5.97     31.80     1416972
-25.03     6.08     31.80     1417987
-25.03     6.08     31.80     1419001
-25.03     5.97     31.80     1420015
-25.03     5.97     31.80     1421030
-25.03     5.97     31.80     1422044
-25.03     5.97     31.80     1423058
-24.83     5.97     31.80     1424073
-24.83     5.97     31.80     1425087
-25.03     5.97     31.80     1426102
-25.03     5.97     31.68     1427117
-24.83     5.97     31.80     1428130
-25.03     5.97     31.80     1429145
-25.03     6.08     31.68     1430160
-24.83     5.97     31.80     1431174
-25.03     5.97     31.68     1432188
-25.03     5.97     31.68     1433202
-25.03     5.97     31.68     1434217
-25.03     5.97     31.68     1435232
-25.03     6.08     31.68     1436246
-25.03     5.97     31.68     1437260
-24.83     5.97     31.80     1438275
-25.03     5.97     31.68     1439289
-25.03     5.97     31.68     1440304
-25.03     6.08     31.80     1441317
-25.03     5.97     31.68     1442332
-24.83     5.97     31.80     1443347
-25.03     5.97     31.68     1444361
-25.03     5.97     31.68     1445376
-25.03     5.97     31.68     1446390
-25.03     5.97     31.68     1447404
-25.03     5.97     31.68     1448419
-25.03     5.97     31.68     1449434
-25.03     5.97     31.68     1450447
-24.83     5.97     31.68     1451462
-25.03     5.86     31.68     1452476
-25.03     5.97     31.68     1453491
-25.03     5.97     31.68     1454505
-25.03     5.97     31.68     1455519
-25.03     5.86     31.68     1456534
-25.03     5.86     31.68     1457549
-25.03     5.86     31.68     1458563
-25.03     5.86     31.68     1459577
-25.03     5.86     31.68     1460591
-25.03     5.86     31.68     1461606
-25.03     5.86     31.68     1462621
-25.03     5.86     31.68     1463634
-25.03     5.86     31.68     1464649
-24.83     5.86     31.68     1465664
-25.03     5.86     31.68     1466678
-25.03     5.86     31.80     1467693
-25.03     5.86     31.68     1468707
-25.03     5.86     31.68     1469721
-25.03     5.86     31.68     1470736
-25.03     5.86     31.68     1471751
-25.03     5.86     31.68     1472764
-25.03     5.97     31.68     1473779
-25.03     5.86     31.68     1474794
-25.03     5.86     31.80     1475808
-25.23     5.86     31.80     1476823
-25.03     5.97     31.80     1477836
-25.03     5.86     31.68     1478851
-25.03     5.86     31.80     1479866
-25.03     5.86     31.68     1480880
-25.03     5.86     31.80     1481894
-25.03     5.86     31.80     1482909
-25.03     5.97     31.80     1483923
-25.03     5.86     31.80     1484938
-25.03     5.86     31.80     1485953
-25.03     5.86     31.68     1486966
-25.03     5.86     31.80     1487981
-25.03     5.86     31.80     1488996
-25.03     5.86     31.80     1490010
-25.03     5.86     31.80     1491024
-25.03     5.86     31.80     1492039
-25.03     5.75     31.80     1493053
-25.03     5.86     31.80     1494068
-25.03     5.86     31.80     1495083
-25.03     5.86     31.80     1496096
-25.03     5.86     31.80     1497111
-25.03     5.86     31.80     1498126
-24.83     5.86     31.80     1499140
-25.03     5.75     31.80     1500154
-25.03     5.86     31.80     1501169
-25.03     5.75     31.80     1502183
-25.03     5.75     31.80     1503198
-25.03     5.75     31.80     1504212
-25.03     5.75     31.80     1505226
-25.03     5.75     31.68     1506241
-25.03     5.86     31.80     1507256
-25.03     5.75     31.80     1508270
-25.03     5.75     31.80     1509284
-25.03     5.75     31.80     1510299
-25.03     5.75     31.80     1511313
-25.03     5.75     31.80     1512328
-25.03     5.75     31.80     1513342
-25.03     5.75     31.68     1514356
-25.03     5.97     31.68     1515371
-25.03     5.86     31.68     1516386
-25.03     5.75     31.68     1517400
-25.03     5.75     31.68     1518414
-25.03     5.86     31.80     1519429
-25.03     5.86     31.68     1520443
-25.03     5.75     31.68     1521458
-25.03     5.97     31.68     1522472
-25.03     5.75     31.68     1523486
-25.03     5.75     31.68     1524501
-25.03     5.75     31.68     1525516
-25.03     5.75     31.68     1526530
-25.03     5.75     31.68     1527544
-25.03     5.75     31.68     1528559
-25.03     5.75     31.68     1529573
-25.03     5.86     31.68     1530588
-25.03     5.75     31.68     1531601
-25.03     5.75     31.68     1532616
-25.03     5.75     31.68     1533631
-25.03     5.75     31.68     1534645
-25.03     5.86     31.68     1535660
-25.03     5.75     31.68     1536674
-25.03     5.75     31.68     1537688
-25.03     5.75     31.68     1538703
-25.03     5.75     31.68     1539718
-25.03     5.75     31.68     1540731
-25.03     5.75     31.68     1541746
-25.03     5.75     31.68     1542761
-25.03     5.75     31.68     1543775
-25.03     5.64     31.68     1544790
-25.03     5.75     31.68     1545804
-25.03     5.75     31.68     1546818
-25.03     5.75     31.68     1547833
-25.03     5.75     31.68     1548848
-25.03     5.75     31.68     1549861
-25.03     5.75     31.68     1550876
-25.03     5.75     31.68     1551891
-25.03     5.75     31.68     1552905
-25.03     5.75     31.68     1553920
-25.03     5.75     31.68     1554934
-25.03     5.75     31.68     1555948
-25.03     5.75     31.68     1556963
-25.03     5.75     31.68     1557978
-25.03     5.75     31.68     1558991
-25.23     5.75     31.68     1560006
-25.03     5.75     31.68     1561020
-25.03     5.75     31.68     1562035
-25.03     5.75     31.68     1563049
-25.03     5.75     31.68     1564063
-25.03     5.75     31.68     1565078

