0.00     0.00     0.00     0
21.80     22.81     23.59     1013
21.80     22.92     23.59     2027
21.80     22.92     23.59     3042
21.69     22.81     23.70     4056
21.69     22.81     23.93     5069
21.58     22.81     24.04     6084
21.58     22.81     24.27     7098
21.47     22.70     24.49     8113
21.36     22.70     24.60     9126
21.25     22.70     24.83     10141
21.14     22.70     24.94     11155
20.92     22.58     25.06     12169
20.81     22.58     25.28     13184
20.70     22.47     25.40     14197
20.59     22.47     25.51     15212
20.36     22.36     25.74     16226
20.25     22.25     25.74     17241
20.03     22.25     25.97     18254
19.92     22.25     26.08     19269
19.70     22.25     26.19     20283
19.59     22.14     26.31     21297
19.37     22.03     26.31     22311
19.26     21.92     26.54     23325
19.04     21.92     26.54     24340
18.93     21.80     26.65     25354
18.71     21.80     26.77     26368
18.49     21.80     26.88     27382
18.27     21.69     27.00     28396
18.16     21.58     27.11     29410
17.94     21.58     27.23     30425
17.73     21.58     27.34     31438
17.62     21.47     27.46     32453
17.40     21.47     27.46     33467
17.18     21.36     27.57     34481
17.07     21.25     27.57     35495
16.85     21.25     27.69     36509
16.63     21.14     27.80     37523
16.41     21.14     27.92     38538
16.30     21.03     27.92     39552
16.08     21.03     28.15     40565
15.87     20.92     28.15     41580
15.65     20.70     28.15     42594
15.54     20.70     28.27     43608
15.32     20.81     28.27     44621
15.21     20.70     28.38     45636
14.99     20.59     28.50     46650
14.77     20.59     28.50     47664
14.56     20.47     28.61     48678
14.45     20.36     28.73     49692
14.23     20.36     28.73     50706
14.01     20.25     28.85     51720
13.79     20.25     28.85     52733
13.68     20.14     28.85     53748
13.46     20.14     28.96     54762
13.35     20.03     28.96     55776
13.14     19.92     29.08     56790
12.92     19.92     29.08     57804
12.81     19.81     29.20     58818
12.59     19.81     29.31     59832
12.37     19.70     29.31     60846
12.26     19.70     29.43     61860
12.04     19.70     29.43     62874
11.93     19.59     29.43     63888
11.72     19.59     29.43     64903
11.50     19.48     29.55     65916
11.39     19.37     29.67     66930
11.17     19.26     29.67     67944
10.95     19.26     29.67     68959
10.84     19.15     29.78     69972
10.62     19.15     29.78     70986
10.51     19.04     29.90     72000
10.40     18.93     29.90     73015
10.18     18.93     29.90     74029
9.96     18.93     30.02     75042
9.74     18.82     30.02     76056
9.63     18.71     30.02     77070
9.52     18.71     30.02     78085
9.30     18.60     30.14     79098
9.08     18.60     30.14     80112
8.97     18.49     30.26     81127
8.75     18.49     30.26     82141
8.64     18.38     30.26     83155
8.42     18.38     30.26     84169
8.31     18.27     30.37     85183
8.09     18.16     30.37     86198
7.98     18.16     30.37     87212
7.75     18.16     30.37     88226
7.64     18.05     30.37     89240
7.42     18.05     30.49     90255
7.31     18.05     30.49     91269
7.20     17.94     30.49     92282
6.98     17.83     30.61     93297
6.86     17.83     30.61     94311
6.64     17.73     30.61     95326
6.53     17.73     30.61     96339
6.31     17.62     30.73     97354
6.20     17.62     30.73     98368
5.97     17.51     30.73     99382
5.86     17.51     30.73     100397
5.75     17.40     30.85     101410
5.52     17.40     30.85     102425
5.41     17.29     30.85     103439
5.30     17.29     30.97     104454
5.07     17.18     30.97     105467
4.96     17.18     30.97     106482
4.85     17.18     30.97     107496
4.62     17.07     30.97     108511
4.51     17.07     30.97     109524
4.40     16.96     30.97     110539
4.17     17.07     31.09     111553
4.06     16.85     31.09     112567
3.94     16.85     31.09     113582
3.72     16.74     31.09     114595
3.60     16.74     31.09     115610
3.49     16.63     31.21     116624
3.26     16.63     31.21     117638
3.15     16.63     31.21     118652
3.03     16.52     31.33     119666
2.92     16.52     31.33     120680
2.80     16.41     31.33     121695
2.57     16.41     31.33     122708
2.46     16.41     31.33     123722
2.34     16.30     31.33     124737
2.11     16.19     31.33     125751
2.00     16.19     31.33     126766
1.88     16.19     31.44     127779
1.77     16.08     31.44     128793
1.65     16.08     31.44     129808
1.53     16.08     31.56     130822
1.42     15.98     31.44     131835
1.19     15.87     31.44     132850
1.07     15.87     31.56     133864
0.95     15.87     31.56     134878
0.84     15.76     31.56     135891
0.72     15.76     31.56     136906
0.60     15.76     31.56     137920
0.49     15.65     31.56     138934
0.37     15.65     31.56     139949
0.13     15.54     31.68     140962
0.02     15.54     31.68     141976
-0.10     15.43     31.68     142991
-0.22     15.43     31.68     144005
-0.34     15.43     31.68     145018
-0.46     15.32     31.80     146033
-0.57     15.32     31.68     147047
-0.69     15.21     31.80     148061
-0.81     15.21     31.80     149075
-0.93     15.21     31.80     150089
-1.05     15.10     31.80     151103
-1.17     15.10     31.80     152118
-1.29     14.99     31.80     153132
-1.41     14.99     31.92     154145
-1.53     14.88     31.80     155160
-1.65     14.88     31.92     156174
-1.77     14.88     31.92     157188
-1.89     14.77     31.92     158202
-2.01     14.77     31.92     159216
-2.13     14.77     31.80     160230
-2.25     14.66     31.92     161245
-2.25     14.66     31.92     162258
-2.49     14.66     31.92     163272
-2.61     14.56     31.92     164287
-2.73     14.45     31.92     165301
-2.86     14.45     31.92     166316
-2.98     14.45     31.92     167329
-3.10     14.34     31.92     168343
-3.10     14.34     31.92     169358
-3.22     14.34     31.92     170372
-3.34     14.23     31.92     171385
-3.47     14.34     31.92     172400
-3.59     14.23     31.92     173414
-3.71     14.23     31.92     174428
-3.84     14.23     31.92     175441
-3.96     14.12     31.92     176456
-4.08     14.12     31.80     177470
-4.08     14.01     31.92     178484
-4.21     14.01     31.92     179497
-4.33     13.90     32.04     180512
-4.46     13.90     32.04     181526
-4.58     13.90     32.04     182540
-4.71     13.90     32.04     183554
-4.71     13.79     32.04     184568
-4.96     13.79     32.04     185582
-4.96     13.79     32.04     186596
-5.08     13.68     32.04     187610
-5.21     13.68     32.04     188624
-5.33     13.68     32.04     189638
-5.33     13.57     32.04     190652
-5.46     13.57     32.04     191667
-5.59     13.57     32.04     192680
-5.59     13.46     32.16     193694
-5.84     13.46     32.16     194709
-5.97     13.46     32.16     195723
-5.97     13.35     32.16     196737
-6.09     13.35     32.16     197750
-6.22     13.35     32.16     198765
-6.22     13.25     32.16     199779
-6.35     13.25     32.16     200793
-6.48     13.03     32.16     201806
-6.61     13.03     32.29     202821
-6.61     13.03     32.16     203835
-6.86     12.92     32.29     204849
-6.86     12.92     32.29     205863
-6.99     12.92     32.29     206877
-6.99     12.81     32.29     207891
-7.12     12.81     32.29     208905
-7.25     12.81     32.29     209920
-7.38     12.70     32.29     210933
-7.38     12.70     32.16     211947
-7.51     12.70     32.29     212962
-7.64     12.70     32.29     213976
-7.64     12.59     32.29     214989
-7.78     12.59     32.29     216004
-7.91     12.59     32.29     217018
-7.91     12.59     32.29     218032
-8.04     12.48     32.29     219046
-8.17     12.48     32.29     220060
-8.17     12.48     32.29     221074
-8.30     12.48     32.29     222089
-8.43     12.37     32.29     223102
-8.43     12.37     32.29     224117
-8.57     12.37     32.29     225131
-8.70     12.37     32.41     226145
-8.70     12.37     32.29     227160
-8.83     12.26     32.29     228173
-8.83     12.37     32.29     229188
-8.97     12.26     32.29     230202
-8.97     12.37     32.29     231217
-9.24     12.15     32.41     232230
-9.24     12.15     32.41     233244
-9.37     12.15     32.29     234259
-9.37     12.15     32.29     235273
-9.51     12.04     32.29     236288
-9.64     12.04     32.29     237301
-9.64     12.04     32.29     238316
-9.64     12.04     32.29     239330
-9.78     12.04     32.41     240344
-9.91     12.04     32.41     241358
-9.91     11.93     32.41     242372
-10.05     11.93     32.41     243387
-10.05     11.93     32.41     244401
-10.19     11.93     32.41     245415
-10.19     11.93     32.41     246429
-10.19     11.83     32.41     247444
-10.32     11.83     32.41     248458
-10.46     11.83     32.41     249473
-10.60     11.72     32.41     250486
-10.74     11.72     32.41     251501
-10.74     11.72     32.41     252515
-10.74     11.61     32.41     253530
-10.87     11.61     32.41     254543
-10.87     11.61     32.41     255558
-11.01     11.50     32.41     256572
-11.01     11.50     32.41     257587
-11.15     11.50     32.41     258600
-11.15     11.50     32.41     259615
-11.29     11.39     32.41     260629
-11.29     11.39     32.41     261644
-11.43     11.39     32.29     262658
-11.43     11.39     32.41     263671
-11.57     11.28     32.29     264686
-11.57     11.28     32.29     265700
-11.71     11.28     32.29     266715
-11.71     11.17     32.29     267728
-11.71     11.17     32.29     268743
-11.86     11.17     32.29     269757
-12.00     11.06     32.29     270771
-12.00     11.06     32.29     271785
-12.14     11.06     32.29     272799
-12.14     11.06     32.29     273814
-12.14     10.95     32.29     274828
-12.28     10.95     32.29     275842
-12.28     10.95     32.29     276856
-12.42     10.95     32.29     277870
-12.42     10.84     32.29     278884
-12.57     10.84     32.29     279899
-12.57     10.84     32.29     280912
-12.57     10.84     32.29     281927
-12.71     10.84     32.29     282941
-12.71     10.73     32.29     283955
-12.86     10.73     32.29     284969
-12.86     10.73     32.29     285983
-13.00     10.62     32.29     286997
-13.00     10.62     32.41     288012
-13.15     10.62     32.29     289026
-13.15     10.62     32.29     290040
-13.29     10.51     32.29     291054
-13.29     10.51     32.29     292068
-13.44     10.51     32.41     293083
-13.44     10.51     32.41     294096
-13.44     10.51     32.41     295111
-13.44     10.51     32.41     296125
-13.58     10.40     32.41     297139
-13.58     10.40     32.41     298153
-13.73     10.29     32.41     299167
-13.73     10.29     32.41     300181
-13.73     10.29     32.41     301196
-13.88     10.29     32.41     302210
-13.88     10.18     32.41     303224
-13.88     10.18     32.41     304238
-14.03     10.18     32.41     305252
-14.03     10.18     32.41     306267
-14.17     10.07     32.41     307280
-14.17     10.07     32.41     308294
-14.17     10.07     32.41     309309
-14.32     10.07     32.41     310323
-14.32     9.96     32.41     311336
-14.47     9.96     32.41     312351
-14.47     9.96     32.41     313365
-14.47     9.96     32.41     314379
-14.62     9.96     32.41     315394
-14.62     9.96     32.41     316407
-14.62     9.85     32.41     317421
-14.62     9.85     32.29     318435
-14.77     9.85     32.41     319449
-14.77     9.85     32.41     320463
-14.92     9.74     32.41     321477
-14.92     9.74     32.41     322491
-14.92     9.74     32.41     323505
-14.92     9.74     32.29     324519
-15.07     9.63     32.41     325533
-15.07     9.74     32.41     326547
-15.07     9.63     32.41     327561
-15.23     9.63     32.41     328576
-15.23     9.63     32.41     329589
-15.23     9.63     32.41     330603
-15.38     9.63     32.41     331618
-15.38     9.63     32.41     332632
-15.38     9.63     32.41     333646
-15.53     9.52     32.41     334660
-15.53     9.63     32.41     335675
-15.53     9.52     32.41     336689
-15.69     9.52     32.41     337703
-15.69     9.52     32.41     338717
-15.69     9.41     32.41     339732
-15.84     9.52     32.41     340746
-15.84     9.41     32.41     341760
-15.84     9.41     32.53     342774
-15.84     9.41     32.41     343788
-15.99     9.41     32.41     344803
-15.99     9.41     32.41     345817
-15.99     9.30     32.41     346831
-16.15     9.30     32.41     347845
-16.15     9.30     32.41     348860
-16.15     9.41     32.41     349874
-16.30     9.30     32.41     350887
-16.30     9.30     32.41     351902
-16.30     9.08     32.41     352916
-16.30     9.19     32.41     353931
-16.46     9.19     32.41     354945
-16.46     9.08     32.41     355959
-16.46     9.19     32.41     356973
-16.46     9.08     32.41     357988
-16.62     9.08     32.41     359002
-16.78     9.08     32.41     360016
-16.62     8.97     32.41     361030
-16.78     8.97     32.41     362045
-16.78     8.97     32.41     363059
-16.78     8.86     32.41     364072
-16.78     8.86     32.41     365087
-16.78     8.86     32.41     366101
-16.78     8.75     32.41     367116
-16.78     8.75     32.41     368130
-16.62     8.64     32.41     369144
-16.62     8.64     32.41     370158
-16.62     8.64     32.41     371173
-16.46     8.42     32.41     372187
-16.46     8.31     32.41     373201
-16.30     8.31     32.29     374215
-16.30     8.31     32.16     375230
-16.30     8.31     32.04     376244
-16.30     8.20     31.80     377259
-16.15     8.20     31.80     378272
-15.99     8.20     31.56     379287
-15.99     8.20     31.33     380301
-15.99     8.42     31.21     381316
-15.84     8.31     30.97     382329
-15.84     8.31     30.85     383344
-15.69     8.31     30.73     384358
-15.69     8.31     30.61     385373
-15.69     8.31     30.49     386386
-15.53     8.31     30.37     387401
-15.38     8.31     30.14     388415
-15.38     8.42     30.14     389430
-15.38     8.42     30.02     390444
-15.23     8.53     29.90     391458
-15.23     8.53     29.78     392472
-15.23     8.64     29.67     393487
-15.07     8.64     29.55     394501
-15.23     8.64     29.55     395515
-15.23     8.86     29.43     396529
-15.23     8.97     29.31     397544
-15.23     8.97     29.20     398558
-15.23     9.08     29.08     399572
-15.23     9.19     29.08     400586
-15.23     9.19     28.96     401600
-15.23     9.41     28.85     402615
-15.23     9.52     28.73     403629
-15.23     9.52     28.73     404643
-15.38     9.63     28.61     405657
-15.23     9.74     28.50     406671
-15.23     9.85     28.50     407686
-15.23     9.96     28.38     408699
-15.38     10.07     28.27     409713
-15.23     10.18     28.38     410727
-15.38     10.29     28.38     411742
-15.38     10.29     28.50     412755
-15.23     10.40     28.61     413769
-15.23     10.40     28.61     414784
-15.23     10.40     28.73     415798
-15.38     10.51     28.85     416812
-15.23     10.51     28.96     417826
-15.23     10.51     29.08     418840
-15.38     10.51     29.08     419854
-15.23     10.51     29.08     420869
-15.23     10.40     29.20     421882
-15.23     10.51     29.31     422896
-15.23     10.51     29.43     423911
-15.23     10.51     29.43     424925
-15.23     10.51     29.43     425938
-15.23     10.40     29.55     426952
-15.23     10.40     29.67     427967
-15.23     10.40     29.67     428981
-15.23     10.51     29.67     429996
-15.07     10.40     29.78     431009
-15.23     10.29     29.78     432023
-15.23     10.29     29.90     433038
-15.23     10.29     29.90     434052
-15.23     10.29     29.90     435065
-15.23     10.29     29.90     436080
-15.38     10.18     30.02     437094
-15.23     10.18     30.02     438108
-15.38     10.18     30.02     439122
-15.23     10.18     30.14     440136
-15.23     10.18     30.26     441150
-15.23     10.07     30.14     442165
-15.23     9.96     30.26     443179
-15.07     9.85     30.26     444192
-15.07     9.85     30.26     445206
-15.07     9.74     30.26     446221
-14.92     9.74     30.37     447235
-14.92     9.63     30.37     448248
-14.92     9.63     30.37     449263
-14.92     9.63     30.26     450277
-14.92     9.52     30.26     451291
-14.92     9.52     30.14     452305
-14.92     9.52     30.02     453319
-14.92     9.52     29.90     454334
-14.92     9.52     29.67     455348
-14.92     9.63     29.55     456361
-15.07     9.63     29.43     457376
-15.07     9.63     29.31     458390
-15.07     9.74     29.20     459404
-15.07     9.85     29.08     460419
-15.07     9.85     28.96     461432
-15.07     9.96     28.96     462446
-15.23     10.07     28.96     463460
-15.23     10.07     29.08     464475
-15.23     10.07     29.08     465488
-15.23     10.07     29.20     466502
-15.23     10.07     29.31     467517
-15.23     10.07     29.31     468531
-15.07     10.07     29.43     469544
-15.07     10.07     29.55     470559
-15.07     10.07     29.55     471573
-14.92     9.96     29.67     472587
-14.92     9.96     29.67     473601
-14.92     9.96     29.78     474615
-14.92     9.96     29.78     475629
-14.92     9.85     29.90     476643
-14.92     9.85     29.90     477657
-14.92     9.85     29.90     478671
-14.92     9.74     30.02     479685
-14.92     9.74     30.02     480699
-14.92     9.74     30.02     481713
-15.07     9.74     29.90     482727
-15.07     9.85     29.78     483741
-15.07     9.74     29.67     484755
-15.07     9.85     29.67     485770
-15.07     9.85     29.55     486784
-15.07     9.96     29.55     487797
-15.07     9.96     29.55     488811
-15.23     9.85     29.55     489826
-15.23     9.96     29.67     490840
-15.23     9.96     29.67     491853
-15.23     9.96     29.78     492867
-15.23     9.85     29.78     493882
-15.23     9.85     29.90     494896
-15.23     9.85     29.90     495909
-15.07     9.85     30.02     496923
-15.07     9.74     29.90     497938
-15.07     9.74     29.90     498952
-14.92     9.74     29.67     499965
-14.92     9.74     29.67     500979
-14.92     9.74     29.55     501994
-14.92     9.74     29.31     503008
-14.92     9.74     29.20     504022
-14.92     9.85     29.20     505035
-14.77     9.85     29.08     506050
-14.77     9.85     28.96     507064
-14.77     9.96     28.85     508078
-14.77     10.07     28.73     509091
-14.77     10.07     28.73     510105
-14.77     10.07     28.73     511120
-14.77     10.18     28.85     512134
-14.92     10.18     28.85     513147
-14.92     10.07     28.96     514162
-14.92     10.18     28.96     515176
-14.92     10.18     29.20     516190
-14.92     10.18     29.20     517204
-14.92     10.18     29.31     518218
-14.92     10.18     29.43     519232
-14.92     10.18     29.43     520247
-14.92     10.18     29.55     521261
-14.92     10.18     29.55     522274
-15.07     10.18     29.67     523289
-15.07     10.18     29.67     524303
-15.07     10.18     29.67     525317
-15.07     10.07     29.78     526331
-15.07     10.07     29.78     527345
-15.07     10.07     29.78     528359
-15.07     10.07     29.90     529374
-15.23     9.96     29.90     530387
-15.23     9.96     29.90     531401
-15.23     9.96     30.02     532416
-15.23     9.96     30.14     533430
-15.23     9.96     30.14     534444
-15.07     9.85     30.14     535457
-15.23     9.74     30.14     536472
-15.07     9.74     30.14     537486
-15.07     9.74     30.02     538500
-15.07     9.63     30.02     539513
-15.07     9.63     29.78     540528
-15.07     9.74     29.55     541542
-15.07     9.74     29.43     542556
-14.92     9.74     29.43     543570
-15.07     9.74     29.20     544584
-15.07     9.85     29.20     545598
-15.07     9.96     28.96     546612
-15.07     9.96     28.96     547627
-15.07     9.96     28.85     548640
-15.07     10.07     28.96     549654
-15.07     10.07     28.96     550668
-15.07     10.07     29.08     551683
-15.07     10.18     29.20     552696
-15.07     10.18     29.20     553710
-15.07     10.07     29.31     554725
-15.07     10.07     29.43     555739
-15.07     10.07     29.43     556752
-14.92     9.96     29.55     557767
-14.92     9.96     29.55     558781
-14.77     9.96     29.67     559795
-14.77     9.85     29.67     560808
-14.77     9.85     29.67     561822
-14.77     9.85     29.67     562837
-14.77     9.85     29.67     563851
-14.62     9.74     29.55     564865
-14.77     9.74     29.43     565878
-14.77     9.74     29.20     566893
-14.77     9.85     29.08     567907
-14.77     9.85     28.96     568921
-14.77     9.96     28.85     569934
-14.77     9.96     28.73     570949
-14.77     10.07     28.61     571963
-14.77     10.07     28.73     572977
-14.77     10.18     28.61     573990
-14.77     10.18     28.73     575005
-14.77     10.29     28.73     576019
-14.77     10.29     28.73     577033
-14.77     10.29     28.85     578048
-14.77     10.29     28.96     579061
-14.92     10.29     29.08     580075
-14.92     10.40     29.08     581090
-14.92     10.40     29.20     582104
-14.92     10.40     29.31     583117
-14.92     10.40     29.31     584132
-14.92     10.29     29.43     585146
-14.92     10.29     29.55     586160
-14.92     10.29     29.55     587174
-14.92     10.40     29.67     588188
-14.92     10.18     29.67     589202
-15.07     10.29     29.78     590217
-15.07     10.29     29.78     591230
-15.07     10.29     29.78     592245
-15.07     10.18     29.90     593259
-15.07     10.18     29.90     594273
-15.07     10.18     30.02     595288
-15.07     10.18     30.02     596301
-15.07     10.07     30.02     597315
-15.07     10.07     30.14     598330
-15.23     10.07     30.14     599344
-15.23     10.07     30.14     600357
-15.23     10.07     30.26     601371
-15.23     9.96     30.26     602386
-15.23     9.96     30.26     603400
-15.23     9.85     30.26     604413
-15.23     9.74     30.37     605427
-15.23     9.74     30.37     606442
-15.07     9.63     30.26     607456
-15.07     9.63     30.26     608470
-14.92     9.63     30.02     609484
-14.92     9.63     29.90     610498
-14.92     9.52     29.78     611512
-14.92     9.52     29.67     612527
-14.92     9.63     29.55     613540
-14.92     9.63     29.43     614555
-15.07     9.63     29.20     615569
-14.92     9.74     29.08     616583
-14.92     9.74     28.96     617597
-14.92     9.85     28.96     618611
-14.92     9.85     28.85     619625
-15.07     9.96     28.73     620639
-15.07     9.96     28.73     621654
-15.07     10.07     28.61     622667
-15.07     10.18     28.61     623681
-15.07     10.07     28.73     624695
-15.07     10.18     28.85     625710
-15.07     10.18     28.96     626723
-15.07     10.18     28.96     627737
-15.07     10.07     29.08     628752
-15.07     10.18     29.20     629766
-15.07     10.29     29.31     630779
-15.23     10.29     29.31     631794
-15.07     10.18     29.43     632808
-15.23     10.18     29.43     633822
-15.23     10.18     29.55     634836
-15.23     10.18     29.55     635850
-15.23     10.18     29.67     636864
-15.07     10.07     29.67     637879
-15.07     10.07     29.67     638893
-15.07     10.07     29.78     639906
-15.07     9.96     29.90     640921
-14.92     9.96     29.90     641935
-15.07     9.85     29.90     642949
-15.07     9.85     29.90     643963
-14.92     9.85     30.02     644977
-14.92     9.74     30.02     645991
-14.92     9.74     30.14     647005
-15.07     9.74     30.02     648019
-15.07     9.74     29.90     649033
-15.07     9.74     29.78     650047
-15.07     9.74     29.67     651062
-15.07     9.74     29.55     652076
-15.07     9.85     29.43     653089
-15.07     9.85     29.31     654103
-15.23     9.85     29.20     655118
-15.23     9.96     29.08     656132
-15.23     9.96     28.96     657145
-15.23     9.96     28.85     658159
-15.23     10.07     28.85     659173
-15.23     10.07     28.96     660188
-15.23     10.07     29.08     661201
-15.07     10.07     29.08     662215
-14.92     9.96     29.20     663230
-14.92     9.96     29.31     664244
-14.92     9.96     29.43     665257
-14.92     9.96     29.43     666271
-14.77     9.85     29.55     667286
-14.77     9.85     29.55     668300
-14.77     9.85     29.55     669314
-14.77     9.85     29.55     670327
-14.77     9.85     29.43     671342
-14.77     9.85     29.20     672356
-14.77     9.85     29.08     673370
-14.77     9.96     28.96     674383
-14.77     9.96     28.96     675398
-14.77     9.96     28.85     676412
-14.77     10.07     28.85     677426
-14.92     10.07     28.85     678439
-14.92     10.07     28.96     679454
-14.92     10.07     29.08     680468
-14.92     10.07     29.20     681482
-14.92     10.18     29.20     682497
-14.92     10.07     29.31     683510
-14.92     10.07     29.31     684524
-14.92     10.07     29.43     685538
-15.07     10.07     29.43     686553
-15.07     10.07     29.43     687566
-15.07     10.07     29.55     688580
-15.07     9.96     29.67     689595
-15.07     9.96     29.67     690609
-15.07     9.96     29.78     691622
-15.07     9.96     29.78     692637
-15.07     9.96     29.90     693651
-15.07     9.96     29.90     694665
-15.23     9.85     29.90     695678
-15.23     9.85     29.90     696692
-15.23     9.85     29.90     697707
-15.23     9.85     29.78     698721
-15.23     9.74     29.67     699735
-15.23     9.74     29.55     700748
-15.23     9.74     29.43     701763
-15.23     9.85     29.31     702777
-15.07     9.85     29.20     703791
-15.07     9.85     29.08     704804
-15.07     9.85     29.08     705818
-14.92     9.85     28.85     706833
-14.92     9.85     28.73     707847
-14.77     9.96     28.61     708860
-14.77     9.96     28.50     709874
-14.77     9.96     28.50     710889
-14.62     10.07     28.38     711903
-14.62     10.07     28.27     712916
-14.62     10.07     28.27     713930
-14.62     10.07     28.27     714945
-14.62     10.18     28.27     715959
-14.62     10.18     28.50     716973
-14.62     10.18     28.61     717987
-14.62     10.18     28.61     719001
-14.62     10.18     28.73     720015
-14.62     10.18     28.85     721030
-14.62     10.18     28.96     722043
-14.62     10.29     28.96     723057
-14.62     10.18     29.08     724072
-14.62     10.18     29.20     725086
-14.62     10.18     29.20     726099
-14.62     10.18     29.43     727114
-14.77     10.18     29.31     728128
-14.77     10.18     29.43     729142
-14.77     10.07     29.43     730157
-14.77     10.07     29.55     731170
-14.92     10.07     29.55     732184
-14.77     10.07     29.67     733199
-14.77     10.07     29.67     734213
-14.92     10.07     29.67     735226
-14.92     10.07     29.78     736240
-14.92     9.96     29.78     737255
-14.92     9.96     29.90     738269
-14.92     9.96     29.90     739282
-14.92     9.96     30.02     740297
-14.92     9.96     30.02     741311
-15.07     9.85     30.02     742325
-15.07     9.85     30.14     743339
-15.07     9.85     30.02     744353
-15.07     9.85     30.02     745367
-15.07     9.85     29.90     746381
-15.07     9.96     29.67     747395
-15.23     9.96     29.55     748409
-15.23     9.96     29.55     749423
-15.23     9.96     29.55     750437
-15.23     10.07     29.55     751451
-15.38     9.96     29.55     752465
-15.38     10.07     29.67     753479
-15.38     10.07     29.67     754493
-15.38     9.96     29.78     755508
-15.38     9.96     29.90     756521
-15.38     9.96     29.90     757535
-15.38     9.96     30.02     758550
-15.23     9.85     30.02     759564
-15.23     9.85     30.02     760578
-15.23     9.74     30.02     761591
-15.07     9.74     29.90     762606
-15.07     9.63     29.78     763620
-15.07     9.63     29.67     764634
-14.92     9.63     29.55     765648
-14.92     9.63     29.43     766662
-14.92     9.63     29.31     767677
-14.92     9.74     29.08     768691
-14.92     9.74     28.96     769704
-14.92     9.74     28.96     770718
-14.92     9.85     28.73     771733
-14.92     9.85     28.73     772747
-14.92     9.96     28.61     773761
-14.92     9.96     28.50     774774
-14.92     10.07     28.38     775788
-14.92     10.18     28.38     776803
-14.92     10.18     28.27     777817
-15.07     10.29     28.27     778830
-14.92     10.29     28.50     779845
-15.07     10.29     28.50     780859
-15.07     10.40     28.61     781873
-15.07     10.40     28.73     782887
-15.07     10.40     28.85     783901
-15.07     10.40     28.85     784915
-15.07     10.40     28.96     785930
-15.07     10.40     29.08     786944
-15.07     10.40     29.08     787957
-15.23     10.40     29.20     788972
-15.23     10.40     29.20     789986
-15.07     10.40     29.31     791000
-15.07     10.29     29.43     792014
-15.07     10.40     29.43     793028
-15.07     10.29     29.55     794043
-15.07     10.29     29.55     795057
-15.07     10.18     29.67     796070
-15.07     10.07     29.67     797085
-15.23     10.18     29.67     798099
-15.07     10.18     29.78     799113
-15.07     10.07     29.78     800128
-15.07     10.07     29.90     801141
-15.07     9.96     29.90     802155
-15.07     9.96     29.90     803169
-15.07     9.96     30.02     804184
-15.07     9.96     30.02     805197
-15.07     9.85     30.14     806211
-15.23     9.85     30.14     807226
-15.23     9.74     30.14     808240
-15.23     9.85     30.14     809253
-15.23     9.74     30.14     810267
-15.23     9.74     30.14     811281
-15.23     9.74     30.02     812296
-15.23     9.63     30.02     813309
-15.07     9.63     29.90     814323
-15.07     9.63     29.67     815338
-15.07     9.63     29.55     816352
-15.07     9.63     29.43     817367
-15.07     9.63     29.31     818380
-15.07     9.63     29.20     819394
-15.07     9.63     29.08     820409



