0.00     0.00     0.00     0
23.03     23.37     23.48     1013
22.92     23.37     23.59     2027
22.92     23.37     23.59     3042
22.92     23.37     23.70     4056
22.81     23.37     23.93     5070
22.81     23.25     24.04     6084
22.70     23.25     24.27     7098
22.58     23.25     24.38     8113
22.47     23.14     24.60     9126
22.47     23.14     24.83     10141
22.25     23.14     24.94     11155
22.14     23.03     25.17     12170
22.03     23.03     25.28     13184
21.92     22.92     25.40     14198
21.69     22.92     25.51     15212
21.58     22.81     25.74     16227
21.36     22.81     25.85     17241
21.25     22.70     25.97     18255
21.14     22.58     26.08     19269
20.92     22.58     26.19     20284
20.81     22.58     26.31     21298
20.59     22.47     26.31     22312
20.36     22.36     26.54     23326
20.25     22.47     26.54     24341
20.03     22.36     26.65     25355
19.81     22.25     26.77     26369
19.70     22.25     26.88     27383
19.48     22.14     27.00     28397
19.26     22.03     27.11     29412
19.15     22.03     27.23     30426
18.93     21.92     27.23     31439
18.71     21.92     27.34     32454
18.60     21.80     27.46     33468
18.38     21.69     27.46     34482
18.16     21.69     27.46     35496
17.94     21.58     27.69     36510
17.83     21.58     27.69     37524
17.62     21.58     27.80     38539
17.40     21.47     27.92     39553
17.29     21.36     27.92     40567
17.07     21.36     28.03     41581
16.85     21.25     28.03     42595
16.63     21.14     28.15     43610
16.52     21.14     28.27     44623
16.30     21.03     28.27     45637
16.08     21.03     28.38     46652
15.98     20.92     28.38     47666
15.76     20.92     28.50     48679
15.54     20.81     28.61     49693
15.32     20.70     28.61     50708
15.21     20.70     28.73     51722
14.99     20.59     28.73     52736
14.77     20.59     28.85     53749
14.56     20.47     28.85     54764
14.45     20.36     28.85     55778
14.23     20.36     28.96     56792
14.12     20.25     29.08     57805
13.90     20.14     29.08     58819
13.68     20.25     29.20     59834
13.57     20.03     29.20     60848
13.35     20.03     29.31     61861
13.14     20.03     29.31     62876
13.03     19.92     29.31     63890
12.81     19.92     29.43     64904
12.59     19.81     29.43     65917
12.48     19.70     29.55     66932
12.26     19.70     29.67     67946
12.04     19.59     29.67     68960
11.83     19.59     29.67     69975
11.72     19.48     29.67     70988
11.50     19.48     29.78     72002
11.39     19.37     29.78     73016
11.17     19.37     29.78     74031
10.95     19.26     29.90     75044
10.84     19.26     29.90     76058
10.62     19.15     30.02     77072
10.51     19.15     30.02     78086
10.29     19.04     30.02     79100
10.07     19.04     30.14     80114
9.96     18.93     30.14     81128
9.74     18.93     30.26     82142
9.63     18.93     30.14     83156
9.41     18.82     30.26     84170
9.30     18.71     30.37     85184
9.08     18.71     30.37     86199
8.97     18.60     30.37     87213
8.75     18.49     30.37     88226
8.53     18.49     30.49     89241
8.42     18.49     30.49     90255
8.31     18.38     30.49     91270
8.09     18.27     30.61     92283
7.98     18.27     30.61     93297
7.75     18.27     30.61     94312
7.64     18.16     30.61     95326
7.42     18.16     30.73     96340
7.31     18.05     30.61     97354
7.09     17.94     30.73     98369
6.98     17.94     30.73     99383
6.75     17.94     30.73     100397
6.64     17.94     30.73     101411
6.53     17.83     30.85     102426
6.31     17.73     30.73     103440
6.20     17.73     30.85     104454
5.97     17.73     30.85     105467
5.86     17.62     30.85     106482
5.64     17.62     30.97     107497
5.52     17.51     30.97     108511
5.41     17.51     30.97     109526
5.19     17.40     30.97     110539
5.07     17.40     30.97     111553
4.96     17.29     31.09     112568
4.74     17.29     31.09     113582
4.62     17.29     31.09     114596
4.51     17.18     31.09     115610
4.28     17.07     31.09     116625
4.17     16.96     31.21     117639
4.06     16.96     31.21     118652
3.83     16.96     31.21     119667
3.72     16.85     31.21     120681
3.60     16.85     31.33     121696
3.49     16.74     31.33     122710
3.37     16.74     31.33     123723
3.15     16.74     31.33     124738
3.03     16.63     31.33     125752
2.80     16.63     31.33     126766
2.69     16.52     31.44     127780
2.57     16.52     31.33     128794
2.46     16.52     31.44     129808
2.34     16.41     31.44     130823
2.11     16.41     31.44     131836
2.00     16.30     31.44     132851
1.88     16.30     31.56     133865
1.77     16.19     31.56     134879
1.53     16.19     31.56     135894
1.42     16.19     31.56     136907
1.30     16.08     31.56     137921
1.19     16.08     31.56     138936
1.07     15.98     31.56     139950
0.95     15.98     31.68     140963
0.72     15.98     31.68     141978
0.60     15.87     31.68     142992
0.49     15.87     31.68     144006
0.37     15.76     31.68     145020
0.25     15.76     31.68     146034
0.13     15.76     31.68     147048
0.02     15.65     31.80     148063
-0.22     15.65     31.80     149076
-0.34     15.54     31.80     150090
-0.46     15.54     31.80     151105
-0.57     15.43     31.80     152119
-0.69     15.43     31.80     153133
-0.81     15.43     31.80     154147
-0.93     15.32     31.80     155161
-1.05     15.32     31.80     156175
-1.17     15.32     31.92     157190
-1.29     15.21     31.80     158203
-1.41     15.21     31.80     159217
-1.53     15.21     31.92     160232
-1.65     15.10     31.92     161246
-1.77     15.10     31.92     162260
-1.89     15.10     31.92     163274
-2.01     15.10     31.92     164288
-2.13     14.99     31.92     165303
-2.25     14.99     31.92     166317
-2.37     14.99     31.92     167330
-2.49     14.99     31.92     168344
-2.61     14.88     31.92     169359
-2.73     14.88     31.92     170373
-2.86     14.77     31.92     171386
-2.98     14.77     32.04     172401
-3.10     14.77     32.04     173415
-3.22     14.66     32.04     174430
-3.34     14.66     32.04     175443
-3.34     14.66     32.04     176457
-3.47     14.66     32.04     177472
-3.59     14.56     32.04     178486
-3.71     14.56     32.04     179500
-3.84     14.45     32.04     180514
-3.96     14.45     32.04     181528
-4.08     14.34     32.04     182542
-4.21     14.34     32.04     183556
-4.33     14.34     32.04     184570
-4.33     14.34     32.04     185584
-4.46     14.23     32.04     186598
-4.58     14.23     32.04     187613
-4.71     14.23     32.16     188626
-4.83     14.23     32.16     189640
-4.96     14.12     32.16     190654
-5.08     14.12     32.16     191669
-5.21     14.01     32.29     192683
-5.21     14.01     32.16     193696
-5.33     14.01     32.16     194710
-5.46     13.90     32.16     195725
-5.59     13.90     32.16     196739
-5.71     13.90     32.29     197752
-5.71     13.79     32.16     198766
-5.84     13.79     32.16     199780
-5.97     13.79     32.16     200795
-6.09     13.79     32.16     201808
-6.09     13.68     32.29     202822
-6.22     13.68     32.16     203836
-6.35     13.57     32.29     204851
-6.48     13.57     32.16     205864
-6.48     13.57     32.16     206878
-6.61     13.57     32.16     207892
-6.74     13.46     32.29     208907
-6.86     13.46     32.29     209921
-6.86     13.46     32.16     210934
-6.99     13.35     32.16     211949
-7.12     13.25     32.29     212963
-7.12     13.35     32.29     213977
-7.25     13.25     32.29     214990
-7.38     13.25     32.29     216005
-7.51     13.25     32.29     217019
-7.64     13.14     32.29     218033
-7.64     13.03     32.29     219047
-7.78     13.14     32.29     220061
-7.91     13.03     32.29     221076
-7.91     13.03     32.29     222090
-8.04     13.03     32.29     223104
-8.04     13.03     32.29     224118
-8.17     12.92     32.29     225132
-8.30     12.92     32.29     226146
-8.30     12.92     32.29     227161
-8.43     12.81     32.29     228174
-8.57     12.81     32.29     229189
-8.70     12.81     32.29     230203
-8.70     12.70     32.29     231218
-8.83     12.70     32.29     232231
-8.83     12.70     32.29     233245
-8.97     12.59     32.29     234260
-9.10     12.59     32.29     235274
-9.24     12.59     32.29     236289
-9.24     12.48     32.29     237302
-9.24     12.48     32.29     238316
-9.37     12.48     32.29     239331
-9.51     12.37     32.29     240345
-9.51     12.37     32.29     241359
-9.64     12.37     32.29     242373
-9.78     12.26     32.29     243388
-9.78     12.26     32.29     244402
-9.91     12.37     32.29     245416
-9.91     12.26     32.29     246430
-9.91     12.15     32.29     247445
-10.05     12.15     32.29     248459
-10.19     12.15     32.29     249474
-10.32     12.04     32.29     250487
-10.32     12.04     32.41     251502
-10.46     12.04     32.29     252516
-10.46     12.15     32.29     253530
-10.60     12.04     32.29     254544
-10.60     12.04     32.29     255558
-10.60     12.04     32.29     256573
-10.74     11.93     32.29     257587
-10.87     11.83     32.29     258601
-10.87     11.83     32.29     259615
-11.01     11.83     32.29     260630
-11.15     11.83     32.29     261644
-11.15     11.72     32.29     262659
-11.29     11.72     32.29     263672
-11.29     11.72     32.29     264687
-11.29     11.61     32.29     265701
-11.43     11.61     32.41     266716
-11.43     11.61     32.29     267729
-11.57     11.50     32.41     268744
-11.57     11.50     32.41     269758
-11.57     11.50     32.29     270773
-11.71     11.50     32.41     271787
-11.71     11.39     32.41     272801
-11.86     11.39     32.41     273815
-11.86     11.39     32.41     274829
-11.86     11.39     32.41     275844
-11.86     11.39     32.29     276857
-12.00     11.28     32.41     277872
-12.00     11.39     32.29     278886
-12.14     11.28     32.41     279900
-12.14     11.28     32.41     280914
-12.28     11.28     32.41     281928
-12.28     11.17     32.41     282942
-12.42     11.17     32.41     283957
-12.42     11.06     32.41     284971
-12.42     11.06     32.29     285985
-12.57     11.17     32.29     286999
-12.57     11.06     32.41     288013
-12.71     11.06     32.41     289028
-12.71     11.06     32.41     290041
-12.86     10.95     32.41     291055
-12.86     10.95     32.41     292070
-12.86     10.95     32.29     293084
-12.86     10.95     32.41     294097
-13.00     10.95     32.41     295112
-13.15     10.84     32.41     296126
-13.15     10.84     32.41     297140
-13.29     10.84     32.29     298155
-13.29     10.73     32.41     299168
-13.29     10.73     32.41     300183
-13.44     10.73     32.29     301197
-13.44     10.73     32.41     302211
-13.58     10.73     32.29     303225
-13.58     10.62     32.29     304239
-13.58     10.62     32.29     305253
-13.73     10.62     32.29     306268
-13.73     10.62     32.29     307281
-13.88     10.62     32.41     308295
-13.88     10.51     32.29     309310
-13.88     10.51     32.41     310324
-13.88     10.51     32.41     311337
-14.03     10.51     32.41     312352
-14.03     10.51     32.41     313366
-14.17     10.40     32.41     314381
-14.17     10.40     32.41     315395
-14.17     10.40     32.41     316408
-14.32     10.29     32.41     317423
-14.32     10.29     32.41     318437
-14.47     10.29     32.41     319451
-14.47     10.29     32.29     320465
-14.47     10.29     32.41     321479
-14.62     10.29     32.41     322493
-14.62     10.18     32.41     323508
-14.62     10.18     32.41     324521
-14.62     10.18     32.41     325535
-14.77     10.18     32.41     326550
-14.77     10.07     32.41     327564
-14.92     10.07     32.41     328578
-14.92     10.07     32.41     329591
-14.92     10.07     32.41     330606
-14.92     9.96     32.41     331620
-15.07     9.96     32.41     332634
-15.07     9.96     32.41     333647
-15.23     9.85     32.41     334662
-15.23     9.85     32.41     335676
-15.23     9.85     32.41     336690
-15.38     9.74     32.41     337703
-15.38     9.74     32.41     338717
-15.38     9.74     32.41     339732
-15.53     9.74     32.41     340746
-15.53     9.63     32.41     341760
-15.53     9.63     32.41     342774
-15.53     9.63     32.41     343788
-15.69     9.63     32.41     344803
-15.69     9.63     32.41     345817
-15.69     9.63     32.41     346830
-15.84     9.63     32.29     347845
-15.84     9.52     32.41     348859
-15.84     9.52     32.41     349874
-15.99     9.52     32.41     350887
-15.99     9.52     32.41     351902
-15.99     9.41     32.41     352916
-16.15     9.52     32.41     353930
-16.15     9.41     32.41     354945
-16.15     9.41     32.41     355958
-16.15     9.41     32.41     356973
-16.30     9.30     32.41     357987
-16.30     9.30     32.41     359001
-16.30     9.30     32.41     360015
-16.30     9.30     32.41     361029
-16.46     9.30     32.41     362043
-16.46     9.19     32.41     363058
-16.46     9.19     32.41     364071
-16.62     9.19     32.41     365086
-16.62     9.19     32.41     366100
-16.62     9.08     32.41     367115
-16.78     9.08     32.41     368129
-16.78     9.08     32.41     369142
-16.78     9.08     32.41     370157
-16.78     8.97     32.41     371171
-16.93     8.97     32.41     372186
-16.93     8.97     32.41     373199
-16.93     8.97     32.41     374213
-16.93     8.97     32.41     375228
-17.09     8.86     32.29     376242
-17.09     8.86     32.29     377256
-17.09     8.86     32.16     378270
-17.09     8.86     32.29     379284
-17.25     8.86     32.29     380299
-17.25     8.86     32.29     381313
-17.25     8.75     32.29     382327
-17.41     8.86     32.29     383341
-17.41     8.75     32.29     384356
-17.41     8.75     32.29     385370
-17.41     8.75     32.29     386383
-17.41     8.75     32.41     387398
-17.57     8.64     32.29     388412
-17.57     8.75     32.29     389427
-17.73     8.64     32.29     390440
-17.73     8.64     32.29     391455
-17.73     8.53     32.29     392469
-17.73     8.53     32.29     393484
-17.73     8.53     32.29     394498
-17.90     8.64     32.29     395511
-17.90     8.53     32.29     396526
-17.90     8.53     32.29     397540
-18.06     8.53     32.29     398555
-18.06     8.53     32.16     399568
-18.06     8.42     32.29     400583
-18.06     8.53     32.29     401597
-18.06     8.53     32.29     402612
-18.22     8.42     32.16     403625
-18.22     8.42     32.16     404640
-18.22     8.42     32.16     405654
-18.39     8.42     32.29     406669
-18.39     8.31     32.16     407683
-18.39     8.31     32.16     408696
-18.39     8.31     32.29     409711
-18.39     8.31     32.16     410725
-18.55     8.31     32.16     411740
-18.55     8.31     32.29     412753
-18.55     8.31     32.29     413768
-18.55     8.31     32.16     414782
-18.72     8.31     32.16     415797
-18.72     8.31     32.16     416811
-18.72     8.31     32.16     417825
-18.72     8.31     32.29     418839
-18.88     8.31     32.29     419853
-18.72     8.31     32.29     420868
-18.88     8.31     32.29     421881
-18.88     8.31     32.29     422896
-18.88     8.20     32.29     423910
-18.88     8.20     32.29     424925
-19.05     8.20     32.29     425938
-19.05     8.20     32.29     426953
-19.05     8.20     32.29     427967
-19.05     8.09     32.16     428981
-19.05     8.09     32.16     429996
-19.22     8.09     32.16     431009
-19.22     8.09     32.16     432024
-19.22     8.09     32.16     433038
-19.22     8.09     32.16     434053
-19.22     7.98     32.16     435066
-19.38     7.98     32.16     436081
-19.38     7.98     32.16     437095
-19.38     7.86     32.16     438110
-19.38     7.86     32.16     439123
-19.38     7.86     32.16     440138
-19.55     7.86     32.16     441152
-19.55     7.75     32.16     442167
-19.55     7.75     32.16     443181
-19.55     7.75     32.16     444194
-19.55     7.75     32.16     445209
-19.55     7.75     32.16     446223
-19.55     7.75     32.16     447238
-19.72     7.64     32.16     448251
-19.72     7.64     32.04     449266
-19.72     7.64     32.16     450280
-19.72     7.64     32.16     451295
-19.72     7.64     32.04     452308
-19.72     7.64     32.16     453323
-19.89     7.64     32.16     454337
-19.89     7.64     32.16     455351
-19.89     7.64     32.16     456366
-19.89     7.64     32.16     457379
-19.89     7.64     32.16     458394
-20.06     7.64     32.16     459408
-20.06     7.64     32.16     460423
-20.06     7.64     32.16     461436
-20.06     7.64     32.16     462451
-20.06     7.64     32.16     463465
-20.06     7.64     32.16     464480
-20.24     7.53     32.16     465494
-20.06     7.53     32.16     466508
-20.06     7.53     32.16     467522
-20.24     7.53     32.16     468536
-20.24     7.53     32.29     469551
-20.24     7.53     32.16     470564
-20.24     7.53     32.16     471579
-20.41     7.42     32.16     472593
-20.24     7.42     32.16     473608
-20.41     7.31     32.16     474621
-20.41     7.42     32.16     475636
-20.41     7.42     32.16     476650
-20.41     7.42     32.16     477665
-20.58     7.42     32.16     478679
-20.58     7.42     32.16     479693
-20.58     7.31     32.16     480707
-20.58     7.31     32.16     481722
-20.58     7.31     32.16     482736
-20.58     7.31     32.16     483750
-20.58     7.31     32.16     484764
-20.58     7.31     32.16     485779
-20.76     7.20     32.16     486793
-20.76     7.20     32.16     487808
-20.76     7.20     32.16     488821
-20.76     7.20     32.16     489836
-20.76     7.20     32.29     490850
-20.76     7.20     32.16     491865
-20.76     7.20     32.16     492878
-20.93     7.09     32.16     493893
-20.93     7.20     32.29     494907
-20.93     7.09     32.29     495922
-20.93     7.09     32.16     496935
-20.93     7.09     32.16     497950
-20.93     6.98     32.16     498965
-21.11     7.09     32.16     499979
-21.11     6.98     32.16     500994
-21.11     6.98     32.16     502007
-21.11     6.98     32.16     503022
-21.11     6.98     32.16     504036
-21.11     7.09     32.16     505051
-21.29     6.98     32.29     506064
-21.29     6.98     32.16     507079
-21.11     6.98     32.16     508093
-21.29     6.98     32.16     509108
-21.29     7.09     32.16     510123
-21.29     6.98     32.16     511136
-21.29     6.98     32.16     512151
-21.46     6.98     32.16     513165
-21.46     6.98     32.16     514180
-21.29     6.98     32.16     515193
-21.46     6.86     32.16     516208
-21.46     6.86     32.29     517222
-21.29     6.86     32.16     518237
-21.46     6.86     32.16     519250
-21.29     6.75     32.16     520265
-21.29     6.75     32.16     521279
-21.29     6.75     32.16     522294
-21.29     6.64     32.16     523309
-21.29     6.53     32.16     524322
-21.11     6.53     32.29     525337
-21.11     6.53     32.16     526351
-21.11     6.42     32.16     527366
-20.93     6.31     32.16     528379
-20.76     6.31     32.16     529394
-20.76     6.31     32.29     530408
-20.76     6.20     32.16     531422
-20.58     6.08     32.16     532435
-20.58     6.08     32.16     533450
-20.58     5.97     32.16     534464
-20.58     5.97     32.16     535478
-20.58     5.97     32.16     536493
-20.58     5.86     32.16     537507
-20.58     5.86     32.16     538521
-20.58     5.86     32.16     539536
-20.58     5.75     32.16     540550
-20.58     5.86     32.16     541564
-20.58     5.75     32.04     542578
-20.76     5.75     32.04     543593
-20.58     5.75     32.04     544607
-20.76     5.75     32.16     545622
-20.76     5.75     32.04     546635
-20.76     5.75     32.04     547650
-20.76     5.64     32.04     548665
-20.76     5.64     32.16     549679
-20.76     5.64     32.04     550693
-20.76     5.52     32.16     551707
-20.58     5.52     32.04     552722
-20.58     5.41     32.16     553736
-20.58     5.41     32.16     554750
-20.41     5.30     32.16     555764
-20.41     5.30     32.04     556779
-20.41     5.19     32.04     557793
-20.24     5.19     32.04     558808
-20.24     5.07     32.04     559821
-20.24     4.96     32.04     560836
-20.06     4.96     32.04     561850
-20.06     4.96     32.04     562865
-20.06     4.85     32.04     563878
-20.06     4.85     32.04     564893
-20.06     4.85     32.04     565907
-20.06     4.85     32.04     566922
-20.06     4.85     32.04     567936
-20.06     4.85     32.04     568950
-20.06     4.85     32.04     569964
-20.24     4.85     32.04     570979
-20.24     4.85     32.04     571993
-20.24     4.74     32.04     573007
-20.41     4.74     32.04     574021
-20.41     4.74     32.04     575036
-20.41     4.74     32.04     576050
-20.41     4.74     32.16     577064
-20.41     4.74     32.04     578078
-20.41     4.74     32.16     579093
-20.41     4.74     32.04     580107
-20.41     4.62     32.04     581122
-20.41     4.62     32.04     582135
-20.41     4.62     32.16     583150
-20.24     4.51     32.16     584164
-20.24     4.51     32.16     585179
-20.24     4.40     32.04     586192
-20.06     4.40     32.04     587207
-20.06     4.40     32.04     588221
-20.06     4.28     32.16     589236
-20.06     4.28     32.16     590249
-19.89     4.28     32.04     591264
-20.06     4.28     32.04     592278
-20.06     4.28     32.04     593293
-20.06     4.17     32.04     594307
-20.24     4.17     32.04     595321
-20.06     4.17     32.04     596335
-20.06     4.17     32.04     597349
-20.06     4.17     32.04     598364
-20.24     4.28     32.04     599377
-20.24     4.28     32.04     600392
-20.24     4.17     32.04     601406
-20.24     4.17     31.92     602421
-20.24     4.17     31.92     603435
-20.24     4.17     31.92     604449
-20.24     4.17     31.92     605463
-20.24     4.17     31.92     606478
-20.24     4.06     31.92     607492
-20.24     4.06     31.92     608506
-20.24     4.06     31.92     609520
-20.06     4.06     31.92     610535
-20.06     4.06     32.04     611549
-20.06     3.94     31.92     612563
-19.89     3.94     32.04     613577
-19.89     3.83     31.92     614592
-19.89     3.83     31.92     615606
-19.89     3.83     32.04     616621
-19.72     3.83     31.92     617634
-19.72     3.83     32.04     618649
-19.72     3.83     31.92     619663
-19.89     3.72     31.92     620678
-19.89     3.83     31.92     621691
-19.89     3.72     32.04     622706
-19.89     3.83     32.04     623720
-19.89     3.72     32.04     624735
-20.06     3.83     31.92     625748
-20.06     3.83     31.92     626763
-20.06     3.83     31.92     627777
-20.24     3.83     32.04     628792
-20.06     3.83     32.04     629806
-20.24     3.83     31.92     630820
-20.24     3.83     31.80     631834
-20.24     3.94     31.68     632849
-20.24     3.94     31.56     633863
-20.24     3.94     31.33     634877
-20.24     3.94     31.21     635891
-20.24     4.06     31.09     636906
-20.24     4.06     30.85     637920
-20.06     4.17     30.73     638935
-20.06     4.17     30.61     639948
-20.06     4.28     30.49     640963
-20.06     4.28     30.37     641977
-19.89     4.28     30.37     642992
-19.89     4.40     30.37     644005
-19.89     4.40     30.49     645020
-19.72     4.40     30.49     646034
-19.72     4.40     30.49     647049
-19.72     4.51     30.61     648062
-19.72     4.51     30.61     649077
-19.72     4.51     30.73     650091
-19.72     4.51     30.73     651106
-19.72     4.51     30.73     652120
-19.72     4.51     30.85     653134
-19.72     4.62     30.85     654148
-19.72     4.62     30.97     655163
-19.72     4.62     30.97     656177
-19.89     4.62     30.97     657191
-19.89     4.74     30.97     658205
-19.72     4.74     30.97     659220
-19.89     4.74     30.97     660234
-19.89     4.74     30.97     661249
-19.89     4.74     31.09     662262
-20.06     4.74     31.09     663277
-20.06     4.85     31.09     664291
-20.06     4.74     31.09     665306
-20.06     4.85     31.21     666319
-20.24     4.85     31.21     667334
-20.24     4.85     31.21     668348
-20.41     4.85     31.21     669363
-20.24     4.96     31.21     670376
-20.24     4.85     31.21     671391
-20.24     4.85     31.21     672405
-20.06     4.74     31.21     673420
-20.24     4.85     31.21     674434
-20.24     4.85     31.33     675448
-20.06     4.74     31.33     676462
-20.06     4.74     31.33     677477
-20.06     4.74     31.33     678491
-20.06     4.62     31.33     679505
-19.89     4.62     31.33     680519
-19.89     4.62     31.33     681534
-19.89     4.62     31.33     682548
-19.89     4.51     31.33     683561
-19.72     4.51     31.21     684576
-19.72     4.51     30.97     685590
-19.89     4.62     30.85     686605
-19.72     4.62     30.73     687619
-19.72     4.62     30.49     688633
-19.89     4.74     30.37     689647
-19.72     4.74     30.37     690662
-19.89     4.85     30.26     691676
-19.89     4.96     30.26     692690
-19.89     4.96     30.26     693704
-19.89     4.96     30.37     694719
-19.89     5.07     30.37     695733
-19.89     5.07     30.37     696748
-20.06     5.07     30.37     697761
-19.89     5.19     30.49     698776
-20.06     5.30     30.49     699790
-20.06     5.19     30.61     700805
-20.06     5.30     30.61     701818
-20.06     5.30     30.61     702833
-20.24     5.30     30.73     703847
-20.06     5.30     30.73     704862
-20.24     5.30     30.73     705875
-20.24     5.41     30.73     706890
-20.24     5.30     30.85     707904
-20.24     5.41     30.85     708919
-20.24     5.30     30.85     709934
-20.24     5.30     30.85     710947
-20.06     5.19     30.97     711962
-20.24     5.19     30.97     712976
-20.06     5.19     30.97     713991
-20.06     5.07     30.97     715004
-20.06     5.07     30.97     716018
-19.89     4.96     30.97     717033
-19.89     4.96     30.97     718047
-19.89     4.96     30.97     719062
-19.72     4.85     31.09     720075
-19.72     4.85     31.09     721090
-19.72     4.96     31.09     722104
-19.72     4.96     31.09     723119
-19.72     4.85     31.09     724132
-19.72     4.85     31.09     725147
-19.72     4.85     31.09     726161
-19.72     4.85     31.09     727176
-19.72     4.85     31.09     728189
-19.72     4.85     31.21     729204
-19.89     4.85     31.21     730218
-19.89     4.85     31.21     731233
-19.89     4.85     31.21     732247
-19.89     4.85     31.21     733261
-19.89     4.85     31.33     734275
-20.06     4.85     31.33     735290
-20.06     4.85     31.33     736304
-20.06     4.85     31.33     737318
-20.24     4.85     31.33     738332
-20.24     4.85     31.33     739347
-20.24     4.85     31.33     740361
-20.24     4.85     31.44     741376
-20.24     4.85     31.44     742389
-20.24     4.85     31.44     743404
-20.24     4.74     31.44     744418
-20.24     4.74     31.44     745433
-20.24     4.74     31.44     746446
-20.06     4.74     31.44     747461
-20.06     4.62     31.44     748475
-20.06     4.62     31.44     749490
-20.06     4.62     31.44     750503
-20.06     4.62     31.33     751518
-20.06     4.62     31.21     752532
-20.06     4.51     30.97     753547
-20.06     4.74     30.85     754561
-20.06     4.74     30.73     755575
-20.06     4.85     30.49     756589
-20.06     4.85     30.37     757604
-20.06     4.96     30.37     758618
-20.06     4.96     30.37     759632
-20.06     5.07     30.37     760646
-20.06     5.19     30.37     761661
-20.06     5.19     30.37     762675
-20.06     5.19     30.49     763689
-20.06     5.19     30.49     764703
-20.06     5.19     30.61     765718
-19.89     5.19     30.61     766732
-19.89     5.19     30.73     767747
-19.89     5.19     30.73     768760
-19.72     5.07     30.73     769775
-19.72     5.07     30.73     770789
-19.72     5.07     30.85     771804
-19.72     5.07     30.73     772817
-19.72     5.07     30.85     773832
-19.72     5.07     30.85     774846
-19.72     4.96     30.97     775861
-19.72     4.96     30.97     776875
-19.72     4.96     30.97     777889
-19.72     4.96     30.97     778903
-19.72     4.96     30.97     779918
-19.72     4.85     30.97     780932
-19.89     4.96     31.09     781946
-19.89     4.96     31.09     782960
-20.06     4.96     31.09     783975
-20.06     4.96     31.09     784989
-20.06     4.96     31.09     786003
-20.06     4.96     31.09     787017
-20.06     5.07     31.09     788032
-20.06     5.07     31.09     789046
-20.24     5.07     31.21     790061
-20.24     5.07     31.21     791074
-20.24     5.07     31.21     792089
-20.24     4.96     31.21     793103
-20.24     5.07     31.21     794118
-20.24     4.96     31.33     795131
-20.24     4.96     31.33     796146
-20.24     4.96     31.33     797160
-20.24     4.85     31.33     798175
-20.06     4.85     31.33     799188
-20.06     4.74     31.21     800203
-20.06     4.74     31.33     801217
-20.06     4.74     31.21     802232
-20.06     4.74     31.09     803246
-20.06     4.74     30.97     804260
-20.06     4.74     30.85     805274
-20.06     4.85     30.61     806289
-20.06     4.85     30.49     807303
-20.06     4.96     30.37     808317
-20.06     4.96     30.37     809331
-20.06     5.07     30.49     810346
-20.06     4.96     30.49     811360
-20.06     5.07     30.49     812375
-20.06     5.07     30.61     813388
-20.06     5.07     30.61     814403
-20.24     5.19     30.61     815417
-20.06     5.19     30.61     816432
-20.06     5.19     30.73     817445
-20.06     5.19     30.73     818459
-19.89     5.07     30.73     819474
-20.06     5.19     30.73     820488
-19.89     4.96     30.85     821502
-19.89     5.07     30.85     822516
-19.89     5.07     30.85     823531
-19.89     5.07     30.85     824545
-19.72     4.96     30.97     825560
-19.72     4.96     30.97     826573
-19.89     4.96     31.09     827588
-19.89     4.96     30.97     828602
-19.89     4.96     30.97     829617
-19.89     4.96     31.09     830630
-19.89     4.85     31.09     831645
-19.89     4.96     31.09     832659
-19.89     4.85     31.09     833674
-19.89     4.85     31.21     834688
-19.89     4.85     31.09     835702
-20.06     4.85     31.09     836716
-20.06     4.85     31.21     837731
-20.06     4.85     31.21     838745
-20.06     4.85     31.09     839759
-20.24     4.85     31.21     840773
-20.24     4.96     31.09     841788
-20.24     4.96     31.09     842802
-20.24     4.96     30.97     843816
-20.24     4.96     30.97     844830
-20.24     4.96     30.97     845845
-20.24     4.96     30.97     846859
-20.24     4.96     30.97     847874
-20.24     4.96     30.97     848887
-20.06     4.96     31.09     849902
-20.06     4.96     31.09     850916
-20.06     4.96     31.09     851931
-20.06     4.96     31.09     852944
-19.89     4.85     31.21     853959
-20.06     4.85     31.21     854973
-19.89     4.85     31.09     855987
-19.89     4.74     30.97     857001
-19.72     4.85     30.85     858015
-19.72     4.85     30.73     859030
-19.72     4.85     30.61     860044
-19.72     4.85     30.49     861059
-19.72     4.96     30.26     862072
-19.72     5.07     30.14     863087
-19.72     4.96     30.14     864101
-19.72     5.07     30.02     865116
-19.72     5.19     30.14     866129
-19.72     5.19     30.26     867144
-19.72     5.30     30.26     868158
-19.72     5.30     30.26     869173
-19.89     5.30     30.37     870187
-19.89     5.30     30.37     871201
-19.89     5.41     30.49     872216
-19.89     5.41     30.49     873230
-19.89     5.41     30.49     874245
-19.89     5.41     30.61     875258
-19.89     5.41     30.61     876273
-19.89     5.41     30.61     877287
-20.06     5.41     30.73     878302
-20.06     5.41     30.73     879315
-20.06     5.41     30.73     880330
-20.06     5.41     30.73     881345
-20.24     5.52     30.85     882359
-20.24     5.41     30.85     883374
-20.24     5.41     30.85     884387
-20.24     5.52     30.85     885402
-20.24     5.41     30.85     886416
-20.06     5.41     30.97     887431
-20.24     5.41     30.85     888445
-20.06     5.41     30.97     889459
-20.06     5.41     30.97     890474
-20.06     5.30     30.97     891488
-20.06     5.30     30.97     892503
-20.06     5.30     30.97     893516
-20.06     5.30     30.97     894531
-20.06     5.30     31.09     895545
-20.06     5.19     31.09     896560
-20.06     5.19     31.09     897573
-20.06     5.19     31.09     898588
-20.06     5.19     31.09     899602
-20.24     5.19     31.09     900617
-20.24     5.30     31.21     901630
-20.24     5.19     31.09     902645
-20.24     5.19     31.09     903659
-20.24     5.19     31.21     904674
-20.24     5.19     31.21     905688
-20.24     5.07     31.21     906702
-20.06     5.07     31.21     907716
-20.06     5.07     31.21     908731
-20.06     5.07     31.21     909745
-20.06     4.96     31.33     910759
-20.06     4.96     31.33     911773
-19.89     4.85     31.33     912788
-19.72     4.74     31.33     913802
-19.89     4.85     31.33     914817
-19.72     4.74     31.33     915830
-19.72     4.62     31.33     916845
-19.72     4.62     31.33     917859
-19.72     4.74     31.33     918874
-19.72     4.62     31.33     919887
-19.72     4.51     31.33     920902
-19.72     4.51     31.33     921916
-19.89     4.51     31.33     922931
-19.89     4.51     31.21     923944
-19.89     4.62     30.97     924959
-19.89     4.62     30.85     925973
-19.89     4.62     30.73     926987
-20.06     4.74     30.61     928002
-20.06     4.85     30.37     929015
-20.06     4.85     30.37     930030
-20.06     4.96     30.37     931044
-20.24     4.96     30.37     932059
-20.24     5.07     30.37     933072
-20.24     5.07     30.37     934087
-20.24     5.07     30.49     935101
-20.24     5.07     30.49     936116
-20.24     5.19     30.61     937129
-20.24     5.07     30.61     938144
-20.24     5.07     30.61     939158
-20.06     5.07     30.73     940173
-20.06     5.07     30.73     941187
-20.06     5.07     30.73     942201
-19.89     4.96     30.85     943215
-19.89     4.96     30.85     944230
-19.89     4.96     30.85     945244
-19.72     4.85     30.85     946258
-19.72     4.85     30.97     947272
-19.72     4.85     30.97     948287
-19.72     4.85     30.97     949301
-19.72     4.85     30.97     950316
-19.72     4.85     30.97     951329
-19.72     4.74     31.09     952344
-19.72     4.74     31.09     953358
-19.89     4.74     31.09     954373
-19.89     4.74     31.09     955386
-19.89     4.74     31.09     956401
-19.89     4.85     31.09     957415
-19.89     4.74     31.09     958430
-19.89     4.74     31.09     959443
-20.06     4.74     31.21     960458
-20.06     4.85     30.97     961472
-20.06     4.85     30.85     962487
-20.06     4.96     30.73     963501
-20.06     4.96     30.73     964515
-20.24     4.96     30.73     965529
-20.24     5.07     30.73     966544
-20.24     5.07     30.85     967558
-20.24     5.07     30.85     968572
-20.24     5.07     30.73     969586
-20.24     5.19     30.97     970601
-20.24     5.07     30.85     971615
-20.24     5.07     30.97     972630
-20.24     5.07     31.09     973643
-20.06     5.07     30.97     974658
-20.24     5.07     30.97     975672
-20.06     4.96     31.09     976687
-19.89     4.96     31.09     977700
-19.89     4.96     31.09     978715
-19.89     4.96     31.09     979729
-19.72     4.96     31.09     980744
-19.89     4.85     31.21     981757
-19.89     4.85     31.09     982772
-19.89     4.85     31.21     983786
-19.89     4.74     31.09     984800
-19.89     4.74     31.21     985815
-19.89     4.85     31.09     986828
-19.89     4.74     31.09     987843
-19.89     4.74     30.97     988857
-20.06     4.74     30.85     989872
-20.06     4.74     30.73     990885
-20.06     4.74     30.61     991900
-20.06     4.85     30.49     992914
-20.06     4.96     30.37     993929
-20.06     4.96     30.37     994942
-20.24     5.07     30.26     995957
-20.24     5.19     30.26     996971
-20.24     5.19     30.37     997986
-20.24     5.19     30.37     999000
-20.24     5.07     30.37     1000014
-20.24     5.19     30.49     1001028
-20.24     5.19     30.61     1002043
-20.06     5.19     30.61     1003057
-20.06     5.07     30.61     1004071
-20.06     5.07     30.61     1005086
-20.06     5.19     30.73     1006100
-20.06     5.07     30.73     1007115
-19.89     5.07     30.73     1008129
-19.72     4.96     30.85     1009143
-19.72     4.96     30.85     1010157
-19.72     4.96     30.85     1011172
-19.72     4.85     30.85     1012186
-19.72     4.85     30.85     1013200
-19.55     4.74     30.97     1014214
-19.55     4.74     30.97     1015229
-19.72     4.74     30.85     1016243
-19.72     4.74     30.73     1017257
-19.55     4.85     30.61     1018272
-19.72     4.74     30.49     1019286
-19.72     4.96     30.49     1020301
-19.72     4.96     30.37     1021315
-19.72     4.96     30.26     1022329
-19.89     4.96     30.26     1023343
-19.89     4.96     30.26     1024358
-19.89     5.07     30.37     1025372
-19.89     5.07     30.37     1026386
-19.89     5.07     30.37     1027400
-19.89     5.19     30.49     1028415
-19.89     5.19     30.49     1029430
-20.06     5.19     30.61     1030444
-20.06     5.30     30.61     1031458
-20.06     5.30     30.61     1032472
-20.06     5.30     30.61     1033487
-20.06     5.30     30.73     1034501
-20.06     5.30     30.73     1035515
-20.06     5.30     30.73     1036529
-20.24     5.30     30.73     1037544
-20.24     5.41     30.85     1038558
-20.24     5.41     30.85     1039572
-20.24     5.41     30.85     1040587
-20.24     5.30     30.85     1041601
-20.24     5.30     30.97     1042616
-20.24     5.30     30.97     1043630
-20.24     5.30     30.85     1044644
-20.24     5.30     30.97     1045658
-20.06     5.19     30.97     1046673
-20.06     5.19     30.97     1047687
-20.06     5.19     31.09     1048701
-19.89     5.07     31.09     1049716
-20.06     5.07     31.09     1050730
-19.89     5.07     31.09     1051745
-19.89     5.07     31.09     1052759
-19.89     4.96     31.09     1053773
-19.89     5.07     31.09     1054787
-19.89     4.96     31.09     1055802
-19.89     4.96     31.09     1056816
-19.89     4.96     31.09     1057830
-20.06     4.96     31.09     1058844
-20.06     4.96     31.21     1059859
-20.06     4.96     31.09     1060873
-20.06     4.96     31.21     1061888
-20.24     4.96     31.21     1062902
-20.24     4.96     31.21     1063916
-20.24     4.85     31.21     1064931
-20.24     4.96     31.21     1065945
-20.24     4.96     31.21     1066959
-20.24     4.96     31.33     1067973
-20.24     4.85     31.21     1068988
-20.24     4.96     31.33     1070002
-20.06     4.85     31.33     1071016
-20.06     4.85     31.44     1072030
-20.06     4.74     31.33     1073045
-20.06     4.74     31.33     1074059
-20.06     4.62     31.33     1075074
-19.89     4.62     31.33     1076087
-19.89     4.51     31.33     1077102
-19.89     4.51     31.21     1078117
-19.72     4.62     30.97     1079131
-19.72     4.51     30.85     1080145
-19.72     4.51     30.73     1081159
-19.72     4.51     30.49     1082174
-19.72     4.62     30.37     1083188
-19.89     4.62     30.26     1084203
-19.72     4.62     30.14     1085216
-19.89     4.74     29.90     1086231
-19.89     4.85     29.78     1087245
-19.89     4.85     29.67     1088260
-19.89     5.07     29.55     1089273
-19.89     5.07     29.43     1090288
-19.89     5.19     29.43     1091303
-20.06     5.19     29.43     1092317
-20.06     5.30     29.43     1093331
-19.89     5.30     29.55     1094345
-19.89     5.41     29.55     1095360
-20.06     5.52     29.78     1096374
-20.06     5.52     29.78     1097389
-20.06     5.64     29.78     1098403
-20.06     5.52     29.90     1099417
-20.06     5.64     30.02     1100432
-20.24     5.64     30.02     1101447
-20.24     5.64     30.14     1102460
-20.24     5.64     30.02     1103475
-20.24     5.75     30.14     1104489
-20.24     5.75     30.26     1105504
-20.24     5.75     30.26     1106519
-20.06     5.75     30.26     1107532
-20.06     5.75     30.37     1108547
-20.06     5.64     30.37     1109561
-19.89     5.64     30.49     1110576
-20.06     5.64     30.37     1111590
-20.06     5.64     30.49     1112604
-19.89     5.64     30.49     1113619
-19.89     5.52     30.49     1114634
-19.89     5.64     30.61     1115648
-19.89     5.64     30.61     1116662
-19.89     5.52     30.61     1117676
-20.06     5.52     30.61     1118691
-20.06     5.52     30.61     1119706
-20.06     5.52     30.73     1120719
-20.06     5.41     30.73     1121734
-20.06     5.52     30.73     1122748
-20.06     5.41     30.73     1123763
-20.06     5.41     30.85     1124777
-20.06     5.52     30.85     1125791
-20.24     5.41     30.85     1126806
-20.24     5.41     30.85     1127820
-20.24     5.41     30.85     1128835
-20.24     5.41     30.97     1129849
-20.24     5.41     30.97     1130863
-20.24     5.41     30.97     1131878
-20.24     5.41     30.97     1132893
-20.24     5.30     30.97     1133906
-20.06     5.30     30.97     1134921
-20.06     5.19     30.97     1135935
-19.89     5.19     30.97     1136950
-19.89     5.07     31.09     1137964
-19.89     5.07     31.09     1138978
-19.72     4.96     31.09     1139992
-19.72     4.96     31.09     1141007
-19.89     4.96     31.09     1142021
-19.72     4.85     31.09     1143035
-19.89     4.85     31.09     1144049
-19.89     4.85     31.21     1145064
-19.89     4.85     31.09     1146078
-19.89     4.85     31.21     1147092
-19.89     4.85     31.21     1148107
-19.89     4.74     31.21     1149121
-19.89     4.74     31.21     1150136
-19.89     4.74     31.21     1151150
-20.06     4.74     31.21     1152164
-20.06     4.74     31.33     1153178
-20.06     4.74     31.21     1154193
-20.24     4.74     31.33     1155207
-20.24     4.74     31.33     1156221
-20.24     4.74     31.33     1157235
-20.24     4.74     31.33     1158250
-20.24     4.74     31.33     1159264
-20.24     4.74     31.33     1160279
-20.24     4.74     31.33     1161293
-20.24     4.62     31.33     1162307
-20.24     4.62     31.33     1163322
-20.06     4.51     31.33     1164336
-20.06     4.51     31.33     1165350
-20.06     4.51     31.33     1166364
-20.06     4.51     31.33     1167379
-19.89     4.51     31.33     1168393
-19.89     4.40     31.44     1169408
-19.89     4.40     31.44     1170421
-19.89     4.28     31.33     1171436
-19.72     4.28     31.21     1172450
-19.72     4.28     31.09     1173465
-19.72     4.28     30.85     1174478
-19.72     4.40     30.73     1175493
-19.89     4.40     30.61     1176508
-19.89     4.51     30.37     1177522
-19.89     4.51     30.26     1178536
-19.89     4.62     30.14     1179550
-19.89     4.62     30.02     1180565
-19.89     4.74     29.90     1181579
-20.06     4.74     29.90     1182594
-20.06     4.85     30.02     1183607
-20.06     4.96     30.02     1184622
-20.06     4.96     30.14     1185636
-20.06     4.96     30.14     1186651
-20.06     5.07     30.26     1187664
-20.06     5.07     30.26     1188679
-20.24     5.07     30.37     1189694
-20.24     5.07     30.37     1190708
-20.06     5.07     30.37     1191723
-20.06     5.07     30.49     1192736
-20.06     5.07     30.49     1193751
-20.06     5.07     30.49     1194765
-20.06     5.07     30.61     1195780
-19.89     4.96     30.49     1196793
-19.89     4.96     30.61     1197808
-19.72     4.96     30.61     1198822
-19.72     4.96     30.61     1199837
-19.72     4.85     30.85     1200850
-19.72     4.85     30.73     1201865
-19.72     4.85     30.73     1202879
-19.72     4.85     30.73     1203894
-19.72     4.85     30.85     1204908
-19.72     4.85     30.85     1205922
-19.72     4.74     30.85     1206937
-19.89     4.74     30.85     1207951
-19.72     4.85     30.85     1208966
-19.89     4.74     30.85     1209979
-19.89     4.85     30.85     1210994
-19.89     4.74     30.85     1212008
-19.89     4.74     30.97     1213023
-19.89     4.74     30.97     1214036
-20.06     4.74     30.97     1215051
-20.06     4.74     30.97     1216066
-20.06     4.74     30.97     1217080
-20.06     4.74     31.09     1218095
-20.06     4.74     31.09     1219108
-20.24     4.74     31.09     1220123
-20.24     4.74     31.09     1221137
-20.24     4.74     30.97     1222152
-20.24     4.74     30.97     1223165
-20.24     4.74     30.85     1224180
-20.24     4.74     30.61     1225194
-20.24     4.85     30.49     1226209
-20.24     4.85     30.37     1227223
-20.24     4.85     30.26     1228237
-20.24     4.85     30.26     1229252
-20.06     4.85     30.26     1230266
-20.06     4.96     30.26     1231281
-20.06     4.85     30.37     1232294
-19.89     4.96     30.37     1233309
-19.89     4.85     30.49     1234323
-19.72     4.85     30.49     1235338
-19.89     4.85     30.49     1236352
-19.72     4.85     30.61     1237366
-19.72     4.85     30.61     1238380
-19.72     4.85     30.61     1239395
-19.72     4.85     30.61     1240410
-19.72     4.85     30.73     1241423
-19.89     4.85     30.73     1242438
-19.72     4.74     30.61     1243452
-19.89     4.85     30.61     1244467
-19.89     4.85     30.61     1245480
-19.89     4.74     30.49     1246495
-19.89     4.85     30.26     1247509
-20.06     4.96     30.14     1248524
-19.89     5.07     30.02     1249538
-20.06     5.07     29.90     1250552
-20.06     5.19     29.90     1251567
-20.06     5.19     29.90     1252581
-20.06     5.30     30.02     1253596
-20.06     5.30     30.02     1254609
-20.24     5.41     30.14     1255624
-20.24     5.41     30.14     1256638
-20.24     5.41     30.26     1257653
-20.24     5.41     30.26     1258667
-20.24     5.41     30.37     1259681
-20.24     5.52     30.37     1260696
-20.24     5.41     30.37     1261710
-20.06     5.52     30.49     1262725
-20.06     5.41     30.49     1263739
-20.06     5.41     30.49     1264753
-20.06     5.41     30.61     1265768
-20.06     5.41     30.61     1266782
-20.06     5.41     30.61     1267796
-19.89     5.30     30.61     1268810
-19.89     5.30     30.73     1269825
-19.89     5.30     30.73     1270840
-19.89     5.41     30.73     1271854
-19.89     5.30     30.73     1272868
-20.06     5.30     30.85     1273882
-19.89     5.30     30.85     1274897
-20.06     5.30     30.85     1275911
-20.06     5.30     30.85     1276925
-20.06     5.30     30.85     1277939
-20.24     5.19     30.97     1278954
-20.24     5.30     30.97     1279969
-20.24     5.30     30.97     1280983
-20.24     5.19     30.97     1281997
-20.24     5.19     30.97     1283011
-20.24     5.19     30.97     1284026
-20.24     5.19     30.97     1285040
-20.24     5.07     30.97     1286054
-20.06     5.07     30.97     1287068
-20.06     5.07     31.09     1288083
-20.06     4.96     31.09     1289097
-19.89     4.85     30.97     1290112
-19.89     4.85     31.21     1291125
-19.72     4.74     31.09     1292140
-19.89     4.74     31.09     1293154
-19.72     4.74     31.09     1294169
-19.72     4.62     31.09     1295182
-19.89     4.62     31.09     1296197
-19.72     4.62     31.09     1297212
-19.72     4.62     31.09     1298226
-19.72     4.62     31.09     1299240
-19.89     4.51     31.09     1300254
-19.89     4.51     31.09     1301269
-19.89     4.62     30.97     1302283
-19.89     4.62     30.85     1303298
-19.89     4.62     30.61     1304311
-20.06     4.62     30.49     1305326
-19.89     4.62     30.37     1306340
-20.06     4.74     30.26     1307355
-20.24     4.85     30.14     1308368
-20.24     4.96     30.02     1309383
-20.24     4.96     30.02     1310398
-20.24     5.07     30.02     1311412
-20.24     5.07     30.14     1312427
-20.24     5.07     30.26     1313440
-20.24     5.07     30.26     1314455
-20.06     5.07     30.26     1315469
-20.06     5.07     30.26     1316484
-20.06     5.07     30.37     1317497
-20.06     5.07     30.37     1318512
-19.89     4.96     30.37     1319526
-19.89     4.96     30.49     1320541
-19.89     4.96     30.49     1321554
-19.72     4.96     30.49     1322569
-19.72     4.96     30.61     1323583
-19.72     4.85     30.61     1324598
-19.72     4.85     30.61     1325612
-19.72     4.85     30.73     1326626
-19.72     4.85     30.73     1327640
-19.72     4.85     30.73     1328655
-19.72     4.85     30.73     1329670
-19.72     4.74     30.85     1330683
-19.72     4.85     30.85     1331698
-19.72     4.85     30.73     1332712
-19.89     4.85     30.73     1333727
-19.89     4.85     30.73     1334740
-19.89     4.85     30.73     1335755
-19.89     4.85     30.73     1336769
-19.89     4.85     30.73     1337784
-19.89     4.96     30.85     1338799
-20.06     4.96     30.85     1339812
-20.06     4.96     30.85     1340827
-20.06     4.96     30.85     1341841
-20.24     4.96     30.97     1342856
-20.06     4.96     30.97     1343869
-20.06     4.96     30.97     1344884
-20.06     4.96     30.97     1345898
-20.24     4.96     30.97     1346913
-20.24     4.96     30.97     1347927
-20.24     4.96     31.09     1348941
-20.24     4.96     31.09     1349955
-20.24     4.96     31.09     1350970
-20.24     4.85     31.09     1351984
-20.24     4.85     31.09     1352998
-20.24     4.85     31.21     1354013
-20.24     4.74     31.21     1355027
-20.06     4.74     31.21     1356042
-20.06     4.74     31.21     1357056
-20.06     4.62     30.97     1358070
-20.06     4.62     30.97     1359084
-19.89     4.62     30.73     1360099
-19.89     4.62     30.61     1361113
-19.89     4.74     30.49     1362127
-19.89     4.74     30.26     1363141
-19.89     4.85     30.14     1364156
-20.06     4.85     30.02     1365170
-20.06     4.96     29.90     1366184
-20.06     4.96     29.78     1367199
-20.06     5.07     29.67     1368213
-20.06     5.07     29.67     1369228
-20.06     5.19     29.67     1370242
-20.06     5.19     29.78     1371256
-20.06     5.30     29.78     1372270
-20.06     5.30     29.90     1373285
-20.24     5.41     30.02     1374299
-20.24     5.52     30.02     1375313
-20.24     5.41     30.14     1376328
-20.24     5.41     30.14     1377342
-20.06     5.41     30.26     1378357
-20.24     5.52     30.26     1379371
-20.06     5.52     30.26     1380385
-20.06     5.41     30.37     1381400
-20.06     5.41     30.37     1382414
-19.89     5.41     30.37     1383429
-19.89     5.41     30.49     1384442
-19.89     5.30     30.49     1385457
-19.72     5.30     30.49     1386472
-19.72     5.30     30.49     1387486
-19.72     5.30     30.61     1388500
-19.72     5.30     30.61     1389514
-19.55     5.19     30.61     1390529
-19.72     5.19     30.61     1391543
-19.72     5.19     30.61     1392558
-19.72     5.19     30.61     1393571
-19.72     5.19     30.73     1394586
-19.72     5.07     30.73     1395601
-19.72     5.07     30.73     1396615
-19.72     5.07     30.73     1397629
-19.89     5.07     30.73     1398643
-19.89     5.19     30.85     1399658
-19.89     5.07     30.85     1400672
-19.89     5.07     30.85     1401687
-19.89     5.07     30.85     1402700
-19.89     5.07     30.97     1403715
-20.06     4.96     30.97     1404729
-20.06     5.07     30.97     1405744
-20.06     5.07     30.97     1406758
-20.06     5.07     31.09     1407772
-20.06     5.07     30.97     1408787
-20.24     5.07     30.97     1409801
-20.24     5.07     30.97     1410816
-20.24     5.07     31.09     1411829
-20.24     5.07     31.09     1412844
-20.24     5.07     31.09     1413858
-20.24     4.96     31.09     1414873
-20.24     4.96     31.09     1415886
-20.24     4.96     31.21     1416901
-20.24     4.96     31.09     1417915
-20.24     4.96     31.21     1418930
-20.06     4.85     31.21     1419943
-20.06     4.85     31.21     1420958
-20.06     4.74     31.21     1421972
-19.89     4.74     31.21     1422987
-19.89     4.74     31.21     1424002
-19.89     4.74     31.21     1425015
-19.89     4.62     31.33     1426030
-19.89     4.62     31.33     1427044
-19.89     4.62     31.33     1428059
-20.06     4.62     31.09     1429072
-19.89     4.62     30.97     1430087
-20.06     4.74     30.85     1431101
-20.06     4.74     30.61     1432116
-20.06     4.74     30.49     1433129
-20.06     4.74     30.49     1434144
-20.24     4.85     30.49     1435158
-20.24     4.85     30.37     1436173
-20.24     4.96     30.37     1437188
-20.24     4.96     30.37     1438201
-20.24     4.96     30.37     1439216
-20.24     4.96     30.37     1440230
-20.24     4.96     30.37     1441245
-20.24     4.96     30.49     1442258
-20.06     4.96     30.49     1443273
-20.06     4.96     30.49     1444287
-20.06     4.96     30.61     1445302
-19.89     4.85     30.61     1446316
-19.89     4.74     30.61     1447330
-19.89     4.85     30.61     1448344
-19.72     4.74     30.73     1449359
-19.72     4.74     30.61     1450374
-19.72     4.74     30.49     1451387
-19.72     4.74     30.37     1452402
-19.72     4.85     30.26     1453416
-19.72     4.85     30.14     1454431
-19.89     4.85     30.14     1455444
-19.72     4.96     30.02     1456459
-19.72     4.96     30.14     1457474
-19.89     4.96     30.14     1458488
-19.72     4.96     30.14     1459503
-19.72     5.07     30.26     1460516
-19.89     5.07     30.26     1461531
-19.89     5.07     30.37     1462545
-19.89     5.07     30.37     1463560
-19.89     5.07     30.49     1464573
-19.89     5.07     30.49     1465588
-19.89     5.19     30.49     1466602
-20.06     5.19     30.61     1467617
-20.06     5.19     30.61     1468631
-20.06     5.19     30.61     1469645
-20.06     5.19     30.61     1470660
-20.06     5.19     30.73     1471674
-20.06     5.19     30.73     1472689
-20.06     5.19     30.73     1473702
-20.24     5.19     30.73     1474717
-20.24     5.19     30.85     1475731
-20.24     5.19     30.85     1476746
-20.24     5.30     30.85     1477760
-20.24     5.19     30.85     1478774
-20.24     5.19     30.85     1479788
-20.24     5.19     30.97     1480803
-20.24     5.19     30.97     1481817
-20.24     5.07     30.97     1482831
-20.06     4.96     30.97     1483845
-20.06     4.96     31.09     1484860
-19.89     4.85     30.97     1485875
-19.89     4.85     31.09     1486888
-20.06     4.85     31.09     1487903
-19.89     4.74     31.09     1488917
-19.89     4.74     31.09     1489932
-19.89     4.74     30.97     1490946
-19.89     4.74     30.97     1491960
-19.89     4.85     30.73     1492974
-20.06     4.85     30.61     1493989
-19.89     4.74     30.49     1495003
-20.06     4.85     30.49     1496017
-20.06     4.85     30.37     1497032
-20.06     4.96     30.37     1498046
-20.06     4.96     30.49     1499061
-20.24     4.96     30.49     1500075
-20.06     4.96     30.49     1501089
-20.24     4.96     30.49     1502103
-20.24     5.07     30.61     1503118
-20.24     4.96     30.61     1504132
-20.24     5.07     30.61     1505146
-20.24     4.96     30.73     1506160
-20.24     4.96     30.73     1507175
-20.06     4.96     30.73     1508190
-20.06     4.96     30.73     1509203
-20.06     4.96     30.85     1510218
-20.06     4.85     30.85     1511232
-19.89     4.85     30.85     1512247
-19.89     4.85     30.85     1513261
-19.89     4.85     30.85     1514275
-19.89     4.85     30.97     1515289
-19.72     4.74     30.97     1516304
-19.72     4.74     30.97     1517318
-19.72     4.74     30.97     1518332
-19.72     4.74     30.85     1519347
-19.72     4.74     30.73     1520361
-19.72     4.85     30.49     1521376
-19.72     4.74     30.37     1522390
-19.72     4.85     30.26     1523404
-19.72     4.96     30.14     1524418
-19.89     4.96     30.02     1525433
-19.89     5.07     29.90     1526447
-19.89     5.07     29.90     1527461
-19.89     5.19     29.90     1528475
-19.89     5.19     30.02     1529490
-19.89     5.30     30.02     1530505
-20.06     5.19     30.14     1531518
-20.06     5.30     30.26     1532533
-20.06     5.41     30.26     1533547
-20.06     5.41     30.37     1534562
-20.06     5.41     30.37     1535577
-20.06     5.41     30.37     1536590
-20.06     5.41     30.49     1537605
-20.24     5.52     30.49     1538619
-20.24     5.52     30.49     1539634
-20.24     5.52     30.61     1540648
-20.24     5.41     30.61     1541662
-20.24     5.52     30.61     1542677
-20.24     5.41     30.61     1543691
-20.24     5.41     30.73     1544706
-20.06     5.52     30.73     1545720
-20.06     5.41     30.73     1546734
-19.89     5.30     30.85     1547749
-19.89     5.30     30.85     1548763
-19.89     5.30     30.85     1549777
-19.89     5.30     30.85     1550791
-19.89     5.19     30.85     1551806
-19.89     5.19     30.85     1552820
-19.89     5.19     30.97     1553835
-19.89     5.19     30.97     1554849
-19.89     5.07     30.97     1555863
-19.89     5.07     30.97     1556878
-19.89     5.07     30.97     1557892
-19.89     4.96     30.97     1558906
-20.06     5.07     30.97     1559920
-20.06     4.96     30.97     1560935
-20.06     4.96     31.09     1561949
-20.06     4.96     31.09     1562963
-20.06     4.96     31.09     1563977
-20.06     4.96     31.09     1564992
-20.24     4.96     31.09     1566007
-20.24     4.96     31.09     1567021
-20.24     4.85     31.09     1568035
-20.24     4.85     31.09     1569049
-20.24     4.85     31.21     1570064
-20.24     4.74     31.21     1571078
-20.24     4.74     31.21     1572092
-20.24     4.62     31.21     1573106
-20.06     4.62     31.21     1574121
-20.06     4.62     31.09     1575135
-20.06     4.62     30.97     1576150
-20.06     4.74     30.85     1577163
-20.06     4.51     30.73     1578178
-19.89     4.51     30.61     1579192
-19.89     4.51     30.49     1580207
-19.89     4.51     30.37     1581220
-19.72     4.62     30.26     1582235
-19.72     4.62     30.14     1583249
-19.72     4.62     30.02     1584264
-19.72     4.62     29.90     1585278
-19.55     4.74     29.78     1586292
-19.72     4.74     29.55     1587307
-19.72     4.96     29.43     1588321
-19.72     5.07     29.43     1589336
-19.72     5.07     29.31     1590349
-19.72     5.19     29.31     1591364
-19.89     5.19     29.43     1592378
-19.72     5.30     29.43     1593393
-19.72     5.41     29.55     1594407
-19.72     5.41     29.67     1595421
-19.72     5.41     29.67     1596436
-19.89     5.52     29.78     1597451
-19.89     5.52     29.78     1598465
-19.89     5.52     29.90     1599479
-19.89     5.64     29.90     1600493
-19.89     5.64     30.02     1601508
-19.89     5.64     30.02     1602523
-19.89     5.64     30.14     1603536
-19.89     5.64     30.14     1604551
-19.89     5.64     30.26     1605565
-20.06     5.52     30.26     1606580
-19.89     5.64     30.26     1607595
-20.06     5.64     30.26     1608608
-20.06     5.64     30.37     1609623
-20.06     5.64     30.37     1610638
-20.06     5.75     30.37     1611652
-20.06     5.75     30.37     1612666
-20.06     5.75     30.37     1613680
-20.24     5.75     30.49     1614695
-20.24     5.75     30.61     1615710
-20.24     5.75     30.49     1616723
-20.24     5.75     30.61     1617738
-20.24     5.75     30.61     1618752
-20.24     5.64     30.61     1619767
-20.06     5.64     30.61     1620782
-20.06     5.52     30.73     1621795
-20.06     5.52     30.73     1622810
-20.06     5.52     30.73     1623824
-20.06     5.41     30.73     1624839
-20.06     5.30     30.73     1625853
-19.89     5.30     30.85     1626867
-20.06     5.30     30.85     1627882
-20.06     5.30     30.85     1628896
-19.89     5.30     30.85     1629911
-20.06     5.30     30.85     1630925
-19.89     5.30     30.85     1631939
-20.06     5.30     30.85     1632954
-20.06     5.19     30.85     1633968
-20.24     5.30     30.97     1634982
-20.06     5.19     30.97     1635996
-20.06     5.19     30.97     1637011
-20.24     5.19     30.97     1638025
-20.24     5.19     30.97     1639040
-20.24     5.19     30.97     1640053
-20.24     5.07     31.09     1641068
-20.24     5.07     30.97     1642083
-20.24     5.07     31.09     1643097
-20.24     5.07     31.09     1644111
-20.06     4.96     31.09     1645125
-20.06     4.96     31.09     1646140
-19.89     4.96     31.21     1647154
-20.06     4.85     31.21     1648168
-19.89     4.85     31.21     1649182
-19.89     4.74     31.09     1650197
-19.72     4.74     31.21     1651211
-19.72     4.74     31.21     1652226
-19.89     4.62     31.21     1653239
-19.89     4.62     31.21     1654254
-19.89     4.62     31.21     1655269
-19.89     4.51     31.21     1656283
-19.72     4.51     31.33     1657297
-19.89     4.51     31.33     1658311
-19.89     4.51     31.33     1659326
-19.89     4.51     31.33     1660340
-19.89     4.51     31.33     1661355
-20.06     4.51     31.33     1662368
-20.06     4.51     31.44     1663383
-20.06     4.51     31.44     1664397
-20.06     4.51     31.33     1665412
-20.06     4.51     31.44     1666426
-20.24     4.51     31.44     1667440
-20.24     4.51     31.44     1668455
-20.24     4.51     31.44     1669469
-20.41     4.40     31.44     1670483
-20.41     4.40     31.44     1671497
-20.41     4.40     31.56     1672512
-20.24     4.40     31.44     1673526
-20.24     4.40     31.33     1674541
-20.41     4.40     31.21     1675554
-20.24     4.40     30.97     1676569
-20.24     4.51     30.97     1677583
-20.24     4.40     30.61     1678598
-20.06     4.51     30.49     1679611
-20.06     4.51     30.37     1680626
-20.06     4.51     30.26     1681640
-19.89     4.51     30.14     1682655
-19.89     4.51     29.90     1683668
-19.89     4.51     29.90     1684683
-19.72     4.62     29.78     1685698
-19.72     4.74     29.67     1686712
-19.72     4.85     29.55     1687727
-19.72     4.85     29.55     1688740
-19.72     4.85     29.55     1689755
-19.72     4.96     29.55     1690769
-19.72     4.96     29.67     1691784
-19.72     5.07     29.67     1692797
-19.72     5.07     29.90     1693812
-19.72     5.07     29.90     1694827
-19.72     5.19     29.90     1695841
-19.72     5.19     30.02     1696856
-19.72     5.19     30.02     1697869
-19.72     5.19     30.14     1698884
-19.89     5.19     30.14     1699898
-19.89     5.30     30.14     1700913
-19.89     5.19     30.26     1701926
-19.89     5.19     30.26     1702941
-19.72     5.30     30.26     1703956
-19.89     5.30     30.37     1704970
-19.89     5.30     30.37     1705985
-19.89     5.30     30.37     1706998
-19.89     5.30     30.37     1708013
-20.06     5.30     30.49     1709027
-19.89     5.30     30.49     1710042
-20.06     5.30     30.49     1711055
-20.06     5.30     30.49     1712070
-20.06     5.30     30.49     1713085
-20.06     5.30     30.61     1714099
-20.06     5.30     30.61     1715113
-20.06     5.30     30.61     1716127
-20.24     5.30     30.61     1717142
-20.24     5.30     30.73     1718156
-20.24     5.41     30.73     1719171
-20.24     5.41     30.73     1720184
-20.24     5.41     30.73     1721199
-20.24     5.30     30.73     1722214
-20.24     5.30     30.73     1723228
-20.24     5.19     30.85     1724242
-20.06     5.30     30.85     1725256
-20.06     5.19     30.85     1726271
-20.06     5.30     30.85     1727285
-20.06     5.19     30.85     1728300
-20.06     5.19     30.85     1729313
-20.06     5.19     30.97     1730328
-20.06     5.07     30.97     1731343
-20.06     5.07     30.97     1732357
-20.06     5.07     30.97     1733371
-20.06     4.96     31.09     1734385
-20.06     4.96     31.09     1735400

