0.00     0.00     0.00     0
21.36     22.25     23.25     1013
21.25     22.25     23.37     2027
21.36     22.25     23.37     3041
21.25     22.14     23.59     4055
21.25     22.14     23.70     5068
21.25     22.03     23.93     6082
21.25     22.03     24.04     7097
21.25     21.92     24.27     8111
21.25     21.80     24.49     9124
21.25     21.69     24.60     10138
21.25     21.58     24.94     11152
21.25     21.47     25.06     12166
21.14     21.36     25.28     13179
21.14     21.14     25.40     14193
21.14     21.14     25.62     15207
21.14     20.92     25.74     16222
21.14     20.81     25.97     17235
21.14     20.70     26.19     18249
21.03     20.59     26.31     19263
21.03     20.36     26.54     20277
21.03     20.25     26.77     21291
21.03     20.14     26.77     22304
21.03     20.03     26.77     23319
21.03     19.81     27.00     24333
20.92     19.70     27.11     25347
20.92     19.59     27.23     26360
20.92     19.37     27.23     27374
20.81     19.26     27.34     28388
20.81     19.15     27.46     29402
20.70     19.04     27.57     30415
20.70     18.82     27.57     31429
20.70     18.71     27.69     32443
20.59     18.60     27.80     33458
20.59     18.38     27.92     34471
20.47     18.27     27.92     35485
20.47     18.16     27.92     36499
20.36     18.05     28.03     37513
20.36     17.83     28.15     38526
20.25     17.73     28.15     39540
20.25     17.62     28.27     40554
20.14     17.51     28.27     41568
20.14     17.29     28.38     42582
20.03     17.18     28.38     43595
20.03     17.07     28.50     44609
19.92     16.96     28.50     45623
19.81     16.74     28.50     46637
19.81     16.63     28.61     47650
19.70     16.52     28.73     48664
19.59     16.41     28.73     49678
19.59     16.30     28.73     50692
19.48     16.08     28.73     51705
19.48     15.98     28.85     52719
19.37     15.87     28.85     53733
19.26     15.76     28.85     54747
19.26     15.65     28.96     55760
19.15     15.54     28.96     56774
19.04     15.43     29.08     57788
18.93     15.32     29.08     58802
18.82     15.10     29.08     59815
18.82     14.99     29.08     60829
18.71     14.88     29.08     61843
18.60     14.77     29.20     62857
18.49     14.66     29.20     63870
18.49     14.56     29.31     64884
18.38     14.45     29.31     65898
18.27     14.34     29.31     66912
18.16     14.23     29.31     67926
18.05     14.12     29.31     68939
18.05     14.01     29.43     69953
17.94     13.90     29.43     70967
17.83     13.79     29.43     71981
17.73     13.68     29.55     72994
17.62     13.57     29.55     74008
17.51     13.46     29.55     75022
17.40     13.35     29.55     76037
17.40     13.25     29.67     77050
17.29     13.14     29.67     78064
17.18     13.03     29.67     79078
17.07     13.03     29.67     80092
16.96     12.92     29.78     81105
16.85     12.81     29.78     82119
16.74     12.70     29.78     83133
16.63     12.59     29.78     84147
16.52     12.48     29.78     85160
16.52     12.48     29.90     86174
16.41     12.37     29.90     87188
16.30     12.26     29.90     88202
16.19     12.15     30.02     89216
16.08     12.15     30.02     90229
15.98     12.04     30.02     91243
15.87     11.93     30.14     92257
15.76     11.83     30.14     93271
15.65     11.83     30.14     94284
15.54     11.72     30.14     95298
15.43     11.61     30.14     96312
15.32     11.61     30.26     97326
15.21     11.50     30.26     98339
15.21     11.50     30.26     99353
14.99     11.39     30.26     100367
14.88     11.28     30.37     101381
14.88     11.17     30.37     102393
14.77     11.17     30.37     103407
14.66     11.06     30.37     104421
14.56     11.06     30.49     105435
14.45     11.06     30.49     106448
14.34     10.95     30.49     107462
14.23     10.84     30.49     108476
14.23     10.73     30.49     109490
14.01     10.73     30.49     110503
13.90     10.62     30.49     111517
13.79     10.51     30.61     112531
13.68     10.51     30.61     113545
13.68     10.40     30.61     114558
13.57     10.29     30.61     115572
13.46     10.18     30.61     116586
13.35     10.18     30.73     117600
13.25     10.07     30.61     118614
13.14     10.07     30.73     119627
13.03     9.96     30.73     120642
12.92     9.85     30.73     121656
12.81     9.85     30.73     122670
12.70     9.85     30.73     123683
12.48     9.85     30.85     124698
12.26     9.74     30.85     125712
12.15     9.74     30.85     126726
11.93     9.74     30.85     127739
11.61     9.74     30.85     128754
11.39     9.85     30.85     129768
11.17     9.85     30.85     130782
10.95     9.85     30.85     131795
10.73     9.96     30.97     132810
10.40     9.96     30.97     133824
10.18     10.07     30.97     134838
9.85     10.07     31.09     135852
9.63     10.18     30.97     136865
9.41     10.29     30.97     137879
9.08     10.29     30.97     138893
8.86     10.40     30.97     139907
8.53     10.51     31.09     140921
8.31     10.62     31.09     141935
7.98     10.73     31.09     142949
7.75     10.73     31.09     143963
7.53     10.84     31.09     144976
7.20     10.95     31.21     145990
6.98     11.06     31.21     147005
6.75     11.06     31.21     148019
6.42     11.17     31.21     149032
6.20     11.28     31.21     150046
5.97     11.28     31.21     151060
5.75     11.39     31.21     152074
5.41     11.50     31.33     153088
5.19     11.61     31.33     154102
4.96     11.72     31.33     155116
4.74     11.83     31.33     156130
4.51     11.83     31.33     157144
4.28     11.93     31.33     158157
4.06     12.04     31.44     159172
3.83     12.15     31.33     160186
3.60     12.26     31.44     161200
3.37     12.37     31.44     162213
3.15     12.37     31.44     163227
2.92     12.48     31.44     164241
2.69     12.59     31.44     165255
2.46     12.70     31.44     166268
2.23     12.70     31.44     167283
2.11     12.81     31.44     168297
1.77     12.92     31.56     169311
1.65     12.92     31.56     170324
1.42     13.03     31.56     171338
1.19     13.03     31.56     172352
0.95     13.14     31.56     173366
0.72     13.25     31.56     174380
0.60     13.35     31.68     175393
0.37     13.35     31.68     176408
0.13     13.46     31.68     177422
0.02     13.57     31.68     178436
-0.22     13.57     31.68     179449
-0.34     13.68     31.80     180463
-0.57     13.79     31.80     181477
-0.69     13.79     31.80     182491
-0.93     13.90     31.80     183504
-1.05     14.01     31.92     184518
-1.29     14.01     31.92     185532
-1.41     14.12     31.92     186546
-1.65     14.23     31.92     187559
-1.77     14.23     32.04     188574
-2.01     14.34     32.04     189588
-2.13     14.34     32.04     190602
-2.25     14.45     32.04     191616
-2.49     14.45     32.04     192629
-2.61     14.56     32.04     193643
-2.73     14.56     32.04     194657
-2.98     14.56     32.04     195671
-3.10     14.66     32.16     196684
-3.22     14.66     32.16     197698
-3.47     14.77     32.29     198712
-3.47     14.77     32.16     199726
-3.71     14.88     32.16     200740
-3.84     14.88     32.16     201754
-3.96     14.99     32.16     202768
-4.21     14.99     32.16     203782
-4.33     14.99     32.16     204795
-4.46     15.10     32.16     205809
-4.58     15.10     32.29     206823
-4.71     15.10     32.16     207837
-4.83     15.21     32.29     208850
-4.96     15.21     32.29     209864
-5.08     15.21     32.29     210878
-5.21     15.32     32.29     211892
-5.33     15.32     32.29     212905
-5.46     15.32     32.29     213919
-5.71     15.43     32.29     214933
-5.84     15.43     32.29     215947
-5.97     15.43     32.29     216961
-5.97     15.43     32.29     217974
-6.22     15.54     32.41     218988
-6.22     15.54     32.41     220002
-6.35     15.54     32.41     221016
-6.48     15.54     32.41     222029
-6.61     15.54     32.41     223043
-6.74     15.65     32.41     224057
-6.86     15.65     32.53     225071
-6.99     15.65     32.53     226084
-7.12     15.76     32.53     227098
-7.25     15.65     32.53     228112
-7.38     15.76     32.53     229126
-7.38     15.76     32.53     230139
-7.51     15.76     32.53     231153
-7.64     15.76     32.41     232167
-7.78     15.76     32.53     233181
-7.91     15.87     32.53     234194
-7.91     15.87     32.53     235208
-8.04     15.98     32.53     236222
-8.17     15.98     32.65     237236
-8.30     15.98     32.65     238251
-8.43     15.98     32.65     239264
-8.43     15.98     32.65     240278
-8.57     15.98     32.65     241292
-8.70     16.08     32.65     242306
-8.70     16.08     32.65     243319
-8.83     16.08     32.65     244333
-8.97     16.08     32.65     245348
-9.10     16.08     32.65     246362
-9.10     16.08     32.77     247375
-9.10     16.08     32.77     248389
-9.37     16.08     32.77     249403
-9.37     16.19     32.77     250418
-9.51     16.19     32.77     251431
-9.64     16.19     32.77     252445
-9.64     16.19     32.77     253459
-9.78     16.19     32.77     254474
-9.78     16.19     32.77     255488
-9.91     16.19     32.89     256501
-10.05     16.19     32.89     257515
-10.05     16.19     32.89     258530
-10.19     16.30     32.89     259544
-10.19     16.19     32.89     260557
-10.32     16.19     32.89     261572
-10.32     16.19     33.01     262586
-10.46     16.30     33.01     263600
-10.60     16.30     33.01     264613
-10.60     16.30     32.89     265628
-10.74     16.30     33.01     266642
-10.74     16.30     33.01     267656
-10.87     16.30     33.01     268670
-11.01     16.30     33.01     269684
-11.01     16.30     33.01     270698
-11.15     16.30     33.01     271712
-11.15     16.41     33.01     272727
-11.29     16.30     33.01     273740
-11.29     16.41     32.89     274754
-11.43     16.41     33.01     275768
-11.43     16.41     33.01     276783
-11.57     16.41     33.01     277796
-11.57     16.41     33.01     278810
-11.71     16.41     33.01     279825
-11.71     16.41     32.89     280839
-11.86     16.41     33.01     281852
-11.86     16.41     33.01     282866
-12.00     16.41     33.01     283881
-12.00     16.41     33.01     284895
-12.14     16.41     33.01     285908
-12.14     16.41     33.01     286922
-12.14     16.41     33.01     287936
-12.28     16.41     33.13     288951
-12.28     16.41     33.01     289965
-12.42     16.30     33.01     290978
-12.42     16.41     33.01     291992
-12.57     16.41     33.01     293007
-12.57     16.30     33.13     294021
-12.57     16.30     33.01     295034
-12.57     16.30     33.01     296048
-12.71     16.30     33.13     297062
-12.86     16.30     33.01     298077
-12.86     16.30     33.01     299090
-13.00     16.30     33.01     300104
-13.00     16.30     33.01     301118
-13.15     16.30     33.01     302132
-13.15     16.30     33.01     303145
-13.15     16.30     33.01     304160
-13.15     16.30     33.13     305174
-13.29     16.30     33.13     306188
-13.44     16.30     33.01     307202
-13.44     16.19     33.01     308215
-13.44     16.30     33.13     309230
-13.58     16.19     33.01     310244
-13.58     16.30     33.01     311258
-13.58     16.19     33.01     312271
-13.58     16.30     33.13     313285
-13.73     16.19     33.01     314299
-13.73     16.19     33.01     315314
-13.73     16.19     33.01     316327
-13.88     16.19     33.01     317341
-13.88     16.19     33.01     318355
-13.88     16.19     33.01     319369
-14.03     16.19     33.01     320384
-14.03     16.19     33.01     321397
-14.03     16.19     33.01     322411
-14.17     16.19     33.13     323425
-14.17     16.19     33.01     324439
-14.32     16.19     33.13     325452
-14.17     16.19     33.13     326467
-14.32     16.19     33.01     327481
-14.32     16.19     33.13     328495
-14.47     16.08     33.13     329508
-14.47     16.08     33.13     330522
-14.47     16.08     33.13     331536
-14.62     16.08     33.13     332551
-14.62     16.08     33.13     333564
-14.62     16.08     33.13     334578
-14.62     16.08     33.13     335592
-14.77     16.08     33.13     336606
-14.77     16.08     33.13     337619
-14.77     16.08     33.13     338633
-14.92     16.08     33.13     339647
-14.92     16.08     33.13     340661
-14.92     16.08     33.13     341675
-15.07     16.08     33.13     342688
-15.07     16.08     33.13     343702
-15.07     16.08     33.13     344717
-15.23     16.08     33.13     345731
-15.07     16.08     33.13     346744
-15.23     16.08     33.13     347758
-15.23     16.08     33.13     348772
-15.38     16.08     33.13     349786
-15.38     16.08     33.13     350799
-15.38     15.98     33.13     351813
-15.38     15.98     33.13     352827
-15.38     15.98     33.13     353841
-15.53     15.98     33.13     354854
-15.53     15.98     33.13     355868
-15.53     15.98     33.13     356882
-15.69     15.98     33.13     357896
-15.69     15.98     33.13     358910
-15.69     15.98     33.13     359924
-15.69     15.98     33.13     360938
-15.84     15.98     33.13     361952
-15.84     15.98     33.13     362966
-15.84     15.98     33.13     363979
-15.84     15.98     33.13     364993
-15.99     15.87     33.13     366007
-15.99     15.87     33.13     367021
-15.99     15.87     33.13     368034
-15.99     15.87     33.13     369048
-16.15     15.87     33.13     370062
-16.15     15.87     33.13     371076
-16.15     15.87     33.13     372089
-16.15     15.87     33.13     373104
-16.15     15.87     33.13     374118
-16.30     15.87     33.13     375132
-16.30     15.87     33.13     376145
-16.30     15.87     33.13     377159
-16.30     15.87     33.13     378173
-16.46     15.87     33.13     379187
-16.30     15.87     33.13     380200
-16.46     15.76     33.13     381214
-16.46     15.76     33.13     382228
-16.46     15.76     33.13     383242
-16.46     15.76     33.13     384256
-16.62     15.76     33.01     385269
-16.62     15.76     33.13     386283
-16.62     15.76     33.13     387297
-16.78     15.76     33.01     388311
-16.78     15.76     33.13     389324
-16.78     15.76     33.01     390338
-16.78     15.76     33.01     391352
-16.78     15.76     33.13     392366
-16.78     15.65     33.01     393379
-16.78     15.76     33.01     394393
-16.93     15.65     33.01     395408
-16.93     15.65     33.01     396422
-16.93     15.65     33.01     397435
-16.93     15.65     33.13     398449
-16.93     15.65     33.13     399463
-17.09     15.65     33.13     400477
-17.09     15.65     33.01     401490
-17.09     15.54     33.13     402504
-17.09     15.54     33.13     403518
-17.09     15.54     33.01     404532
-17.09     15.54     33.13     405545
-17.25     15.54     33.13     406559
-17.25     15.54     33.13     407573
-17.25     15.54     33.13     408587
-17.25     15.54     33.13     409601
-17.25     15.54     33.13     410614
-17.41     15.54     33.26     411628
-17.41     15.54     33.13     412642
-17.41     15.65     33.13     413656
-17.41     15.54     33.26     414670
-17.41     15.54     33.26     415684
-17.57     15.54     33.26     416698
-17.57     15.54     33.26     417712
-17.57     15.54     33.26     418725
-17.57     15.54     33.26     419739
-17.57     15.54     33.26     420753
-17.57     15.54     33.26     421767
-17.73     15.43     33.26     422780
-17.73     15.54     33.26     423794
-17.73     15.43     33.13     424808
-17.73     15.43     33.13     425822
-17.73     15.54     33.26     426836
-17.73     15.43     33.13     427850
-17.90     15.43     33.26     428864
-17.73     15.43     33.13     429878
-17.90     15.43     33.38     430892
-17.90     15.43     33.13     431905
-17.90     15.43     33.13     432919
-17.90     15.32     33.26     433933
-17.90     15.32     33.26     434947
-18.06     15.32     33.13     435960
-18.06     15.32     33.26     436974
-18.06     15.32     33.13     437988
-18.06     15.32     33.26     439002
-18.06     15.32     33.13     440015
-18.06     15.21     33.13     441029
-18.06     15.32     33.26     442043
-18.22     15.32     33.13     443058
-18.06     15.21     33.13     444071
-18.22     15.21     33.13     445085
-18.22     15.21     33.13     446099
-18.22     15.21     33.13     447113
-18.22     15.32     33.13     448126
-18.22     15.21     33.13     449140
-18.39     15.21     33.13     450154
-18.22     15.21     33.13     451168
-18.39     15.21     33.13     452183
-18.39     15.21     33.26     453196
-18.39     15.21     33.13     454210
-18.39     15.21     33.13     455224
-18.39     15.10     33.13     456238
-18.55     15.10     33.13     457251
-18.39     15.10     33.13     458265
-18.55     15.10     33.13     459279
-18.55     15.10     33.13     460293
-18.55     15.10     33.13     461306
-18.55     15.10     33.13     462320
-18.55     15.10     33.13     463334
-18.72     15.10     33.13     464348
-18.72     15.10     33.13     465361
-18.72     15.10     33.01     466375
-18.55     14.99     33.13     467389
-18.72     15.10     33.13     468403
-18.72     14.99     33.13     469416
-18.72     15.10     33.01     470430
-18.72     15.10     33.13     471444
-18.72     15.10     33.13     472458
-18.72     15.10     33.01     473472
-18.88     14.99     33.01     474485
-18.88     14.99     33.13     475499
-18.88     15.10     33.01     476513
-18.88     14.99     33.01     477527
-18.88     14.99     33.01     478541
-19.05     14.99     33.13     479555
-18.88     14.99     33.01     480569
-18.88     14.99     33.01     481583
-18.88     14.99     33.01     482596
-19.05     14.99     33.01     483610
-19.05     14.88     33.01     484624
-19.05     14.88     33.01     485638
-19.05     14.88     33.01     486651
-19.05     14.88     33.01     487665
-19.05     14.88     33.01     488679
-19.05     14.88     33.01     489693
-19.05     14.88     33.01     490706
-19.05     14.88     33.01     491720
-19.22     14.77     32.89     492734
-19.22     14.77     33.01     493748
-19.22     14.77     33.01     494761
-19.22     14.77     33.01     495775
-19.22     14.77     33.01     496790
-19.22     14.88     33.13     497804
-19.22     14.77     33.01     498818
-19.22     14.88     33.01     499831
-19.22     14.77     33.01     500845
-19.22     14.77     33.01     501859
-19.38     14.77     33.01     502873
-19.38     14.77     33.01     503886
-19.38     14.77     33.01     504900
-19.38     14.77     33.13     505915
-19.38     14.77     33.01     506929
-19.38     14.77     33.01     507942
-19.38     14.77     33.01     508956
-19.38     14.77     33.01     509970
-19.38     14.77     33.01     510984
-19.55     14.77     33.01     511998
-19.55     14.66     33.01     513012
-19.38     14.66     33.01     514026
-19.55     14.66     33.01     515040
-19.55     14.66     33.01     516054
-19.55     14.77     33.01     517067
-19.55     14.66     33.01     518081
-19.72     14.77     33.01     519095
-19.55     14.66     33.01     520109
-19.72     14.66     33.01     521123
-19.55     14.66     33.01     522137
-19.55     14.66     33.01     523151
-19.72     14.66     33.01     524165
-19.72     14.66     33.01     525178
-19.72     14.66     33.01     526192
-19.72     14.66     33.13     527206
-19.72     14.66     33.01     528220
-19.72     14.66     33.01     529234
-19.72     14.66     33.01     530248
-19.72     14.66     33.01     531262
-19.72     14.66     33.13     532276
-19.72     14.66     33.13     533289
-19.72     14.66     33.13     534303
-19.89     14.56     33.01     535317
-19.89     14.56     33.01     536331
-19.89     14.56     33.13     537345
-19.89     14.56     33.13     538358
-19.89     14.56     33.13     539373
-19.89     14.45     33.01     540387
-19.89     14.56     33.13     541401
-19.89     14.45     33.13     542414
-20.06     14.45     33.13     543428
-19.89     14.45     33.13     544442
-20.06     14.45     33.13     545456
-20.06     14.45     33.01     546469
-19.89     14.45     33.13     547483
-20.06     14.45     33.01     548497
-20.06     14.34     33.01     549511
-20.06     14.45     33.01     550524
-20.06     14.45     33.01     551538
-20.06     14.45     33.01     552553
-20.06     14.45     33.01     553567
-20.06     14.45     33.01     554580
-20.24     14.45     33.01     555594
-20.24     14.45     33.01     556608
-20.06     14.45     33.01     557622
-20.24     14.45     33.01     558636
-20.24     14.34     33.01     559649
-20.24     14.45     33.01     560663
-20.24     14.45     33.13     561677
-20.24     14.45     33.13     562691
-20.24     14.34     33.01     563704
-20.24     14.34     33.01     564719
-20.24     14.34     33.01     565733
-20.24     14.34     33.01     566747
-20.24     14.45     33.01     567760
-20.41     14.34     33.01     568774
-20.24     14.34     33.01     569788
-20.24     14.34     33.01     570802
-20.41     14.34     33.01     571815
-20.41     14.34     33.01     572829
-20.41     14.34     33.01     573843
-20.41     14.34     33.01     574857
-20.41     14.34     33.01     575870
-20.41     14.34     33.01     576884
-20.41     14.34     33.01     577899
-20.41     14.34     33.01     578913
-20.41     14.34     33.01     579927
-20.41     14.34     33.01     580940
-20.58     14.34     33.01     581954
-20.58     14.34     33.01     582968
-20.41     14.34     33.01     583982
-20.58     14.34     33.01     584995
-20.41     14.34     33.01     586009
-20.41     14.34     33.01     587023
-20.58     14.34     33.13     588037
-20.58     14.34     33.01     589050
-20.58     14.34     33.01     590064
-20.58     14.23     33.01     591078
-20.58     14.34     33.01     592092
-20.58     14.34     33.01     593105
-20.58     14.34     33.01     594120
-20.58     14.23     33.01     595134
-20.76     14.34     33.01     596148
-20.76     14.34     33.01     597161
-20.58     14.34     33.01     598175
-20.76     14.34     33.01     599189
-20.76     14.34     33.13     600203
-20.76     14.23     33.01     601217
-20.76     14.23     33.01     602230
-20.76     14.23     33.01     603244
-20.76     14.23     33.01     604258
-20.76     14.23     33.01     605272
-20.76     14.23     33.01     606285
-20.93     14.23     33.01     607299
-20.76     14.23     33.01     608313
-20.76     14.12     33.01     609327
-20.76     14.12     33.01     610340
-20.76     14.12     33.01     611354
-20.76     14.12     33.01     612368
-20.76     14.01     33.01     613382
-20.93     14.01     33.01     614395
-20.76     14.01     33.01     615409
-20.93     14.01     33.01     616423
-20.93     14.01     33.01     617438
-20.76     14.01     33.01     618451
-20.93     14.01     33.01     619465
-20.93     14.01     32.89     620479
-20.93     14.01     33.01     621493
-20.93     13.90     33.01     622507
-20.93     13.90     33.01     623520
-20.93     13.90     33.01     624534
-21.11     13.90     33.01     625548
-21.11     13.90     33.01     626562
-21.11     13.90     32.89     627575
-21.11     14.01     33.01     628589
-21.11     14.01     33.01     629603
-21.11     14.01     33.01     630617
-21.11     14.01     33.01     631630
-21.11     14.01     33.01     632644
-21.11     14.01     33.01     633658
-21.11     13.90     32.89     634672
-21.11     14.01     33.01     635685
-21.11     13.90     33.01     636699
-21.11     13.90     33.01     637713
-21.11     13.90     33.01     638727
-21.29     13.90     33.01     639740
-21.11     13.90     33.01     640754
-21.29     13.90     33.01     641768
-21.29     13.90     33.01     642782
-21.29     13.90     32.89     643795
-21.29     13.90     32.89     644809
-21.29     13.90     32.89     645823
-21.29     13.90     32.89     646837
-21.11     14.01     32.89     647851
-21.29     13.90     32.89     648864
-21.29     13.90     32.89     649878
-21.29     13.90     32.89     650893
-21.29     13.90     32.89     651907
-21.29     13.90     32.89     652920
-21.29     13.90     33.01     653934
-21.29     13.90     32.89     654948
-21.46     13.90     32.89     655962
-21.29     13.90     32.89     656975
-21.29     13.79     32.89     657989
-21.29     13.90     33.01     659003
-21.46     13.90     32.89     660017
-21.29     13.90     33.01     661030
-21.29     13.79     32.89     662044
-21.29     13.90     32.89     663058
-21.46     13.79     32.89     664072
-21.46     13.90     33.01     665085
-21.46     13.79     32.89     666099
-21.46     13.79     32.89     667113
-21.46     13.79     33.01     668127
-21.46     13.79     32.89     669140
-21.46     13.68     32.89     670154
-21.46     13.68     32.89     671168
-21.46     13.68     32.89     672182
-21.46     13.68     33.01     673196
-21.46     13.68     32.89     674209
-21.46     13.79     32.89     675223
-21.46     13.68     32.89     676237
-21.46     13.79     32.89     677251
-21.46     13.79     32.89     678264
-21.46     13.79     32.89     679278
-21.64     13.79     33.01     680292
-21.64     13.79     32.89     681306
-21.64     13.79     32.89     682319
-21.64     13.79     32.89     683333
-21.64     13.68     32.89     684347
-21.64     13.68     32.89     685361
-21.64     13.68     32.89     686374
-21.64     13.68     32.89     687388
-21.64     13.68     32.89     688402
-21.64     13.68     32.89     689416
-21.64     13.68     32.89     690429
-21.64     13.68     32.89     691443
-21.64     13.68     32.89     692457
-21.64     13.68     32.89     693471
-21.64     13.68     32.89     694484
-21.82     13.68     32.89     695498
-21.64     13.68     32.89     696512
-21.64     13.68     32.89     697526
-21.82     13.57     32.77     698540
-21.82     13.57     32.89     699553
-21.82     13.57     32.89     700567
-21.64     13.57     32.89     701581
-21.82     13.57     32.89     702595
-21.82     13.57     32.89     703608
-21.82     13.57     32.89     704622
-21.82     13.57     32.77     705636
-21.82     13.57     32.89     706650
-21.82     13.57     32.77     707663
-21.82     13.57     32.77     708677
-21.82     13.57     32.77     709691
-21.82     13.57     32.89     710705
-21.82     13.57     32.89     711719
-21.82     13.57     32.89     712733
-21.82     13.57     32.89     713747
-21.82     13.57     32.89     714761
-21.82     13.57     32.89     715774
-21.82     13.57     32.89     716788
-21.82     13.57     32.77     717802
-21.82     13.46     32.89     718816
-21.82     13.46     32.89     719830
-22.00     13.57     32.89     720843
-21.82     13.46     32.89     721857
-21.82     13.46     32.89     722872
-22.00     13.46     32.89     723886
-22.00     13.46     32.89     724899
-21.82     13.46     32.89     725913
-22.00     13.46     32.89     726927
-22.00     13.46     32.89     727941
-22.00     13.46     32.89     728954
-21.82     13.35     32.89     729968
-22.00     13.46     32.89     730982
-22.00     13.46     32.89     731996
-22.00     13.35     32.89     733009
-22.00     13.35     32.89     734024
-22.00     13.46     32.89     735038
-22.00     13.35     33.01     736052
-22.00     13.46     32.89     737065
-22.00     13.35     32.89     738079
-22.00     13.35     32.89     739093
-22.00     13.46     33.01     740107
-22.00     13.35     32.89     741121
-22.00     13.35     32.89     742134
-22.00     13.35     32.89     743148
-22.00     13.35     32.89     744162
-22.18     13.35     32.89     745176
-22.00     13.35     32.89     746189
-22.00     13.35     32.89     747204
-22.00     13.35     32.89     748218
-22.18     13.35     32.89     749232
-22.00     13.46     33.01     750245
-22.18     13.46     32.89     751259
-22.18     13.35     32.89     752273
-22.18     13.35     32.89     753287
-22.18     13.35     32.89     754300
-22.00     13.46     33.01     755314
-22.18     13.46     32.89     756328
-22.18     13.46     32.89     757342
-22.18     13.35     32.89     758355
-22.18     13.46     32.89     759370
-22.18     13.46     32.89     760384
-22.18     13.46     32.89     761398
-22.18     13.46     32.89     762412
-22.18     13.46     32.89     763425
-22.18     13.46     32.89     764439
-22.18     13.46     32.89     765453
-22.18     13.46     32.89     766467
-22.18     13.46     32.89     767480
-22.18     13.46     32.89     768494
-22.18     13.46     32.89     769508
-22.18     13.46     32.89     770523
-22.18     13.35     32.89     771536
-22.18     13.35     32.89     772550
-22.18     13.46     32.89     773564
-22.37     13.46     32.89     774578
-22.37     13.35     32.77     775591
-22.37     13.35     32.77     776605
-22.37     13.35     32.77     777619
-22.37     13.35     32.77     778633
-22.37     13.35     32.77     779646
-22.18     13.35     32.77     780660
-22.37     13.35     32.89     781674
-22.37     13.35     32.77     782688
-22.18     13.25     32.77     783702
-22.37     13.25     32.77     784715
-22.37     13.25     32.77     785729
-22.37     13.25     32.77     786743
-22.37     13.25     32.77     787757
-22.37     13.25     32.77     788770
-22.37     13.25     32.77     789785
-22.37     13.25     32.77     790799
-22.37     13.35     32.89     791813
-22.37     13.25     32.77     792826
-22.37     13.25     32.77     793840
-22.37     13.25     32.77     794854
-22.37     13.25     32.77     795868
-22.37     13.25     32.77     796881
-22.37     13.25     32.77     797895
-22.37     13.14     32.77     798909
-22.37     13.14     32.77     799923
-22.37     13.14     32.77     800936
-22.37     13.14     32.77     801950
-22.37     13.25     32.77     802964
-22.37     13.25     32.77     803978
-22.55     13.14     32.65     804992
-22.37     13.14     32.77     806005
-22.37     13.14     32.77     807019
-22.37     13.14     32.77     808033
-22.37     13.14     32.65     809047
-22.55     13.14     32.77     810060
-22.55     13.14     32.77     811074
-22.37     13.14     32.77     812089
-22.55     13.14     32.89     813103
-22.55     13.14     32.89     814116
-22.55     13.14     32.77     815130
-22.55     13.14     32.77     816144
-22.55     13.14     32.77     817158
-22.55     13.14     32.77     818172
-22.55     13.14     32.77     819186
-22.55     13.14     32.77     820200
-22.55     13.14     32.77     821214
-22.55     13.14     32.77     822227
-22.55     13.14     32.89     823242
-22.55     13.03     32.77     824256
-22.55     13.03     32.77     825270
-22.55     13.03     32.77     826284
-22.55     13.03     32.77     827297
-22.55     13.03     32.77     828311
-22.55     13.03     32.77     829326
-22.55     13.03     32.77     830340
-22.55     13.03     32.77     831353
-22.55     13.03     32.77     832367
-22.55     13.03     32.89     833381
-22.55     13.03     32.77     834396
-22.55     13.03     32.89     835409
-22.55     13.03     32.77     836423
-22.55     13.03     32.77     837437
-22.55     13.03     32.77     838451
-22.55     12.92     32.77     839465
-22.55     13.03     32.77     840479
-22.55     13.03     32.77     841493
-22.55     13.03     32.77     842507
-22.55     13.03     32.77     843521
-22.55     13.03     32.77     844535
-22.55     13.03     32.77     845549
-22.73     13.03     32.77     846563
-22.55     13.03     32.77     847577
-22.73     13.03     32.77     848590
-22.55     13.03     32.89     849604
-22.55     13.03     32.77     850619
-22.73     13.03     32.77     851633
-22.73     13.03     32.77     852646
-22.73     13.03     32.77     853660
-22.55     13.03     32.77     854674
-22.73     13.03     32.77     855689
-22.73     13.03     32.89     856702
-22.55     13.03     32.77     857716
-22.73     12.92     32.77     858730
-22.73     12.92     32.77     859744
-22.73     12.92     32.77     860759
-22.73     13.03     32.89     861772
-22.55     12.92     32.77     862786
-22.73     13.03     32.89     863800
-22.73     12.92     32.77     864814
-22.73     12.92     32.89     865828
-22.73     12.92     32.89     866842
-22.73     12.92     32.89     867856
-22.73     12.92     32.89     868870
-22.73     12.92     32.89     869883
-22.73     12.92     32.89     870897
-22.73     12.92     32.89     871912
-22.73     12.81     32.77     872926
-22.73     12.92     32.89     873939
-22.73     12.92     32.89     874953
-22.73     12.92     32.77     875967
-22.73     12.92     32.89     876982
-22.73     12.81     32.77     877996
-22.73     12.81     32.77     879009
-22.73     12.81     32.77     880023
-22.73     12.81     32.77     881037
-22.73     12.81     32.89     882051
-22.92     12.81     32.89     883065
-22.92     12.81     32.77     884079
-22.73     12.92     32.77     885093
-22.92     12.92     32.77     886107
-22.92     12.81     32.89     887120
-22.92     12.81     32.77     888135
-22.92     12.81     32.77     889149
-22.92     12.81     32.77     890163
-22.73     12.81     32.77     891176
-22.92     12.70     32.77     892190
-22.92     12.70     32.77     893205
-22.92     12.81     32.77     894219
-22.73     12.81     32.77     895233
-22.92     12.81     32.77     896246
-22.92     12.81     32.77     897260
-22.92     12.81     32.77     898275
-22.92     12.81     32.77     899289
-22.92     12.81     32.77     900302
-22.92     12.81     32.89     901316
-22.92     12.81     32.89     902330
-22.92     12.81     32.89     903345
-22.92     12.92     32.89     904358
-22.92     12.92     32.89     905372
-22.92     12.92     32.89     906386
-22.92     12.92     32.89     907400
-22.92     12.92     32.89     908413
-22.92     13.03     32.89     909428
-22.92     13.03     32.89     910442
-22.92     12.92     32.89     911456
-22.92     12.92     32.89     912470
-22.92     12.92     32.89     913483
-22.92     12.92     32.89     914497
-22.92     12.92     32.89     915512
-22.92     12.92     32.89     916526
-22.92     12.92     32.89     917539
-22.92     12.92     32.89     918553
-23.11     12.92     32.89     919567
-22.92     12.92     32.89     920581
-22.92     12.92     32.89     921595
-22.92     12.92     32.77     922609
-22.92     12.92     32.89     923623
-22.92     12.92     32.89     924637
-22.92     12.92     32.89     925650
-22.92     12.92     32.89     926665
-22.92     12.81     32.89     927679
-22.92     12.81     32.77     928693
-22.92     12.81     32.77     929707
-22.92     12.81     32.77     930720
-22.92     12.81     32.77     931734
-22.92     12.81     32.77     932749
-23.11     12.92     32.77     933763
-23.11     12.81     32.77     934776
-22.92     12.81     32.77     935790
-22.92     12.81     32.77     936804
-23.11     12.81     32.77     937819
-23.11     12.81     32.77     938832
-22.92     12.81     32.77     939846
-23.11     12.81     32.77     940860
-22.92     12.81     32.89     941875
-23.11     12.81     32.77     942888
-23.11     12.70     32.77     943902
-23.11     12.70     32.89     944916
-23.11     12.70     32.77     945930
-23.11     12.70     32.77     946944
-23.11     12.70     32.77     947958
-23.11     12.70     32.77     948972
-23.11     12.70     32.77     949986
-23.11     12.70     32.89     951000
-23.11     12.70     32.77     952013
-23.11     12.70     32.65     953028
-23.11     12.70     32.77     954042
-23.11     12.70     32.77     955056
-23.11     12.70     32.77     956069
-23.11     12.70     32.77     957083
-23.11     12.70     32.77     958098
-23.11     12.70     32.77     959112
-23.11     12.70     32.77     960125
-23.11     12.70     32.77     961139
-23.11     12.70     32.77     962153
-23.11     12.70     32.77     963167
-23.11     12.81     32.77     964182
-23.11     12.70     32.89     965195
-23.11     12.70     32.77     966209
-23.11     12.70     32.89     967223
-23.11     12.70     32.77     968237
-23.11     12.70     32.77     969251
-23.11     12.70     32.77     970265
-23.11     12.70     32.77     971279
-23.11     12.70     32.77     972293
-23.11     12.70     32.77     973306
-23.11     12.81     32.77     974320
-23.11     12.70     32.77     975335
-23.11     12.70     32.77     976349
-23.11     12.70     32.77     977362
-23.11     12.70     32.77     978376
-23.11     12.70     32.77     979390
-23.11     12.70     32.77     980405
-23.11     12.70     32.77     981419
-23.11     12.70     32.77     982432
-23.11     12.70     32.77     983446
-23.11     12.70     32.77     984460
-23.11     12.70     32.77     985475
-23.11     12.70     32.77     986488
-23.11     12.59     32.77     987502
-23.11     12.70     32.77     988516
-23.11     12.70     32.77     989530
-23.11     12.70     32.77     990544
-23.11     12.70     32.77     991558
-23.29     12.70     32.89     992572
-23.29     12.70     32.89     993586
-23.11     12.59     32.89     994599
-23.29     12.59     32.89     995614
-23.11     12.59     32.77     996628
-23.29     12.59     32.77     997642
-23.29     12.59     32.77     998656
-23.11     12.59     32.77     999669
-23.29     12.59     32.77     1000684
-23.11     12.59     32.77     1001698
-23.29     12.59     32.77     1002712
-23.11     12.59     32.77     1003725
-23.29     12.59     32.77     1004740
-23.29     12.59     32.77     1005754
-23.29     12.59     32.77     1006768
-23.29     12.59     32.77     1007782
-23.29     12.59     32.89     1008796
-23.11     12.59     32.77     1009810
-23.11     12.59     32.77     1010825
-23.29     12.59     32.77     1011838
-23.29     12.59     32.77     1012852
-23.29     12.48     32.77     1013866
-23.29     12.48     32.89     1014881
-23.11     12.48     32.77     1015895
-23.29     12.48     32.89     1016908
-23.29     12.48     32.77     1017922
-23.29     12.48     32.89     1018937
-23.29     12.48     32.89     1019951
-23.29     12.59     32.89     1020964
-23.29     12.59     32.89     1021978
-23.29     12.48     32.89     1022993
-23.29     12.48     32.89     1024007
-23.29     12.48     32.77     1025020
-23.29     12.48     32.89     1026034
-23.29     12.48     32.77     1027048
-23.29     12.48     32.89     1028063
-23.29     12.48     32.89     1029076
-23.29     12.48     32.77     1030090
-23.29     12.59     32.89     1031104
-23.29     12.48     32.89     1032119
-23.29     12.48     32.89     1033133
-23.29     12.48     32.89     1034146
-23.29     12.48     32.89     1035160
-23.29     12.59     32.89     1036175
-23.29     12.59     32.89     1037189
-23.29     12.59     32.89     1038202
-23.29     12.59     32.89     1039216
-23.29     12.59     32.89     1040231
-23.29     12.59     32.89     1041245
-23.29     12.70     32.89     1042258
-23.29     12.59     32.89     1043273
-23.29     12.70     32.89     1044287
-23.29     12.70     32.89     1045301
-23.29     12.70     32.89     1046315
-23.29     12.70     32.89     1047329
-23.29     12.70     32.89     1048343
-23.29     12.70     32.89     1049357
-23.29     12.70     32.89     1050372
-23.29     12.70     32.89     1051385
-23.48     12.70     32.89     1052399
-23.29     12.70     32.89     1053413
-23.29     12.70     32.77     1054428
-23.29     12.70     32.77     1055441
-23.48     12.70     32.77     1056455
-23.29     12.59     32.77     1057470
-23.29     12.70     32.89     1058484
-23.29     12.70     32.77     1059497
-23.29     12.70     32.77     1060512
-23.48     12.59     32.77     1061526
-23.29     12.70     32.65     1062540
-23.48     12.59     32.77     1063554
-23.29     12.70     32.77     1064568
-23.29     12.70     32.77     1065582
-23.29     12.70     32.77     1066596
-23.48     12.70     32.77     1067611
-23.48     12.70     32.77     1068624
-23.48     12.70     32.77     1069638
-23.29     12.70     32.77     1070653
-23.29     12.70     32.77     1071667
-23.29     12.59     32.77     1072680
-23.48     12.59     32.77     1073694
-23.29     12.59     32.77     1074709
-23.29     12.59     32.77     1075723
-23.48     12.59     32.65     1076737
-23.48     12.59     32.77     1077751
-23.29     12.59     32.77     1078765
-23.48     12.59     32.89     1079779
-23.48     12.59     32.77     1080794
-23.48     12.59     32.77     1081807
-23.48     12.59     32.77     1082821
-23.48     12.59     32.77     1083836
-23.48     12.59     32.77     1084850
-23.48     12.48     32.77     1085863
-23.48     12.48     32.89     1086877
-23.48     12.59     32.77     1087892
-23.48     12.59     32.77     1088906
-23.48     12.59     32.77     1089920
-23.29     12.48     32.89     1090934
-23.48     12.59     32.77     1091948
-23.48     12.48     32.77     1092962
-23.48     12.48     32.77     1093976
-23.48     12.48     32.77     1094990
-23.48     12.48     32.77     1096004
-23.48     12.48     32.77     1097018
-23.48     12.48     32.77     1098032
-23.48     12.48     32.77     1099046
-23.48     12.48     32.77     1100060
-23.48     12.48     32.77     1101074
-23.48     12.48     32.77     1102088
-23.48     12.48     32.77     1103102
-23.48     12.48     32.77     1104116
-23.48     12.48     32.65     1105130
-23.48     12.48     32.77     1106145
-23.48     12.48     32.77     1107159
-23.48     12.48     32.77     1108172
-23.48     12.48     32.77     1109186
-23.48     12.48     32.77     1110200
-23.48     12.59     32.77     1111215
-23.48     12.48     32.77     1112228
-23.48     12.59     32.77     1113242
-23.48     12.48     32.77     1114257
-23.48     12.48     32.77     1115271
-23.48     12.59     32.77     1116284
-23.48     12.59     32.77     1117298
-23.48     12.59     32.77     1118313
-23.48     12.59     32.77     1119327
-23.48     12.59     32.77     1120340
-23.48     12.59     32.77     1121355
-23.48     12.59     32.77     1122369
-23.48     12.48     32.77     1123383
-23.48     12.59     32.65     1124397
-23.48     12.59     32.77     1125411
-23.48     12.59     32.77     1126425
-23.48     12.59     32.77     1127439
-23.48     12.59     32.77     1128454
-23.48     12.59     32.77     1129467
-23.48     12.59     32.77     1130481
-23.48     12.59     32.77     1131496
-23.48     12.59     32.77     1132510
-23.48     12.59     32.77     1133523
-23.48     12.59     32.89     1134537
-23.48     12.59     32.77     1135552
-23.48     12.59     32.77     1136566
-23.48     12.59     32.77     1137580
-23.48     12.59     32.77     1138594
-23.48     12.59     32.77     1139608
-23.48     12.59     32.77     1140622
-23.48     12.59     32.77     1141637
-23.48     12.59     32.77     1142650
-23.48     12.59     32.77     1143664
-23.48     12.59     32.77     1144679
-23.48     12.59     32.77     1145693
-23.48     12.59     32.77     1146706
-23.48     12.59     32.89     1147720
-23.48     12.48     32.77     1148735
-23.48     12.48     32.77     1149749
-23.48     12.48     32.77     1150763
-23.67     12.48     32.77     1151777
-23.48     12.48     32.77     1152791
-23.48     12.48     32.77     1153805
-23.48     12.48     32.77     1154819
-23.48     12.48     32.77     1155833
-23.48     12.48     32.89     1156847
-23.67     12.48     32.77     1157861
-23.67     12.48     32.77     1158875
-23.48     12.48     32.77     1159888
-23.48     12.48     32.77     1160903
-23.67     12.48     32.89     1161917
-23.48     12.48     32.89     1162931
-23.48     12.48     32.89     1163945
-23.48     12.37     32.89     1164959
-23.48     12.37     32.89     1165973
-23.48     12.37     32.89     1166988
-23.48     12.37     32.89     1168002
-23.48     12.37     32.89     1169015
-23.48     12.37     32.89     1170029
-23.48     12.37     32.89     1171044
-23.48     12.37     32.89     1172058
-23.48     12.37     32.89     1173071
-23.48     12.37     32.89     1174086
-23.67     12.26     32.89     1175100
-23.67     12.37     32.89     1176114
-23.48     12.37     32.89     1177128
-23.48     12.37     32.89     1178142
-23.48     12.37     32.89     1179156
-23.67     12.26     32.89     1180171
-23.67     12.26     32.89     1181185
-23.48     12.26     32.89     1182198
-23.48     12.26     32.89     1183212
-23.48     12.37     32.89     1184227
-23.67     12.26     32.89     1185241
-23.67     12.26     32.89     1186254
-23.67     12.26     32.89     1187269
-23.67     12.37     32.89     1188283
-23.67     12.37     32.89     1189297
-23.48     12.37     32.89     1190310
-23.67     12.37     32.89     1191325
-23.67     12.37     32.77     1192339
-23.48     12.37     32.89     1193353
-23.67     12.37     32.89     1194368
-23.67     12.37     32.89     1195381
-23.48     12.37     32.89     1196395
-23.67     12.37     32.89     1197410
-23.67     12.37     32.89     1198424
-23.67     12.37     32.89     1199437
-23.67     12.37     32.89     1200451
-23.67     12.48     32.89     1201466
-23.67     12.48     32.89     1202480
-23.67     12.48     32.89     1203493
-23.67     12.48     32.89     1204507
-23.67     12.48     32.89     1205522
-23.67     12.48     32.89     1206536
-23.67     12.48     32.89     1207549
-23.48     12.48     32.89     1208563
-23.67     12.48     33.01     1209578
-23.67     12.48     32.89     1210592
-23.67     12.48     33.01     1211606
-23.67     12.48     33.01     1212619
-23.67     12.37     32.89     1213633
-23.67     12.48     32.89     1214648
-23.67     12.48     32.89     1215662
-23.67     12.48     33.01     1216675
-23.67     12.37     32.89     1217689
-23.67     12.37     32.89     1218704
-23.67     12.48     32.89     1219718
-23.67     12.37     33.01     1220731
-23.67     12.48     32.89     1221745
-23.67     12.48     32.89     1222760
-23.67     12.37     32.89     1223774
-23.67     12.37     32.89     1224787
-23.67     12.37     32.89     1225801
-23.67     12.48     32.89     1226816
-23.67     12.48     33.01     1227830
-23.67     12.48     32.89     1228844
-23.67     12.48     32.89     1229857
-23.67     12.48     33.01     1230872
-23.67     12.48     32.89     1231886
-23.48     12.48     33.01     1232900
-23.67     12.48     32.89     1233913
-23.67     12.48     32.89     1234927
-23.67     12.48     32.89     1235942
-23.67     12.48     32.89     1236956
-23.67     12.48     32.89     1237969
-23.48     12.48     32.89     1238983
-23.67     12.48     32.89     1239998
-23.67     12.48     32.89     1241012
-23.67     12.48     32.89     1242025
-23.67     12.48     33.01     1243039
-23.67     12.48     32.89     1244053
-23.67     12.48     32.89     1245068
-23.67     12.48     32.89     1246082
-23.67     12.48     32.89     1247095
-23.67     12.48     32.89     1248109
-23.67     12.48     32.89     1249124
-23.67     12.48     32.89     1250138
-23.67     12.59     32.89     1251151
-23.67     12.48     32.89     1252165
-23.67     12.59     32.89     1253180
-23.67     12.59     32.89     1254194
-23.67     12.59     32.89     1255207
-23.67     12.59     32.89     1256221
-23.67     12.59     32.89     1257236
-23.67     12.59     32.89     1258250
-23.67     12.59     32.89     1259264
-23.67     12.59     32.89     1260278
-23.67     12.59     32.77     1261292
-23.67     12.48     32.89     1262306
-23.67     12.48     32.89     1263320
-23.67     12.48     32.89     1264334
-23.67     12.48     32.77     1265348
-23.67     12.48     32.77     1266362
-23.67     12.48     32.89     1267376
-23.67     12.48     32.77     1268389
-23.67     12.48     32.89     1269404
-23.67     12.48     32.89     1270418
-23.67     12.48     32.89     1271432
-23.67     12.48     32.89     1272445
-23.67     12.48     32.89     1273460
-23.67     12.37     32.77     1274474
-23.67     12.37     32.89     1275488
-23.67     12.48     32.89     1276502
-23.67     12.48     32.89     1277516
-23.67     12.48     32.89     1278530
-23.67     12.37     32.89     1279544
-23.67     12.37     32.89     1280558
-23.67     12.48     32.89     1281572
-23.67     12.48     32.89     1282586
-23.67     12.48     32.89     1283600
-23.67     12.48     32.89     1284614
-23.67     12.37     33.01     1285628
-23.67     12.48     33.01     1286642
-23.67     12.37     33.01     1287656
-23.67     12.48     33.01     1288671
-23.67     12.48     33.01     1289684
-23.67     12.48     33.01     1290698
-23.67     12.48     33.01     1291712
-23.67     12.48     33.01     1292726
-23.67     12.48     33.01     1293741
-23.67     12.48     33.01     1294754
-23.67     12.48     33.01     1295768
-23.67     12.37     33.01     1296782
-23.86     12.37     33.01     1297797
-23.67     12.37     33.01     1298810
-23.67     12.37     33.01     1299824
-23.67     12.37     33.13     1300839
-23.67     12.37     33.13     1301853
-23.67     12.48     33.13     1302866
-23.67     12.48     33.01     1303881
-23.67     12.48     33.13     1304895
-23.67     12.37     33.01     1305909
-23.67     12.48     33.01     1306923
-23.86     12.48     33.01     1307937
-23.86     12.48     33.01     1308951
-23.67     12.48     33.01     1309965
-23.86     12.48     33.01     1310979
-23.67     12.37     33.01     1311993
-23.67     12.37     33.01     1313007
-23.67     12.37     33.13     1314021
-23.67     12.48     33.01     1315035
-23.67     12.48     33.01     1316049
-23.67     12.48     33.01     1317063
-23.67     12.48     33.01     1318077
-23.67     12.37     33.01     1319091
-23.67     12.48     33.01     1320105
-23.67     12.37     33.01     1321119
-23.86     12.37     33.01     1322133
-23.67     12.48     33.01     1323147
-23.67     12.48     33.01     1324162
-23.86     12.48     33.01     1325175
-23.67     12.37     33.01     1326189
-23.67     12.37     33.01     1327204
-23.67     12.37     33.01     1328218
-23.67     12.37     33.01     1329231
-23.67     12.37     33.01     1330245
-23.67     12.37     33.01     1331260
-23.67     12.37     33.01     1332274
-23.86     12.37     32.89     1333287
-23.67     12.37     32.89     1334302
-23.86     12.37     32.89     1335316
-23.86     12.37     32.89     1336330
-23.86     12.37     32.89     1337345
-23.86     12.37     32.89     1338358
-23.67     12.37     32.89     1339372
-23.67     12.37     32.89     1340386
-23.86     12.37     32.89     1341401
-23.67     12.37     32.89     1342414
-23.67     12.37     32.89     1343428
-23.67     12.37     32.89     1344443
-23.86     12.37     32.89     1345457
-23.67     12.48     32.89     1346470
-23.86     12.37     32.89     1347485
-23.67     12.48     32.89     1348499
-23.67     12.48     32.77     1349513
-23.86     12.48     32.89     1350526
-23.67     12.48     32.89     1351541
-23.67     12.48     32.89     1352555
-23.86     12.37     32.89     1353569
-23.67     12.37     32.89     1354583
-23.86     12.37     32.89     1355597
-23.86     12.37     32.89     1356611
-23.67     12.37     32.89     1357625
-23.67     12.37     32.89     1358639
-23.86     12.37     32.89     1359653
-23.67     12.37     32.89     1360667
-23.86     12.37     32.89     1361681
-23.86     12.37     32.89     1362696
-23.86     12.37     32.89     1363709
-23.67     12.37     32.89     1364723
-23.86     12.37     32.89     1365738
-23.67     12.37     32.89     1366752
-23.67     12.37     32.89     1367766
-23.67     12.37     32.89     1368779
-23.86     12.48     32.89     1369794
-23.86     12.37     32.89     1370808
-23.67     12.48     32.89     1371822
-23.86     12.37     32.89     1372836
-23.86     12.37     32.89     1373850
-23.67     12.37     32.89     1374864
-23.86     12.37     32.89     1375878
-23.86     12.37     32.89     1376892
-23.86     12.37     32.89     1377906
-23.86     12.37     32.89     1378920
-23.86     12.37     32.89     1379935
-23.86     12.37     32.89     1380948
-23.67     12.37     32.89     1381962
-23.86     12.37     33.01     1382977
-23.86     12.37     32.89     1383991
-23.67     12.37     32.89     1385005
-23.86     12.48     32.89     1386018
-23.67     12.37     32.89     1387033
-23.86     12.37     32.89     1388047
-23.86     12.37     32.89     1389061
-23.86     12.37     32.89     1390075
-23.67     12.37     33.01     1391089
-23.67     12.37     32.89     1392103
-23.86     12.37     32.89     1393117
-23.86     12.37     32.89     1394131
-23.67     12.37     32.89     1395145
-23.86     12.37     32.89     1396159
-23.86     12.37     32.89     1397174
-23.86     12.37     32.89     1398188
-23.67     12.37     32.89     1399201
-23.67     12.37     32.89     1400215
-23.86     12.37     32.89     1401230
-23.67     12.37     32.89     1402244
-23.67     12.37     32.89     1403257
-23.86     12.37     32.89     1404272
-23.86     12.37     32.89     1405286
-23.86     12.37     32.89     1406300
-23.86     12.37     32.89     1407313
-23.67     12.37     32.89     1408328
-23.86     12.37     32.89     1409342
-23.86     12.37     32.89     1410356
-23.86     12.48     32.89     1411369
-23.86     12.37     33.01     1412384
-23.86     12.37     32.89     1413398
-23.86     12.37     32.89     1414412
-23.86     12.48     32.89     1415427
-23.86     12.37     32.89     1416440
-23.86     12.48     32.89     1417454
-23.86     12.37     32.89     1418468
-23.86     12.37     32.89     1419483
-23.86     12.37     32.89     1420496
-23.86     12.37     32.89     1421510
-23.86     12.48     33.01     1422524
-23.67     12.37     32.89     1423539
-23.86     12.37     32.89     1424552
-23.86     12.37     32.89     1425566
-23.86     12.37     32.89     1426581
-23.86     12.37     32.89     1427595
-23.86     12.37     32.89     1428609
-23.86     12.37     32.89     1429623
-23.86     12.37     32.89     1430637
-23.86     12.37     32.89     1431651
-23.86     12.37     32.89     1432665
-23.86     12.37     32.89     1433679
-23.86     12.37     32.89     1434693
-23.86     12.37     32.89     1435707
-23.86     12.37     32.89     1436722
-23.86     12.37     32.89     1437735
-23.86     12.37     32.77     1438749
-23.86     12.37     32.77     1439763
-23.86     12.37     32.77     1440778
-23.86     12.37     32.89     1441792
-23.86     12.37     32.77     1442805
-23.86     12.37     32.89     1443820
-23.86     12.37     32.77     1444834
-23.86     12.37     32.77     1445848
-23.86     12.37     32.89     1446862
-23.86     12.48     32.77     1447876
-23.86     12.37     32.77     1448890
-23.86     12.37     32.77     1449904
-23.86     12.37     32.77     1450918
-23.86     12.37     32.77     1451932
-23.86     12.37     32.89     1452946
-23.86     12.37     32.77     1453961
-23.86     12.37     32.89     1454974
-23.86     12.37     32.89     1455988
-23.86     12.37     32.89     1457002
-23.86     12.37     32.77     1458017
-23.86     12.37     32.89     1459031
-23.86     12.37     32.89     1460044
-23.86     12.37     32.77     1461059
-23.86     12.26     32.89     1462073
-23.86     12.37     32.89     1463087
-23.86     12.37     32.89     1464101
-23.86     12.37     32.77     1465115
-23.86     12.37     32.89     1466129
-23.86     12.37     32.89     1467143
-23.86     12.37     32.89     1468157
-23.86     12.37     32.89     1469171
-23.86     12.37     32.89     1470185
-23.86     12.26     32.89     1471200
-23.86     12.37     32.89     1472214
-23.86     12.37     32.89     1473227
-23.67     12.37     32.89     1474242
-23.86     12.26     32.77     1475256
-23.86     12.26     32.89     1476270
-23.86     12.26     32.89     1477283
-23.86     12.26     32.89     1478298
-23.86     12.26     32.89     1479312
-23.86     12.26     32.89     1480326
-23.86     12.37     32.89     1481340
-23.86     12.37     32.89     1482354
-23.86     12.37     32.89     1483368
-23.86     12.26     32.89     1484383
-23.86     12.26     32.89     1485396
-23.86     12.26     32.89     1486410
-23.86     12.26     32.89     1487424
-23.86     12.26     32.89     1488439
-23.86     12.26     32.89     1489453
-23.86     12.37     32.89     1490466
-23.86     12.26     32.89     1491481
-23.86     12.37     32.89     1492495
-23.86     12.26     32.89     1493509
-23.86     12.37     32.89     1494523
-23.86     12.37     32.89     1495537
-23.86     12.26     32.89     1496551
-23.86     12.37     33.01     1497566
-23.86     12.26     32.89     1498579
-23.86     12.37     33.01     1499593
-23.86     12.26     32.89     1500607
-23.86     12.37     33.01     1501622
-23.86     12.26     32.89     1502636
-23.86     12.37     32.89     1503649
-23.86     12.26     33.01     1504664
-23.86     12.37     33.01     1505678
-23.86     12.37     33.01     1506692
-23.86     12.37     33.01     1507706
-23.86     12.26     33.01     1508720
-23.86     12.37     33.01     1509734
-23.86     12.37     32.89     1510749
-23.86     12.37     32.89     1511762
-23.86     12.37     32.89     1512776
-23.86     12.37     32.89     1513790
-23.86     12.37     32.89     1514805
-23.86     12.37     32.89     1515819
-23.86     12.37     32.89     1516832
-23.86     12.37     32.89     1517847
-23.86     12.37     32.89     1518861
-23.86     12.37     32.89     1519875
-23.86     12.26     32.89     1520889
-23.86     12.26     32.89     1521903
-23.86     12.26     32.89     1522917
-23.67     12.26     32.89     1523931
-23.86     12.26     32.89     1524945
-23.86     12.26     32.89     1525959
-23.86     12.26     32.89     1526973
-23.86     12.26     32.89     1527988
-23.86     12.26     32.89     1529001
-23.86     12.26     32.89     1530015
-23.86     12.26     32.89     1531030
-23.86     12.26     32.89     1532044
-23.86     12.26     32.89     1533058
-23.86     12.26     32.89     1534071
-23.86     12.26     32.89     1535086
-23.86     12.26     32.89     1536100
-23.86     12.26     32.89     1537114
-23.86     12.26     32.89     1538128
-23.86     12.26     32.89     1539142
-23.86     12.26     32.89     1540156
-23.86     12.26     32.77     1541171
-23.86     12.26     32.77     1542184
-23.86     12.15     32.77     1543198
-23.86     12.26     32.77     1544213
-23.86     12.26     32.77     1545227
-23.86     12.26     32.77     1546241
-23.86     12.26     32.77     1547255
-23.86     12.37     32.77     1548269
-23.86     12.37     32.77     1549283
-23.86     12.26     32.77     1550298
-23.86     12.26     32.77     1551311
-23.86     12.26     32.77     1552325
-23.86     12.26     32.77     1553340
-23.86     12.26     32.77     1554354
-23.86     12.26     32.77     1555367
-23.86     12.26     32.77     1556382
-23.86     12.26     32.77     1557396
-23.86     12.26     32.89     1558410
-23.86     12.26     32.77     1559424
-23.86     12.26     32.77     1560438
-23.86     12.26     32.77     1561452
-23.86     12.26     32.77     1562466
-23.86     12.26     32.77     1563481
-23.86     12.26     32.77     1564494
-23.86     12.37     32.89     1565508
-23.86     12.26     32.77     1566523
-23.86     12.26     32.89     1567537
-23.86     12.37     32.77     1568551
-23.86     12.37     32.77     1569565
-23.86     12.37     32.77     1570579
-23.86     12.26     32.77     1571593
-23.86     12.26     32.77     1572608
-23.86     12.26     32.89     1573621
-23.86     12.26     32.77     1574635
-23.86     12.26     32.89     1575650
-23.86     12.26     32.89     1576664
-23.86     12.26     32.89     1577677
-23.86     12.26     32.77     1578692
-23.86     12.26     32.89     1579706
-24.05     12.15     32.77     1580720
-23.86     12.26     32.77     1581734
-23.86     12.26     32.77     1582748
-24.05     12.26     32.77     1583762
-23.86     12.26     32.77     1584777
-23.86     12.26     32.77     1585790
-23.86     12.26     32.77     1586804
-23.86     12.37     32.89     1587819
-23.86     12.26     32.77     1588833
-23.86     12.26     32.77     1589847
-24.05     12.26     32.77     1590861
-23.86     12.26     32.77     1591875
-23.86     12.26     32.77     1592889
-23.86     12.26     32.77     1593904
-23.86     12.26     32.77     1594917
-23.86     12.26     32.77     1595931
-23.86     12.26     32.77     1596946
-23.86     12.26     32.65     1597960
-23.86     12.37     32.77     1598973
-23.86     12.26     32.77     1599988
-23.86     12.37     32.77     1601002
-23.86     12.37     32.77     1602016
-23.86     12.26     32.77     1603031
-23.86     12.26     32.77     1604044
-23.86     12.26     32.77     1605058
-23.86     12.26     32.77     1606072
-23.86     12.26     32.65     1607087
-23.86     12.26     32.65     1608100
-23.86     12.26     32.65     1609114
-23.86     12.26     32.65     1610129
-24.05     12.26     32.65     1611143
-23.86     12.26     32.77     1612156
-24.05     12.26     32.65     1613171
-23.86     12.26     32.65     1614185
-23.86     12.26     32.65     1615199
-23.86     12.26     32.65     1616212
-23.86     12.26     32.65     1617227
-24.05     12.26     32.65     1618241
-23.86     12.26     32.65     1619255
-23.86     12.26     32.65     1620270
-23.86     12.26     32.65     1621283
-23.86     12.26     32.65     1622297
-23.86     12.26     32.65     1623312
-23.86     12.26     32.65     1624326
-24.05     12.26     32.65     1625339
-23.86     12.26     32.65     1626353
-23.86     12.26     32.65     1627368
-23.86     12.26     32.65     1628382
-23.86     12.26     32.65     1629395
-23.86     12.26     32.65     1630410
-23.86     12.26     32.65     1631424
-23.86     12.26     32.65     1632438
-23.86     12.37     32.65     1633453
-23.86     12.26     32.65     1634466
-23.86     12.26     32.65     1635480
-23.86     12.26     32.65     1636494
-23.86     12.37     32.65     1637509
-23.86     12.26     32.65     1638522
-23.86     12.37     32.65     1639536
-23.86     12.37     32.65     1640551
-23.86     12.26     32.65     1641565
-24.05     12.37     32.65     1642578
-23.86     12.37     32.65     1643593
-24.05     12.37     32.65     1644607
-23.86     12.37     32.65     1645621
-23.86     12.37     32.65     1646635
-24.05     12.37     32.65     1647649
-24.05     12.37     32.65     1648663
-23.86     12.37     32.65     1649677
-23.86     12.26     32.65     1650692
-23.86     12.37     32.65     1651705
-23.86     12.37     32.65     1652719
-23.86     12.37     32.65     1653734
-24.05     12.37     32.65     1654748
-23.86     12.37     32.65     1655761
-23.86     12.37     32.65     1656775
-23.86     12.37     32.65     1657790
-23.86     12.37     32.77     1658804
-23.86     12.37     32.65     1659817
-24.05     12.37     32.65     1660832
-23.86     12.37     32.77     1661846
-23.86     12.37     32.65     1662860
-23.86     12.26     32.77     1663874
-23.86     12.26     32.77     1664888
-23.86     12.26     32.77     1665902
-23.86     12.26     32.77     1666916
-23.86     12.37     32.77     1667931
-24.05     12.37     32.77     1668944
-23.86     12.26     32.77     1669958
-23.86     12.26     32.77     1670973
-23.86     12.26     32.77     1671987
-23.86     12.26     32.77     1673000
-23.86     12.37     32.77     1674015
-24.05     12.26     32.77     1675029
-24.05     12.37     32.77     1676043
-24.05     12.37     32.89     1677058
-23.86     12.26     32.77     1678071
-23.86     12.26     32.77     1679085
-23.86     12.26     32.77     1680100
-24.05     12.26     32.77     1681114
-24.05     12.26     32.77     1682127
-23.86     12.26     32.89     1683142
-24.05     12.26     32.89     1684156
-23.86     12.26     32.77     1685170
-24.05     12.26     32.77     1686184
-24.05     12.26     32.77     1687198
-24.05     12.26     32.77     1688212
-24.05     12.26     32.77     1689227
-23.86     12.26     32.77     1690241
-24.05     12.26     32.77     1691254
-24.05     12.26     32.89     1692269
-24.05     12.26     32.89     1693283
-24.05     12.26     32.77     1694297
-23.86     12.26     32.89     1695311
-23.86     12.26     32.77     1696325
-24.05     12.26     32.89     1697339
-23.86     12.26     32.89     1698353
-24.05     12.26     32.89     1699367
-24.05     12.26     32.89     1700381
-24.05     12.26     32.77     1701395
-23.86     12.26     32.89     1702410
-23.86     12.26     32.89     1703424
-23.86     12.26     32.89     1704437
-24.05     12.37     32.89     1705452
-24.05     12.26     32.89     1706466
-24.05     12.37     32.89     1707480
-24.05     12.37     32.89     1708493
-24.05     12.37     33.01     1709508
-24.05     12.37     32.89     1710522
-23.86     12.37     32.89     1711536
-24.05     12.37     32.89     1712550
-24.05     12.37     32.89     1713564
-23.86     12.26     32.89     1714578
-24.05     12.37     32.89     1715592
-24.05     12.26     32.89     1716606
-24.05     12.26     33.01     1717620
-24.05     12.26     32.89     1718634
-24.05     12.37     32.89     1719649
-24.05     12.37     32.89     1720663
-23.86     12.37     32.89     1721676
-24.05     12.37     32.89     1722691
-24.05     12.37     32.89     1723705
-24.05     12.26     32.89     1724719
-23.86     12.37     32.89     1725732
-24.05     12.37     32.89     1726747
-24.05     12.26     32.77     1727761
-24.05     12.26     32.89     1728775
-23.86     12.26     32.89     1729789
-23.86     12.37     32.89     1730803
-24.05     12.26     32.89     1731817
-24.05     12.26     32.89     1732832
-24.05     12.26     32.89     1733846
-24.05     12.26     32.77     1734859
-24.05     12.26     32.89     1735873
-24.05     12.26     32.89     1736888
-24.05     12.37     32.89     1737902
-24.05     12.26     32.77     1738915
-24.05     12.26     32.89     1739930
-23.86     12.26     32.89     1740944
-24.05     12.26     32.89     1741958
-23.86     12.26     32.77     1742971
-24.05     12.26     32.89     1743986
-24.05     12.26     32.89     1745000
-24.05     12.26     32.89     1746014
-24.05     12.26     32.89     1747028
-24.05     12.26     32.77     1748042
-24.05     12.37     32.89     1749056
-24.05     12.26     32.77     1750071
-24.05     12.26     32.77     1751085
-24.05     12.26     32.77     1752098
-24.05     12.37     32.77     1753113
-24.05     12.26     32.77     1754127
-24.05     12.26     32.77     1755141
-23.86     12.26     32.77     1756155
-23.86     12.26     32.77     1757169
-24.05     12.26     32.77     1758183
-24.05     12.26     32.77     1759198
-24.05     12.26     32.77     1760211
-24.05     12.26     32.77     1761225
-23.86     12.26     32.77     1762240
-23.86     12.37     32.77     1763254
-24.05     12.37     32.77     1764268
-24.05     12.37     32.77     1765282
-24.05     12.37     32.89     1766296
-24.05     12.37     32.77     1767310
-24.05     12.37     32.77     1768324
-24.05     12.37     32.77     1769338
-24.05     12.37     32.77     1770352
-24.05     12.26     32.77     1771366
-24.05     12.37     32.77     1772381
-24.05     12.37     32.77     1773394
-24.05     12.26     32.77     1774408
-24.05     12.37     32.77     1775423
-24.05     12.26     32.77     1776437
-24.05     12.37     32.77     1777451
-24.05     12.26     32.77     1778465
-24.05     12.37     32.77     1779479
-24.05     12.37     32.77     1780493
-24.05     12.37     32.77     1781508
-24.05     12.37     32.89     1782521
-23.86     12.26     32.89     1783535
-24.05     12.26     32.89     1784550
-24.05     12.37     32.89     1785564
-24.05     12.37     32.89     1786577
-24.05     12.37     32.89     1787592
-24.05     12.37     32.89     1788606
-24.05     12.37     32.89     1789620
-24.05     12.37     32.89     1790633
-24.05     12.26     32.89     1791648
-24.05     12.37     32.89     1792662
-24.05     12.26     32.77     1793676
-24.05     12.26     32.89     1794691
-24.05     12.26     32.89     1795704
-24.05     12.26     32.89     1796718
-24.05     12.26     32.89     1797733
-24.05     12.37     32.89     1798747
-24.05     12.37     32.89     1799760
-23.86     12.37     32.89     1800775
-24.05     12.26     32.89     1801789
-24.05     12.37     32.89     1802803
-24.05     12.37     32.89     1803816
-24.05     12.48     32.77     1804831
-24.05     12.37     32.89     1805845
-24.05     12.37     32.77     1806859
-24.05     12.37     32.89     1807874
-24.05     12.37     32.89     1808887
-24.05     12.37     32.77     1809901
-24.05     12.37     32.77     1810916
-24.05     12.37     32.77     1811930
-23.86     12.37     32.77     1812943
-24.05     12.37     32.77     1813958
-24.05     12.37     32.77     1814972
-24.05     12.37     32.77     1815986
-24.05     12.37     32.77     1817000
-24.05     12.37     32.77     1818014
-24.05     12.37     32.77     1819028
-24.05     12.37     32.77     1820043
-24.05     12.37     32.77     1821057
-24.05     12.37     32.77     1822070
-24.05     12.37     32.77     1823085
-24.05     12.37     32.89     1824099
-24.05     12.37     32.77     1825113
-24.05     12.37     32.77     1826126
-24.05     12.37     32.77     1827141
-24.05     12.37     32.77     1828155
-23.86     12.37     32.77     1829169
-23.86     12.37     32.77     1830183
-24.05     12.37     32.77     1831197
-24.05     12.37     32.77     1832211
-24.05     12.37     32.77     1833226
-24.05     12.37     32.77     1834240
-23.86     12.37     32.77     1835253
-24.05     12.37     32.77     1836268
-24.05     12.37     32.77     1837282
-24.05     12.37     32.77     1838296
-24.05     12.48     32.77     1839310
-23.86     12.37     32.77     1840324
-24.05     12.37     32.77     1841338
-24.05     12.37     32.77     1842353
-24.05     12.37     32.89     1843366
-24.05     12.37     32.77     1844380
-23.86     12.37     32.65     1845395
-24.05     12.37     32.77     1846409
-24.05     12.37     32.77     1847422
-24.05     12.37     32.89     1848436
-24.05     12.37     32.77     1849451
-24.05     12.37     32.89     1850465
-24.05     12.37     32.89     1851479
-24.05     12.37     32.89     1852493
-23.86     12.37     32.89     1853507
-24.05     12.37     32.89     1854521
-24.05     12.37     32.89     1855536
-24.05     12.37     32.89     1856549
-23.86     12.37     32.89     1857563
-24.05     12.37     32.89     1858577
-23.86     12.37     32.89     1859592
-24.05     12.26     32.77     1860605
-24.05     12.37     32.89     1861619
-24.05     12.26     32.89     1862634
-24.05     12.37     32.89     1863648
-24.05     12.37     32.89     1864662
-24.05     12.37     32.89     1865675
-24.05     12.37     32.89     1866690
-24.05     12.37     32.89     1867704
-23.86     12.37     32.89     1868718
-24.05     12.37     32.89     1869732
-24.05     12.37     32.89     1870746
-24.05     12.37     32.89     1871760
-24.05     12.37     32.77     1872775
-24.05     12.37     32.89     1873788
-24.05     12.26     32.89     1874802
-24.05     12.26     32.89     1875816
-24.05     12.26     32.89     1876831
-24.05     12.26     32.89     1877844
-23.86     12.37     32.89     1878858
-23.86     12.26     32.89     1879873
-24.05     12.26     32.89     1880887
-24.05     12.26     32.89     1881901
-24.05     12.26     32.89     1882914
-24.05     12.26     32.89     1883929
-24.05     12.26     32.89     1884943
-24.05     12.26     32.89     1885957
-24.05     12.26     32.89     1886971
-24.05     12.15     32.89     1887985
-24.05     12.26     32.89     1888999
-24.05     12.15     32.89     1890014
-24.05     12.15     32.89     1891027
-24.05     12.26     32.89     1892041
-24.05     12.15     32.89     1893055
-24.05     12.26     32.89     1894070
-24.05     12.15     32.89     1895084
-24.05     12.26     32.89     1896097
-24.05     12.26     32.89     1897112
-24.05     12.26     32.89     1898126
-24.05     12.26     33.01     1899140
-24.05     12.26     32.89     1900153
-24.05     12.26     32.89     1901168
-24.05     12.26     32.89     1902182
-24.05     12.15     32.89     1903196
-24.05     12.26     32.89     1904210
-24.05     12.15     32.89     1905224
-24.05     12.26     32.89     1906238
-24.05     12.26     32.89     1907253
-24.05     12.26     32.89     1908267
-24.05     12.26     32.89     1909280
-24.05     12.26     32.89     1910294
-24.05     12.26     32.89     1911309
-24.05     12.26     32.89     1912323
-24.05     12.15     32.89     1913336
-24.05     12.26     32.89     1914351
-24.05     12.26     32.89     1915365
-24.05     12.26     32.89     1916379
-24.05     12.15     32.89     1917393
-23.86     12.26     32.89     1918407
-24.05     12.26     32.89     1919421
-24.05     12.26     32.89     1920436
-24.05     12.26     32.77     1921449
-24.05     12.26     32.89     1922463
-24.05     12.26     32.89     1923477
-24.05     12.26     32.89     1924492
-23.86     12.26     32.89     1925506
-24.05     12.26     32.89     1926519
-24.05     12.26     32.89     1927534
-24.05     12.26     32.89     1928548
-24.05     12.26     32.89     1929562
-24.05     12.26     32.89     1930575
-24.05     12.26     32.89     1931590
-24.05     12.26     32.89     1932604
-24.05     12.26     32.89     1933618
-24.05     12.26     32.89     1934632
-24.05     12.26     32.89     1935646
-24.05     12.26     32.89     1936660
-24.05     12.26     32.89     1937674
-24.05     12.26     32.89     1938689
-24.05     12.26     32.89     1939702
-24.05     12.26     32.89     1940716
-24.05     12.26     32.89     1941731
-24.05     12.15     32.89     1942745
-24.05     12.26     32.89     1943758
-24.05     12.26     32.89     1944773
-24.05     12.26     32.89     1945787
-24.05     12.26     32.89     1946801
-24.05     12.26     32.89     1947814
-24.05     12.26     32.89     1948829
-24.05     12.26     32.89     1949843
-24.05     12.26     32.89     1950857
-24.05     12.26     32.89     1951872
-24.05     12.26     32.89     1952885
-24.05     12.26     32.89     1953899
-24.05     12.26     33.01     1954913
-24.05     12.26     32.89     1955928
-24.05     12.26     32.89     1956941
-24.05     12.26     33.01     1957955
-24.05     12.26     33.01     1958970
-24.05     12.26     32.89     1959984
-24.05     12.37     33.01     1960997
-24.05     12.37     33.01     1962012
-24.05     12.26     33.01     1963026
-24.05     12.26     33.01     1964040
-24.05     12.26     33.01     1965053
-24.05     12.26     33.01     1966068
-24.05     12.26     33.01     1967082
-24.05     12.26     33.01     1968096
-24.05     12.26     33.01     1969111
-24.05     12.26     33.01     1970124
-24.05     12.26     33.01     1971138
-24.05     12.26     33.01     1972153
-24.05     12.26     33.01     1973167
-24.05     12.26     33.01     1974180
-24.05     12.26     33.01     1975194
-24.05     12.37     33.01     1976209
-24.05     12.26     33.01     1977223
-24.05     12.26     33.01     1978236
-24.05     12.26     32.89     1979251
-24.05     12.26     33.01     1980265
-23.86     12.26     33.01     1981279
-24.05     12.26     32.89     1982294
-24.05     12.26     33.01     1983307
-23.86     12.26     33.01     1984321
-24.05     12.26     33.01     1985335
-24.05     12.37     32.89     1986350
-24.05     12.26     32.89     1987363
-24.05     12.26     32.89     1988377
-24.05     12.26     33.01     1989392
-24.05     12.26     33.01     1990406
-24.05     12.26     32.89     1991419
-24.05     12.26     32.89     1992434
-24.05     12.26     32.89     1993448
-24.05     12.37     33.01     1994462
-24.05     12.26     33.01     1995476
-24.05     12.26     33.01     1996490
-24.05     12.37     33.01     1997504
-24.05     12.26     32.89     1998518
-24.05     12.26     33.01     1999533
-24.05     12.26     32.89     2000546
-24.05     12.26     32.89     2001560
-24.05     12.26     32.89     2002575
-24.05     12.26     32.89     2003589
-23.86     12.26     33.01     2004602
-24.05     12.26     32.89     2005617
-24.05     12.37     32.89     2006631
-24.05     12.26     32.89     2007645
-24.05     12.26     32.89     2008658
-23.86     12.26     33.01     2009673
-24.05     12.37     32.89     2010687
-24.05     12.37     33.01     2011701
-24.05     12.37     33.01     2012716
-23.86     12.37     33.01     2013729
-23.86     12.37     32.89     2014743
-24.05     12.37     33.01     2015758
-24.05     12.37     32.89     2016772
-24.05     12.37     33.01     2017785
-24.05     12.37     32.89     2018799
-23.86     12.37     32.89     2019814
-23.86     12.26     32.89     2020828
-24.05     12.26     32.89     2021841
-24.05     12.26     33.01     2022856
-24.05     12.26     32.89     2023870
-23.86     12.26     32.89     2024884
-24.05     12.26     33.01     2025897
-24.05     12.26     32.89     2026912
-24.05     12.26     32.89     2027926
-24.05     12.26     33.01     2028940
-24.05     12.26     32.89     2029955
-24.05     12.26     32.89     2030968
-24.05     12.26     33.01     2031982
-24.05     12.26     32.89     2032997
-24.05     12.37     32.89     2034011
-23.86     12.26     32.89     2035024
-24.05     12.26     32.89     2036038
-24.05     12.26     32.89     2037053
-24.05     12.26     32.89     2038067
-24.05     12.26     32.89     2039080
-24.05     12.37     32.89     2040095
-24.05     12.26     32.89     2041109
-24.05     12.26     32.89     2042123
-24.05     12.26     32.89     2043137
-24.05     12.37     32.89     2044151
-24.05     12.26     32.89     2045165
-24.05     12.26     32.89     2046179
-24.05     12.26     32.89     2047194
-24.05     12.26     32.77     2048207
-24.05     12.26     32.77     2049221
-24.05     12.26     32.89     2050236
-24.05     12.26     32.89     2051250
-23.86     12.37     32.89     2052263
-24.05     12.26     32.89     2053278
-23.86     12.26     32.89     2054292
-24.05     12.26     32.89     2055306
-24.05     12.26     32.77     2056320
-24.05     12.37     32.89     2057334
-24.05     12.26     32.89     2058348
-24.05     12.26     32.89     2059362
-24.05     12.26     32.89     2060377
-24.05     12.26     32.77     2061390
-24.05     12.26     32.89     2062404
-24.05     12.26     32.77     2063418
-24.05     12.26     32.89     2064433
-24.05     12.26     32.77     2065446
-24.05     12.26     32.89     2066460
-24.05     12.37     32.89     2067475
-23.86     12.26     32.89     2068489
-24.05     12.26     32.89     2069502
-24.05     12.26     32.89     2070517
-24.05     12.26     32.89     2071531
-24.05     12.26     32.89     2072545
-24.05     12.26     32.89     2073559
-24.05     12.26     32.89     2074573
-24.05     12.26     32.89     2075587
-24.05     12.26     32.89     2076601
-24.05     12.37     32.89     2077616
-24.05     12.37     32.89     2078629
-23.86     12.26     32.89     2079643
-24.05     12.26     32.89     2080657
-24.05     12.26     32.77     2081672
-24.05     12.26     32.77     2082685
-24.05     12.26     32.77     2083699
-24.05     12.26     32.77     2084714
-24.05     12.26     32.77     2085728
-24.05     12.26     32.89     2086742
-24.05     12.26     32.77     2087756
-24.05     12.26     32.77     2088770
-24.05     12.26     32.77     2089784
-24.05     12.26     32.77     2090799
-24.05     12.26     32.77     2091812
-23.86     12.26     32.77     2092826
-24.05     12.26     32.89     2093841
-24.05     12.26     32.77     2094855
-24.05     12.26     32.77     2095868
-24.05     12.26     32.77     2096883
-24.05     12.26     32.77     2097897
-24.05     12.26     32.77     2098911
-24.05     12.26     32.77     2099926
-24.05     12.37     32.77     2100939
-24.05     12.26     32.77     2101953
-24.05     12.26     32.77     2102968
-24.05     12.26     32.77     2103982
-24.05     12.26     32.77     2104995
-24.05     12.26     32.89     2106009
-24.05     12.26     32.77     2107024
-24.05     12.26     32.77     2108038
-24.05     12.26     32.77     2109051
-24.05     12.26     32.77     2110066
-24.05     12.26     32.77     2111080
-24.05     12.26     32.77     2112094
-24.05     12.26     32.77     2113108
-24.05     12.26     32.77     2114122
-24.05     12.26     32.89     2115136
-24.05     12.26     32.77     2116151
-24.05     12.26     32.77     2117165
-24.05     12.37     32.77     2118178
-24.05     12.26     32.89     2119193
-24.05     12.26     32.77     2120207
-24.05     12.26     32.89     2121221
-24.05     12.26     32.89     2122235
-24.05     12.26     32.89     2123249
-24.05     12.26     32.77     2124263
-24.05     12.26     32.89     2125277
-24.05     12.26     32.89     2126291
-24.05     12.26     32.89     2127305
-24.05     12.26     32.89     2128319
-24.05     12.26     32.89     2129334
-23.86     12.26     32.89     2130348
-24.05     12.26     32.89     2131361
-24.05     12.26     32.89     2132375
-24.05     12.26     32.89     2133390
-24.05     12.15     32.77     2134404
-24.05     12.15     32.89     2135417
-24.05     12.15     32.89     2136432
-24.05     12.15     32.89     2137446
-24.05     12.15     32.89     2138460
-24.05     12.15     32.89     2139473
-24.05     12.15     32.89     2140488
-24.05     12.15     32.89     2141502
-24.05     12.15     32.89     2142516
-24.05     12.15     32.89     2143529
-24.05     12.15     32.89     2144544
-23.86     12.15     32.89     2145558
-24.05     12.26     32.89     2146572
-24.05     12.15     32.89     2147587
-24.05     12.15     32.89     2148600
-24.05     12.15     32.89     2149614
-24.05     12.15     32.89     2150628
-24.05     12.15     32.89     2151643
-24.05     12.15     32.89     2152656
-24.05     12.15     32.89     2153670
-24.05     12.15     32.89     2154685
-24.05     12.15     32.89     2155699
-24.05     12.15     33.01     2156712
-24.05     12.15     32.89     2157726
-24.05     12.15     32.89     2158741
-24.05     12.15     32.89     2159755
-24.05     12.15     32.89     2160769
-24.05     12.15     32.89     2161782
-24.05     12.26     32.89     2162797
-24.05     12.26     32.89     2163811
-24.05     12.26     32.89     2164825
-24.05     12.26     32.89     2165839
-24.05     12.26     32.89     2166853
-24.05     12.26     32.89     2167867
-24.05     12.26     32.89     2168881
-24.05     12.26     32.89     2169895
-24.05     12.26     32.89     2170909
-24.05     12.26     33.01     2171923
-24.05     12.26     32.89     2172938
-24.05     12.26     32.89     2173952
-24.05     12.26     33.01     2174965
-24.05     12.26     32.89     2175980
-24.05     12.26     32.89     2176994
-24.05     12.26     32.89     2178008
-24.05     12.26     32.89     2179021
-24.05     12.26     32.89     2180036
-24.05     12.26     32.89     2181050
-24.05     12.26     32.89     2182064
-24.05     12.26     32.89     2183078
-24.05     12.26     32.89     2184092
-24.05     12.26     32.89     2185106
-24.05     12.26     32.89     2186121
-24.05     12.26     32.89     2187134
-24.05     12.26     33.01     2188148
-24.05     12.26     32.89     2189162
-24.05     12.26     32.89     2190177
-24.05     12.26     32.89     2191191
-24.05     12.26     32.89     2192204
-24.05     12.26     33.01     2193219
-24.05     12.26     33.01     2194233
-24.05     12.26     32.89     2195247
-24.05     12.26     32.89     2196260
-24.05     12.26     32.89     2197275
-24.05     12.26     32.89     2198289
-24.05     12.26     32.89     2199303
-23.86     12.26     32.89     2200317
-24.05     12.15     32.89     2201331
-24.05     12.15     32.89     2202345
-24.05     12.15     32.89     2203359
-24.05     12.15     32.89     2204374
-24.05     12.15     32.89     2205387
-24.05     12.15     32.89     2206401
-24.05     12.15     32.89     2207415
-24.05     12.15     32.89     2208430
-24.05     12.26     32.89     2209443
-23.86     12.15     32.89     2210457
-24.05     12.15     32.89     2211472
-24.05     12.15     32.89     2212486
-24.05     12.15     32.89     2213499
-24.05     12.15     32.89     2214513
-24.05     12.15     32.89     2215528
-24.05     12.15     32.89     2216542
-24.05     12.15     32.89     2217555
-24.05     12.26     32.89     2218570
-24.05     12.15     32.89     2219584
-24.05     12.15     32.89     2220598
-24.05     12.15     32.89     2221612
-24.05     12.15     32.89     2222626
-23.86     12.15     32.89     2223640
-24.05     12.15     32.89     2224654
-24.05     12.15     32.89     2225669
-24.05     12.15     32.89     2226682
-24.05     12.15     32.89     2227696
-24.05     12.15     33.01     2228710
-24.05     12.15     33.01     2229725
-24.05     12.15     33.01     2230738
-24.05     12.15     33.01     2231752
-24.05     12.15     33.01     2232767
-24.05     12.15     33.01     2233781
-24.05     12.15     33.01     2234795
-24.05     12.15     33.01     2235808
-24.05     12.15     33.01     2236823
-24.05     12.15     33.01     2237837
-24.05     12.26     33.13     2238851
-24.05     12.15     33.01     2239865
-24.05     12.26     33.01     2240879
-24.05     12.26     33.13     2241893
-24.05     12.26     33.13     2242907
-24.05     12.26     33.13     2243921
-24.05     12.26     33.13     2244935
-23.86     12.26     33.13     2245949
-24.05     12.26     33.13     2246964
-24.05     12.26     33.13     2247977
-24.05     12.26     33.13     2248991
-24.05     12.26     33.13     2250006
-24.05     12.26     33.13     2251020
-24.05     12.26     33.13     2252034
-24.05     12.26     33.01     2253047
-24.05     12.26     33.01     2254062
-24.05     12.26     33.01     2255076
-24.05     12.26     33.01     2256090
-24.05     12.26     33.01     2257104
-24.05     12.26     33.01     2258118
-24.05     12.26     33.01     2259132
-24.05     12.26     33.01     2260147
-24.05     12.37     33.01     2261160
-24.05     12.26     33.01     2262174
-24.05     12.37     33.13     2263188
-24.05     12.37     33.01     2264203
-24.05     12.37     33.01     2265217
-24.05     12.37     33.01     2266230
-24.05     12.37     33.01     2267245
-24.05     12.37     33.01     2268259
-24.05     12.37     33.01     2269273
-23.86     12.26     33.01     2270287
-24.05     12.37     33.01     2271301
-24.05     12.37     33.01     2272315
-24.05     12.37     33.01     2273330
-24.05     12.26     33.01     2274343
-24.05     12.37     33.01     2275357
-24.05     12.37     33.01     2276371
-24.05     12.37     33.01     2277386
-23.86     12.37     33.01     2278400
-24.05     12.37     33.01     2279413
-24.05     12.37     33.01     2280428
-24.05     12.37     33.13     2281442
-24.05     12.26     33.01     2282456
-24.05     12.26     33.01     2283470
-24.05     12.26     33.13     2284484
-24.05     12.26     33.01     2285498
-24.05     12.26     33.01     2286513
-24.05     12.37     33.01     2287526
-24.05     12.26     33.01     2288540
-24.05     12.26     33.01     2289554
-24.05     12.26     33.01     2290569
-24.05     12.26     33.13     2291582
-24.05     12.26     33.01     2292596
-24.05     12.26     33.01     2293611
-24.05     12.26     33.01     2294625
-24.05     12.26     33.01     2295639
-24.05     12.26     33.01     2296653
-24.05     12.26     33.01     2297667
-24.05     12.26     33.01     2298681
-23.86     12.26     33.01     2299696
-24.05     12.26     33.01     2300709
-24.05     12.26     33.01     2301723
-24.05     12.26     33.01     2302737
-24.05     12.26     33.01     2303752
-24.05     12.26     33.01     2304765
-24.05     12.26     33.01     2305779
-24.05     12.26     33.01     2306794
-23.86     12.26     33.01     2307808
-24.05     12.15     33.01     2308822
-24.05     12.15     33.01     2309836
-24.05     12.26     33.01     2310850
-24.05     12.15     33.01     2311864
-24.05     12.15     33.01     2312878
-24.05     12.15     33.01     2313892
-24.05     12.15     33.01     2314906
-24.05     12.15     33.01     2315920
-24.05     12.15     33.01     2316935
-24.05     12.15     33.01     2317948
-24.05     12.15     33.01     2318962
-24.05     12.15     33.01     2319976
-24.05     12.15     33.01     2320991
-24.05     12.15     33.01     2322004
-24.05     12.15     33.01     2323018
-24.05     12.15     33.01     2324033
-24.05     12.15     33.01     2325047
-24.05     12.15     33.01     2326061
-24.05     12.15     33.13     2327074
-24.05     12.15     33.01     2328089
-24.05     12.15     33.01     2329103
-23.86     12.15     33.13     2330117
-24.05     12.15     33.13     2331131
-24.05     12.15     33.13     2332145
-24.05     12.15     33.01     2333159
-24.05     12.15     33.13     2334173
-24.05     12.15     33.13     2335187
-24.05     12.26     33.13     2336201
-24.05     12.26     33.13     2337215
-24.05     12.15     33.26     2338230
-24.05     12.15     33.13     2339244
-24.05     12.26     33.13     2340257
-24.05     12.15     33.13     2341271
-24.05     12.15     33.13     2342286
-24.05     12.15     33.13     2343300
-24.05     12.26     33.13     2344313
-24.05     12.26     33.13     2345328
-24.05     12.26     33.13     2346342
-24.05     12.26     33.13     2347356
-24.05     12.26     33.13     2348369
-24.05     12.26     33.13     2349384
-24.05     12.26     33.13     2350398
-24.05     12.26     33.13     2351412
-24.05     12.37     33.13     2352427
-24.05     12.37     33.13     2353440
-24.05     12.37     33.13     2354454
-24.05     12.26     33.13     2355468
-24.05     12.26     33.13     2356483
-24.05     12.26     33.13     2357496
-24.05     12.26     33.13     2358510
-24.05     12.37     33.13     2359525
-24.05     12.26     33.13     2360539
-24.05     12.26     33.13     2361552
-24.05     12.26     33.13     2362567
-24.05     12.26     33.13     2363581
-24.05     12.26     33.13     2364595
-24.05     12.26     33.13     2365608
-23.86     12.26     33.13     2366623
-24.05     12.26     33.26     2367637
-23.86     12.26     33.13     2368651
-24.05     12.26     33.13     2369666
-24.05     12.26     33.13     2370679
-24.05     12.26     33.13     2371693
-24.05     12.26     33.13     2372707
-24.05     12.26     33.13     2373722
-24.05     12.26     33.13     2374735
-24.05     12.26     33.13     2375749
-24.05     12.26     33.13     2376764
-24.05     12.26     33.13     2377778
-24.05     12.26     33.26     2378791
-24.05     12.26     33.13     2379806
-24.05     12.26     33.13     2380820
-24.05     12.26     33.13     2381834
-24.05     12.26     33.13     2382848
-24.05     12.26     33.13     2383862
-24.05     12.26     33.13     2384876
-24.05     12.26     33.13     2385890
-24.05     12.26     33.13     2386905
-24.05     12.26     33.13     2387918
-23.86     12.15     33.13     2388932
-24.05     12.26     33.13     2389946
-24.05     12.26     33.13     2390961
-24.05     12.15     33.13     2391974
-24.05     12.15     33.13     2392988
-24.05     12.15     33.13     2394003
-24.05     12.26     33.13     2395017
-24.05     12.15     33.13     2396030
-24.05     12.26     33.13     2397045
-24.05     12.26     33.26     2398059
-24.05     12.26     33.26     2399073
-23.86     12.26     33.13     2400087
-24.05     12.26     33.13     2401101
-24.05     12.26     33.26     2402115
-24.05     12.26     33.26     2403129
-24.05     12.26     33.26     2404144
-23.86     12.26     33.26     2405157
-23.86     12.26     33.26     2406171
-24.05     12.26     33.26     2407186
-24.05     12.26     33.26     2408200
-24.05     12.26     33.26     2409213
-24.05     12.26     33.26     2410228
-24.05     12.26     33.26     2411242
-24.05     12.26     33.26     2412256
-24.05     12.26     33.26     2413271
-24.05     12.26     33.26     2414284
-23.86     12.26     33.26     2415298
-24.05     12.26     33.26     2416313
-24.05     12.26     33.26     2417327
-23.86     12.37     33.26     2418340
-24.05     12.37     33.26     2419355
-24.05     12.37     33.13     2420369
-24.05     12.37     33.26     2421383
-24.05     12.37     33.13     2422397
-24.05     12.37     33.26     2423411
-24.05     12.37     33.26     2424425
-24.05     12.37     33.26     2425440
-24.05     12.37     33.13     2426454
-24.05     12.37     33.13     2427467
-24.05     12.26     33.13     2428481
-24.05     12.26     33.13     2429496
-24.05     12.26     33.26     2430510
-24.05     12.26     33.13     2431523
-24.05     12.26     33.13     2432538
-24.05     12.26     33.26     2433552
-24.05     12.26     33.26     2434566
-24.05     12.26     33.26     2435580
-24.05     12.26     33.26     2436594
-24.05     12.26     33.26     2437608
-24.05     12.26     33.26     2438623
-24.05     12.26     33.26     2439636
-24.05     12.26     33.26     2440650
-24.05     12.26     33.26     2441664
-24.05     12.26     33.26     2442679
-24.05     12.37     33.26     2443693
-24.05     12.26     33.26     2444707
-24.05     12.26     33.26     2445721
-23.86     12.26     33.26     2446735
-24.05     12.26     33.26     2447749
-23.86     12.26     33.26     2448763
-24.05     12.26     33.26     2449777
-24.05     12.26     33.26     2450791
-24.05     12.26     33.26     2451806
-24.05     12.26     33.26     2452819
-24.05     12.26     33.26     2453833
-24.05     12.26     33.26     2454848
-24.05     12.26     33.26     2455862
-24.05     12.26     33.13     2456876
-24.05     12.26     33.26     2457890
-24.05     12.26     33.26     2458904
-24.05     12.26     33.26     2459918
-23.86     12.26     33.26     2460933
-24.05     12.26     33.26     2461946
-24.05     12.26     33.13     2462960
-24.05     12.26     33.13     2463975
-24.05     12.37     33.26     2464989
-24.05     12.26     33.13     2466002
-24.05     12.26     33.13     2467017
-24.05     12.26     33.13     2468031
-24.05     12.26     33.13     2469045
-24.05     12.26     33.13     2470059
-24.05     12.37     33.13     2471073
-23.86     12.37     33.13     2472087
-24.05     12.26     33.13     2473101
-24.05     12.26     33.01     2474116
-24.05     12.26     33.13     2475129
-24.05     12.26     33.13     2476143
-24.05     12.26     33.13     2477158
-24.05     12.26     33.13     2478172
-24.05     12.26     33.13     2479185
-24.05     12.26     33.13     2480199
-23.86     12.26     33.13     2481214
-24.05     12.26     33.13     2482228
-23.86     12.15     33.13     2483241
-24.05     12.26     33.13     2484256
-24.05     12.26     33.13     2485270
-24.05     12.26     33.26     2486284
-24.05     12.26     33.13     2487299
-23.86     12.26     33.13     2488312
-24.05     12.26     33.13     2489326
-24.05     12.26     33.13     2490341
-23.86     12.26     33.26     2491355
-24.05     12.26     33.13     2492368
-24.05     12.26     33.26     2493382
-24.05     12.26     33.26     2494397
-24.05     12.26     33.13     2495411
-24.05     12.26     33.13     2496424
-24.05     12.26     33.13     2497439
-24.05     12.26     33.13     2498453
-24.05     12.26     33.13     2499467
-24.05     12.26     33.26     2500482
-24.05     12.26     33.13     2501495
-24.05     12.26     33.13     2502509
-24.05     12.26     33.13     2503523
-24.05     12.26     33.13     2504538

