0.00     0.00     0.00     0
22.81     23.25     23.70     1013
22.70     23.25     23.70     2027
22.70     23.25     23.82     3042
22.58     23.25     23.93     4056
22.47     23.25     24.15     5070
22.47     23.25     24.27     6084
22.36     23.25     24.49     7099
22.14     23.25     24.72     8113
22.03     23.25     24.83     9127
21.80     23.25     25.06     10141
21.58     23.25     25.17     11155
21.47     23.25     25.40     12170
21.25     23.25     25.51     13184
21.03     23.25     25.62     14198
20.81     23.25     25.85     15212
20.59     23.25     25.97     16227
20.36     23.25     26.08     17241
20.14     23.25     26.19     18255
19.92     23.37     26.31     19269
19.70     23.25     26.42     20283
19.48     23.25     26.65     21298
19.26     23.25     26.77     22311
19.04     23.25     26.88     23326
18.82     23.37     27.00     24340
18.60     23.37     27.00     25354
18.27     23.37     27.23     26369
18.05     23.37     27.34     27382
17.83     23.37     27.46     28397
17.62     23.37     27.57     29411
17.40     23.48     27.69     30425
17.18     23.48     27.80     31439
16.96     23.48     27.92     32453
16.63     23.48     27.92     33467
16.41     23.48     28.03     34482
16.19     23.48     28.15     35495
15.98     23.48     28.27     36510
15.76     23.48     28.38     37524
15.54     23.59     28.38     38538
15.32     23.48     28.50     39553
14.99     23.48     28.61     40566
14.77     23.59     28.73     41580
14.56     23.59     28.85     42594
14.34     23.59     28.85     43609
14.12     23.59     28.96     44622
13.90     23.59     28.96     45636
13.68     23.59     29.08     46651
13.46     23.59     29.20     47665
13.25     23.59     29.20     48678
13.03     23.59     29.31     49693
12.81     23.59     29.31     50707
12.59     23.59     29.43     51721
12.37     23.70     29.55     52736
12.15     23.59     29.55     53749
11.93     23.59     29.67     54763
11.72     23.59     29.67     55778
11.50     23.70     29.78     56792
11.28     23.70     29.78     57805
11.06     23.59     29.90     58820
10.84     23.59     30.02     59834
10.62     23.59     30.02     60848
10.51     23.59     30.14     61862
10.29     23.59     30.26     62876
10.07     23.59     30.26     63890
9.85     23.59     30.26     64905
9.63     23.59     30.26     65918
9.41     23.59     30.37     66932
9.30     23.59     30.49     67947
9.08     23.59     30.49     68961
8.86     23.59     30.49     69976
8.75     23.70     30.61     70989
8.53     23.59     30.61     72004
8.31     23.59     30.73     73018
8.09     23.59     30.73     74033
7.98     23.59     30.85     75046
7.75     23.59     30.85     76061
7.53     23.59     30.97     77075
7.42     23.59     30.97     78090
7.20     23.59     30.97     79104
6.98     23.59     31.09     80118
6.86     23.59     31.09     81132
6.64     23.48     31.09     82147
6.42     23.48     31.21     83161
6.31     23.48     31.21     84175
6.08     23.48     31.21     85189
5.97     23.48     31.33     86204
5.75     23.48     31.33     87218
5.64     23.48     31.44     88232
5.52     23.48     31.44     89246
5.30     23.37     31.44     90261
5.07     23.48     31.44     91275
4.96     23.37     31.56     92290
4.74     23.37     31.56     93303
4.62     23.37     31.56     94318
4.40     23.37     31.68     95332
4.28     23.37     31.68     96347
4.17     23.37     31.68     97360
4.06     23.37     31.68     98374
3.83     23.37     31.80     99389
3.72     23.25     31.80     100403
3.49     23.25     31.80     101417
3.37     23.25     31.92     102431
3.15     23.25     31.92     103446
3.03     23.25     32.04     104460
2.92     23.25     32.04     105475
2.80     23.14     32.04     106488
2.57     23.14     32.04     107503
2.46     23.14     32.04     108517
2.34     23.14     32.16     109532
2.11     23.14     32.16     110545
2.00     23.03     32.16     111560
1.88     23.03     32.16     112574
1.77     23.03     32.29     113589
1.53     23.03     32.16     114603
1.53     23.03     32.29     115616
1.30     23.03     32.29     116631
1.19     22.92     32.29     117645
1.07     22.92     32.29     118660
0.95     22.92     32.41     119673
0.84     22.92     32.41     120688
0.60     22.92     32.41     121702
0.49     22.81     32.41     122716
0.37     22.81     32.41     123730
0.25     22.81     32.65     124744
0.13     22.81     32.53     125759
0.02     22.81     32.53     126773
-0.22     22.70     32.53     127788
-0.34     22.70     32.53     128801
-0.34     22.70     32.53     129816
-0.57     22.70     32.65     130830
-0.69     22.70     32.65     131845
-0.81     22.58     32.65     132858
-0.81     22.58     32.65     133873
-1.05     22.58     32.65     134887
-1.17     22.58     32.77     135901
-1.29     22.58     32.77     136915
-1.41     22.47     32.77     137929
-1.53     22.47     32.77     138944
-1.53     22.47     32.77     139958
-1.77     22.47     32.89     140973
-1.89     22.36     32.89     141986
-1.89     22.47     32.89     143001
-2.01     22.47     32.89     144015
-2.25     22.36     32.89     145030
-2.37     22.36     32.89     146043
-2.37     22.25     32.89     147058
-2.49     22.25     32.89     148072
-2.61     22.25     33.01     149086
-2.73     22.25     33.01     150100
-2.86     22.14     33.01     151114
-2.98     22.14     33.01     152129
-3.10     22.14     33.01     153143
-3.10     22.14     33.01     154157
-3.22     22.14     33.13     155171
-3.34     22.03     33.13     156185
-3.47     22.14     33.13     157200
-3.59     22.03     33.13     158214
-3.71     22.03     33.13     159228
-3.84     21.92     33.13     160242
-3.84     21.92     33.13     161256
-3.96     21.92     33.26     162271
-4.08     21.92     33.26     163284
-4.21     21.92     33.26     164298
-4.33     21.80     33.26     165313
-4.46     21.80     33.26     166327
-4.58     21.80     33.26     167341
-4.58     21.80     33.26     168355
-4.71     21.69     33.38     169369
-4.83     21.69     33.38     170383
-4.96     21.69     33.38     171398
-5.08     21.58     33.38     172411
-5.08     21.58     33.38     173425
-5.21     21.58     33.38     174440
-5.33     21.58     33.38     175454
-5.46     21.58     33.38     176467
-5.46     21.47     33.38     177482
-5.59     21.47     33.38     178496
-5.71     21.47     33.38     179511
-5.84     21.47     33.50     180525
-5.84     21.36     33.38     181538
-5.97     21.36     33.38     182553
-5.97     21.36     33.38     183567
-6.09     21.36     33.38     184581
-6.22     21.25     33.38     185595
-6.35     21.25     33.38     186609
-6.35     21.25     33.38     187623
-6.48     21.25     33.38     188638
-6.61     21.14     33.38     189651
-6.61     21.14     33.38     190665
-6.74     21.14     33.38     191679
-6.86     21.14     33.38     192694
-6.86     21.14     33.38     193708
-6.99     21.03     33.38     194721
-7.12     21.03     33.50     195736
-7.12     21.03     33.50     196750
-7.25     20.92     33.50     197764
-7.38     20.92     33.50     198778
-7.38     20.92     33.50     199792
-7.51     20.92     33.50     200806
-7.51     20.92     33.50     201821
-7.64     20.81     33.50     202834
-7.78     20.81     33.50     203849
-7.78     20.81     33.50     204863
-7.91     20.81     33.50     205878
-7.91     20.70     33.50     206892
-8.04     20.70     33.50     207905
-8.17     20.70     33.62     208920
-8.17     20.70     33.62     209934
-8.30     20.59     33.62     210949
-8.43     20.59     33.62     211962
-8.43     20.59     33.62     212976
-8.57     20.59     33.62     213991
-8.57     20.59     33.62     215005
-8.70     20.47     33.62     216019
-8.83     20.47     33.62     217033
-8.83     20.47     33.62     218048
-8.83     20.47     33.74     219062
-8.83     20.47     33.62     220077
-9.10     20.36     33.74     221090
-9.10     20.36     33.74     222105
-9.10     20.25     33.74     223119
-9.24     20.25     33.74     224133
-9.37     20.25     33.74     225147
-9.37     20.25     33.74     226161
-9.51     20.25     33.74     227176
-9.51     20.25     33.74     228190
-9.64     20.14     33.74     229204
-9.64     20.14     33.74     230218
-9.78     20.14     33.74     231233
-9.78     20.03     33.74     232247
-9.91     20.14     33.87     233262
-9.91     20.03     33.74     234275
-10.05     20.03     33.74     235290
-10.05     20.03     33.74     236304
-10.05     20.03     33.74     237319
-10.19     19.92     33.74     238332
-10.32     19.92     33.74     239347
-10.32     19.92     33.74     240361
-10.32     19.92     33.87     241376
-10.46     19.92     33.74     242390
-10.60     19.81     33.74     243404
-10.60     19.81     33.74     244418
-10.74     19.81     33.74     245433
-10.74     19.81     33.74     246447
-10.74     19.70     33.74     247461
-10.87     19.81     33.87     248475
-10.87     19.70     33.87     249490
-11.01     19.70     33.87     250504
-11.01     19.70     33.87     251518
-11.15     19.59     33.87     252532
-11.15     19.59     33.87     253547
-11.15     19.59     33.87     254561
-11.29     19.59     33.74     255576
-11.29     19.48     33.87     256589
-11.43     19.48     33.87     257603
-11.43     19.48     33.87     258618
-11.43     19.48     33.87     259632
-11.57     19.48     33.87     260646
-11.57     19.48     33.87     261660
-11.71     19.48     33.87     262675
-11.71     19.37     33.87     263689
-11.71     19.37     33.87     264704
-11.71     19.37     33.87     265717
-11.86     19.26     33.87     266731
-12.00     19.26     33.87     267746
-12.00     19.26     33.87     268760
-12.14     19.26     33.87     269774
-12.14     19.15     33.87     270788
-12.14     19.15     33.87     271802
-12.28     19.15     33.87     272817
-12.28     19.15     33.87     273830
-12.28     19.04     33.87     274845
-12.42     19.04     33.87     275859
-12.42     19.04     33.87     276873
-12.42     19.04     33.87     277888
-12.57     19.04     33.87     278901
-12.57     18.93     33.74     279915
-12.57     18.93     33.87     280930
-12.71     19.04     33.87     281944
-12.71     18.93     33.87     282958
-12.71     18.93     33.87     283972
-12.86     18.82     33.99     284986
-12.86     18.82     33.99     286001
-12.86     18.82     33.87     287014
-13.00     18.82     33.87     288028
-13.00     18.82     33.87     289043
-13.15     18.71     33.87     290057
-13.00     18.71     33.87     291070
-13.15     18.71     33.87     292085
-13.29     18.71     33.87     293099
-13.29     18.71     33.99     294113
-13.29     18.71     33.87     295128
-13.44     18.60     33.87     296141
-13.44     18.71     33.99     297156
-13.44     18.60     33.87     298170
-13.58     18.60     33.99     299184
-13.58     18.60     33.99     300198
-13.58     18.60     33.87     301212
-13.58     18.60     33.87     302226
-13.73     18.49     33.87     303241
-13.73     18.60     33.87     304254
-13.73     18.49     33.87     305269
-13.88     18.49     33.87     306283
-13.88     18.49     33.87     307297
-13.88     18.38     33.87     308312
-14.03     18.38     33.87     309325
-13.88     18.38     33.87     310340
-14.03     18.38     33.87     311354
-14.17     18.27     33.99     312368
-14.17     18.27     33.99     313382
-14.17     18.27     33.87     314396
-14.32     18.27     33.87     315410
-14.32     18.16     33.99     316425
-14.32     18.27     33.87     317438
-14.32     18.27     33.87     318453
-14.32     18.16     33.99     319467
-14.47     18.16     33.87     320481
-14.47     18.16     33.99     321496
-14.47     18.05     33.99     322509
-14.62     18.16     33.99     323524
-14.62     18.05     33.99     324538
-14.62     18.05     33.99     325552
-14.62     18.05     33.99     326566
-14.77     18.05     33.99     327580
-14.77     18.05     33.99     328594
-14.77     18.05     33.99     329609
-14.77     17.94     33.99     330622
-14.92     17.94     33.99     331636
-14.77     17.94     33.99     332651
-14.92     17.94     33.99     333665
-14.92     17.94     33.99     334679
-15.07     17.94     34.11     335693
-15.07     17.83     33.99     336707
-15.07     17.83     33.99     337721
-15.07     17.83     33.99     338736
-15.23     17.83     33.99     339749
-15.23     17.83     33.99     340763
-15.23     17.83     33.99     341778
-15.38     17.73     33.99     342792
-15.38     17.73     33.87     343805
-15.38     17.73     33.99     344820
-15.38     17.73     33.99     345834
-15.38     17.73     33.99     346849
-15.38     17.73     33.99     347863
-15.53     17.73     33.99     348876
-15.53     17.62     33.99     349891
-15.53     17.62     33.87     350905
-15.69     17.62     33.99     351920
-15.69     17.62     33.87     352933
-15.69     17.62     33.99     353947
-15.69     17.62     33.99     354962
-15.69     17.51     33.99     355976
-15.84     17.51     33.99     356990
-15.84     17.51     33.87     358004
-15.84     17.51     33.87     359018
-15.84     17.51     33.87     360033
-15.84     17.51     33.87     361047
-15.84     17.51     33.87     362060
-15.99     17.51     33.87     363075
-15.99     17.40     33.87     364089
-16.15     17.40     33.87     365103
-16.15     17.40     33.99     366117
-16.15     17.40     33.87     367131
-16.15     17.40     33.87     368145
-16.15     17.29     33.87     369160
-16.30     17.29     33.87     370173
-16.30     17.29     33.87     371187
-16.15     17.29     33.87     372202
-16.30     17.29     33.87     373216
-16.30     17.29     33.87     374230
-16.30     17.29     33.87     375243
-16.46     17.18     33.99     376258
-16.46     17.18     33.87     377272
-16.46     17.18     33.87     378286
-16.46     17.18     33.87     379300
-16.62     17.18     33.87     380314
-16.62     17.18     33.87     381328
-16.62     17.18     33.87     382342
-16.62     17.07     33.87     383356
-16.62     17.18     33.87     384370
-16.62     17.07     33.87     385384
-16.78     17.07     33.87     386399
-16.78     17.07     33.87     387412
-16.78     17.07     33.99     388426
-16.78     16.96     33.87     389440
-16.78     17.07     33.87     390455
-16.78     17.07     33.87     391469
-16.93     16.96     33.87     392482
-16.93     16.96     33.87     393496
-16.93     16.96     33.87     394511
-16.93     16.96     33.99     395525
-17.09     16.96     33.87     396538
-17.09     16.96     33.87     397553
-16.93     16.96     33.87     398567
-17.09     16.96     33.87     399581
-17.09     16.96     33.87     400594
-17.09     16.85     33.87     401609
-17.25     16.85     33.87     402623
-17.25     16.85     33.87     403637
-17.25     16.85     33.87     404651
-17.25     16.85     33.87     405665
-17.25     16.85     33.87     406679
-17.25     16.85     33.87     407693
-17.25     16.85     33.87     408708
-17.25     16.85     33.87     409721
-17.41     16.85     33.87     410735
-17.41     16.85     33.87     411750
-17.41     16.74     33.99     412764
-17.41     16.74     33.99     413777
-17.41     16.74     33.99     414791
-17.57     16.74     33.99     415806
-17.57     16.74     33.99     416820
-17.57     16.74     33.99     417833
-17.57     16.74     33.99     418848
-17.57     16.74     33.99     419862
-17.73     16.74     33.87     420876
-17.73     16.63     33.99     421891
-17.73     16.63     33.87     422904
-17.73     16.63     33.99     423918
-17.73     16.63     33.87     424933
-17.73     16.63     33.87     425947
-17.73     16.63     33.87     426960
-17.90     16.63     33.87     427974
-17.90     16.52     33.87     428989
-17.90     16.63     33.87     430003
-17.90     16.52     33.87     431016
-17.90     16.63     33.87     432031
-17.90     16.63     33.99     433045
-17.90     16.52     33.87     434059
-17.90     16.52     33.99     435073
-18.06     16.52     33.87     436087
-18.06     16.52     33.87     437101
-18.06     16.52     33.87     438115
-18.06     16.52     33.74     439130
-18.06     16.41     33.87     440143
-18.06     16.41     33.87     441157
-18.22     16.41     33.87     442172
-18.22     16.41     33.87     443186
-18.22     16.41     33.87     444199
-18.22     16.41     33.87     445214
-18.22     16.41     33.87     446228
-18.22     16.41     33.87     447242
-18.22     16.30     33.74     448256
-18.39     16.30     33.74     449270
-18.39     16.30     33.74     450284
-18.39     16.30     33.74     451298
-18.39     16.30     33.74     452313
-18.39     16.30     33.74     453326
-18.39     16.30     33.74     454340
-18.39     16.30     33.74     455355
-18.55     16.30     33.74     456369
-18.55     16.19     33.74     457382
-18.55     16.19     33.74     458397
-18.55     16.19     33.74     459411
-18.55     16.19     33.87     460425
-18.55     16.19     33.74     461440
-18.55     16.19     33.74     462453
-18.55     16.19     33.87     463467
-18.55     16.08     33.87     464482
-18.72     16.08     33.87     465496
-18.72     16.19     33.87     466509
-18.72     16.08     33.87     467524
-18.72     16.08     33.74     468538
-18.72     16.08     33.74     469552
-18.72     16.08     33.74     470566
-18.72     16.08     33.74     471580
-18.88     16.08     33.87     472594
-18.88     16.08     33.74     473609
-18.88     16.08     33.74     474622
-18.88     16.08     33.87     475636
-18.88     16.08     33.87     476650
-18.88     15.98     33.87     477665
-18.88     15.98     33.74     478679
-18.88     15.98     33.87     479692
-19.05     15.98     33.87     480706
-19.05     15.98     33.74     481721
-19.05     15.98     33.87     482735
-19.05     15.87     33.74     483748
-19.05     15.98     33.74     484762
-19.05     15.98     33.74     485777
-19.05     15.87     33.74     486791
-19.05     15.87     33.87     487804
-19.05     15.87     33.74     488818
-19.22     15.87     33.74     489833
-19.05     15.87     33.74     490847
-19.05     15.87     33.74     491860
-19.22     15.87     33.74     492874
-19.22     15.87     33.74     493889
-19.22     15.76     33.74     494903
-19.22     15.76     33.74     495917
-19.22     15.76     33.74     496931
-19.22     15.76     33.74     497945
-19.22     15.76     33.74     498959
-19.38     15.76     33.62     499974
-19.22     15.76     33.74     500987
-19.38     15.76     33.74     502001
-19.38     15.76     33.74     503016
-19.38     15.76     33.74     504030
-19.38     15.76     33.87     505043
-19.38     15.65     33.74     506058
-19.38     15.65     33.87     507072
-19.38     15.65     33.74     508086
-19.38     15.65     33.74     509101
-19.55     15.65     33.74     510114
-19.55     15.65     33.74     511128
-19.55     15.65     33.74     512142
-19.55     15.65     33.74     513157
-19.55     15.65     33.87     514170
-19.55     15.65     33.74     515184
-19.55     15.65     33.74     516198
-19.55     15.65     33.87     517213
-19.55     15.65     33.87     518226
-19.55     15.54     33.74     519240
-19.72     15.54     33.74     520254
-19.72     15.54     33.87     521269
-19.72     15.54     33.87     522283
-19.72     15.54     33.87     523296
-19.72     15.54     33.87     524311
-19.72     15.54     33.87     525325
-19.72     15.54     33.87     526339
-19.89     15.54     33.87     527352
-19.72     15.54     33.87     528367
-19.72     15.54     33.87     529381
-19.72     15.54     33.87     530395
-19.89     15.54     33.87     531408
-19.89     15.43     33.87     532423
-19.89     15.43     33.87     533437
-19.89     15.54     33.87     534451
-19.89     15.43     33.87     535464
-19.89     15.43     33.99     536479
-19.89     15.43     33.87     537493
-19.89     15.43     33.87     538507
-19.89     15.43     33.87     539521
-19.89     15.43     33.87     540534
-20.06     15.43     33.87     541549
-20.06     15.32     33.87     542563
-20.06     15.32     33.74     543577
-20.06     15.32     33.87     544590
-20.06     15.43     33.87     545605
-20.06     15.32     33.87     546619
-20.06     15.32     33.87     547633
-20.06     15.32     33.87     548646
-20.06     15.32     33.87     549660
-20.06     15.32     33.87     550675
-20.06     15.32     33.74     551689
-20.06     15.32     33.74     552702
-20.06     15.21     33.87     553716
-20.24     15.21     33.74     554731
-20.06     15.21     33.87     555745
-20.24     15.32     33.87     556759
-20.24     15.21     33.87     557772
-20.24     15.21     33.87     558787
-20.24     15.21     33.87     559801
-20.24     15.21     33.74     560815
-20.24     15.21     33.74     561829
-20.24     15.21     33.74     562843
-20.41     15.21     33.87     563857
-20.41     15.10     33.87     564872
-20.24     15.21     33.74     565885
-20.41     15.21     33.74     566899
-20.41     15.21     33.87     567914
-20.41     15.21     33.62     568928
-20.41     15.21     33.74     569942
-20.41     15.10     33.74     570956
-20.41     15.21     33.74     571970
-20.41     15.21     33.74     572984
-20.41     15.21     33.74     573998
-20.41     15.10     33.74     575012
-20.41     15.10     33.74     576026
-20.41     15.10     33.74     577040
-20.58     15.10     33.62     578054
-20.58     15.10     33.74     579068
-20.58     15.10     33.74     580082
-20.58     15.10     33.74     581096
-20.58     15.10     33.74     582111
-20.58     15.10     33.74     583124
-20.58     15.10     33.74     584138
-20.58     15.10     33.74     585152
-20.58     15.10     33.74     586167
-20.76     14.99     33.74     587181
-20.58     14.99     33.74     588194
-20.58     14.99     33.74     589208
-20.58     14.99     33.74     590223
-20.58     14.99     33.74     591237
-20.58     14.99     33.74     592250
-20.58     14.99     33.74     593265
-20.76     14.99     33.74     594279
-20.76     14.99     33.74     595293
-20.76     14.99     33.74     596306
-20.76     14.99     33.74     597321
-20.76     14.99     33.74     598335
-20.76     14.99     33.74     599349
-20.76     14.99     33.74     600363
-20.76     14.88     33.74     601377
-20.76     14.88     33.74     602391
-20.76     14.88     33.74     603405
-20.76     14.88     33.74     604420
-20.76     14.99     33.74     605433
-20.76     14.88     33.74     606447
-20.93     14.88     33.74     607461
-20.76     14.88     33.74     608476
-20.76     14.88     33.74     609489
-20.93     14.88     33.74     610503
-20.93     14.88     33.74     611517
-20.93     14.88     33.74     612532
-20.93     14.88     33.74     613545
-20.93     14.88     33.87     614559
-20.93     14.88     33.74     615574
-20.93     14.88     33.74     616588
-20.93     14.88     33.74     617602
-20.93     14.88     33.74     618615
-20.93     14.88     33.74     619630
-21.11     14.88     33.62     620644
-20.93     14.88     33.74     621658
-21.11     14.88     33.74     622672
-21.11     14.77     33.74     623686
-21.11     14.88     33.74     624700
-20.93     14.77     33.62     625715
-21.11     14.77     33.62     626728
-21.11     14.77     33.74     627742
-20.93     14.77     33.62     628757
-21.11     14.77     33.74     629771
-21.11     14.77     33.62     630785
-21.11     14.66     33.50     631799
-21.11     14.77     33.62     632813
-21.11     14.77     33.62     633827
-21.11     14.66     33.62     634842
-21.11     14.66     33.62     635855
-21.11     14.77     33.62     636869
-21.11     14.66     33.62     637884
-21.11     14.66     33.62     638898
-21.11     14.66     33.62     639911
-21.29     14.66     33.62     640926
-21.29     14.66     33.62     641940
-21.29     14.66     33.62     642954
-21.29     14.66     33.62     643969
-21.29     14.66     33.62     644982
-21.29     14.66     33.62     645996
-21.29     14.56     33.62     647011
-21.29     14.56     33.62     648025
-21.29     14.56     33.62     649038
-21.29     14.56     33.62     650052
-21.29     14.56     33.62     651067
-21.29     14.56     33.62     652081
-21.29     14.45     33.62     653094
-21.29     14.56     33.62     654109
-21.29     14.56     33.62     655123
-21.29     14.56     33.62     656137
-21.29     14.56     33.74     657152
-21.46     14.56     33.62     658165
-21.46     14.45     33.62     659179
-21.46     14.56     33.62     660194
-21.46     14.45     33.62     661208
-21.46     14.45     33.62     662221
-21.46     14.45     33.62     663235
-21.46     14.45     33.62     664250
-21.46     14.45     33.62     665264
-21.46     14.45     33.74     666277
-21.46     14.45     33.74     667292
-21.46     14.45     33.74     668306
-21.46     14.45     33.74     669320
-21.46     14.45     33.74     670334
-21.46     14.45     33.74     671348
-21.46     14.45     33.74     672362
-21.64     14.45     33.74     673377
-21.46     14.45     33.74     674391
-21.46     14.45     33.74     675404
-21.46     14.45     33.74     676418
-21.46     14.45     33.74     677433
-21.64     14.34     33.74     678447
-21.64     14.45     33.74     679460
-21.64     14.34     33.74     680474
-21.64     14.34     33.74     681489
-21.64     14.34     33.74     682503
-21.64     14.34     33.74     683516
-21.64     14.45     33.87     684530
-21.64     14.34     33.74     685545
-21.64     14.34     33.74     686559
-21.64     14.34     33.74     687572
-21.64     14.34     33.74     688586
-21.64     14.34     33.74     689600
-21.64     14.34     33.74     690614
-21.64     14.34     33.74     691629
-21.64     14.34     33.74     692642
-21.64     14.34     33.74     693656
-21.64     14.34     33.74     694670
-21.82     14.34     33.74     695685
-21.64     14.34     33.74     696698
-21.64     14.23     33.74     697712
-21.64     14.23     33.74     698726
-21.82     14.23     33.74     699740
-21.82     14.23     33.74     700754
-21.82     14.23     33.74     701768
-21.82     14.23     33.74     702782
-21.82     14.23     33.74     703796
-21.82     14.23     33.74     704811
-21.82     14.23     33.74     705824
-21.82     14.23     33.74     706838
-21.82     14.23     33.74     707852
-21.82     14.23     33.74     708867
-21.82     14.23     33.74     709880
-21.82     14.23     33.74     710894
-21.82     14.23     33.62     711908
-21.82     14.23     33.74     712923
-21.82     14.23     33.74     713936
-21.82     14.23     33.74     714950
-21.82     14.12     33.74     715964
-21.82     14.23     33.74     716979
-21.82     14.12     33.74     717992
-22.00     14.12     33.74     719006
-21.82     14.12     33.74     720020
-22.00     14.12     33.74     721035
-22.00     14.23     33.62     722049
-22.00     14.12     33.74     723062
-22.00     14.12     33.74     724077
-22.00     14.12     33.74     725091
-21.82     14.23     33.62     726105
-22.00     14.23     33.62     727118
-22.00     14.23     33.62     728133
-22.00     14.23     33.62     729147
-22.00     14.12     33.62     730161
-22.00     14.12     33.62     731174
-22.00     14.23     33.62     732189
-22.00     14.12     33.62     733203
-22.00     14.12     33.62     734217
-22.18     14.23     33.62     735230
-22.00     14.23     33.62     736245
-22.00     14.23     33.62     737259
-22.18     14.12     33.62     738273
-22.00     14.23     33.74     739287
-22.00     14.12     33.62     740301
-22.18     14.12     33.62     741315
-22.00     14.12     33.62     742329
-22.00     14.12     33.62     743343
-22.18     14.12     33.62     744357
-22.18     14.12     33.62     745371
-22.18     14.12     33.62     746385
-22.18     14.12     33.62     747399
-22.18     14.12     33.62     748413
-22.00     14.12     33.62     749427
-22.18     14.12     33.62     750441
-22.18     14.01     33.62     751455
-22.18     14.01     33.62     752470
-22.18     14.01     33.62     753483
-22.18     14.01     33.62     754497
-22.18     14.01     33.62     755511
-22.18     14.01     33.62     756526
-22.18     14.01     33.62     757539
-22.18     14.01     33.62     758553
-22.18     14.01     33.50     759567
-22.18     14.01     33.62     760582
-22.18     14.01     33.62     761595
-22.37     14.01     33.62     762609
-22.18     14.01     33.50     763623
-22.18     14.01     33.50     764637
-22.37     14.01     33.50     765651
-22.18     14.01     33.62     766665
-22.37     14.01     33.50     767679
-22.37     14.01     33.50     768693
-22.18     13.90     33.62     769708
-22.37     14.01     33.50     770721
-22.37     14.01     33.50     771735
-22.37     14.01     33.50     772749
-22.37     14.01     33.50     773764
-22.37     14.01     33.50     774777
-22.37     14.01     33.50     775791
-22.37     14.01     33.50     776805
-22.37     14.01     33.50     777819
-22.37     14.01     33.50     778833
-22.37     14.01     33.50     779847
-22.37     14.01     33.50     780861
-22.37     13.90     33.62     781875
-22.37     14.01     33.50     782888
-22.37     14.01     33.50     783903
-22.37     14.01     33.62     784917
-22.37     14.01     33.50     785931
-22.37     14.01     33.50     786945
-22.37     14.01     33.50     787958
-22.37     14.01     33.50     788973
-22.37     14.01     33.50     789987
-22.37     14.01     33.50     791001
-22.55     13.90     33.50     792014
-22.37     13.90     33.50     793028
-22.37     13.90     33.50     794043
-22.37     13.90     33.50     795057
-22.55     13.90     33.50     796070
-22.37     13.90     33.50     797084
-22.55     13.90     33.50     798099
-22.55     13.90     33.50     799113
-22.37     13.90     33.50     800126
-22.37     13.79     33.50     801141
-22.55     13.90     33.50     802155
-22.55     13.90     33.50     803169
-22.55     13.90     33.38     804184
-22.37     13.90     33.50     805197
-22.55     13.79     33.50     806211
-22.55     13.90     33.38     807226
-22.55     13.79     33.50     808240
-22.55     13.79     33.50     809253
-22.55     13.79     33.50     810268
-22.55     13.79     33.50     811282
-22.55     13.79     33.50     812296
-22.55     13.79     33.50     813310
-22.55     13.79     33.50     814324
-22.55     13.79     33.50     815338
-22.55     13.79     33.50     816353
-22.73     13.79     33.50     817367
-22.55     13.79     33.50     818380
-22.55     13.79     33.50     819395
-22.55     13.79     33.62     820409
-22.55     13.79     33.50     821423
-22.55     13.79     33.62     822437
-22.73     13.79     33.62     823451
-22.73     13.79     33.62     824465
-22.55     13.79     33.62     825480
-22.55     13.79     33.62     826493
-22.55     13.79     33.62     827507
-22.73     13.68     33.62     828522
-22.73     13.79     33.50     829536
-22.73     13.79     33.62     830550
-22.55     13.79     33.62     831564
-22.73     13.79     33.62     832578
-22.73     13.79     33.62     833592
-22.55     13.79     33.62     834607
-22.55     13.68     33.62     835620
-22.73     13.68     33.62     836634
-22.73     13.68     33.62     837649
-22.55     13.68     33.62     838663
-22.73     13.68     33.62     839677
-22.73     13.68     33.62     840691
-22.73     13.68     33.62     841705
-22.73     13.68     33.62     842720
-22.73     13.68     33.62     843734
-22.73     13.68     33.62     844748
-22.73     13.68     33.62     845762
-22.73     13.79     33.50     846776
-22.73     13.68     33.62     847791
-22.73     13.68     33.62     848804
-22.73     13.68     33.62     849818
-22.73     13.68     33.62     850833
-22.73     13.79     33.62     851847
-22.73     13.68     33.62     852860
-22.73     13.68     33.62     853875
-22.73     13.79     33.62     854889
-22.73     13.79     33.62     855904
-22.73     13.79     33.62     856918
-22.73     13.68     33.62     857931
-22.73     13.79     33.62     858946
-22.73     13.68     33.50     859960
-22.92     13.68     33.62     860974
-22.73     13.68     33.62     861988
-22.73     13.68     33.50     863002
-22.73     13.68     33.62     864017
-22.73     13.68     33.62     865031
-22.92     13.68     33.62     866044
-22.92     13.68     33.62     867059
-22.92     13.68     33.62     868073
-22.73     13.68     33.62     869088
-22.92     13.68     33.62     870102
-22.73     13.68     33.62     871115
-22.92     13.68     33.62     872130
-22.92     13.68     33.62     873144
-22.73     13.68     33.50     874159
-22.92     13.68     33.62     875172
-22.92     13.68     33.62     876186
-22.92     13.68     33.62     877201
-22.92     13.68     33.62     878215
-22.92     13.68     33.62     879228
-22.92     13.68     33.50     880243
-22.92     13.68     33.62     881257
-22.92     13.68     33.62     882272
-22.92     13.68     33.62     883286
-22.92     13.68     33.62     884299
-22.73     13.68     33.62     885314
-22.92     13.68     33.62     886328
-22.92     13.68     33.62     887342
-22.73     13.68     33.62     888356
-22.92     13.68     33.62     889370
-22.92     13.68     33.62     890385
-22.92     13.68     33.62     891399
-22.92     13.68     33.62     892412
-22.92     13.57     33.62     893427
-22.92     13.68     33.62     894441
-23.11     13.57     33.62     895456
-22.92     13.57     33.62     896470
-22.92     13.57     33.62     897483
-22.92     13.57     33.62     898498
-22.92     13.57     33.62     899512
-22.92     13.57     33.62     900527
-22.92     13.57     33.74     901540
-22.92     13.57     33.62     902554
-22.92     13.57     33.62     903569
-22.92     13.57     33.62     904583
-23.11     13.57     33.62     905597
-23.11     13.57     33.62     906611
-22.92     13.57     33.62     907625
-22.92     13.57     33.74     908640
-23.11     13.57     33.74     909654
-22.92     13.57     33.74     910668
-23.11     13.57     33.62     911682
-23.11     13.57     33.62     912696
-23.11     13.57     33.74     913711
-23.11     13.57     33.74     914724
-22.92     13.57     33.74     915739
-23.11     13.57     33.74     916753
-23.11     13.46     33.74     917768
-23.11     13.57     33.74     918781
-23.11     13.57     33.74     919795
-23.11     13.46     33.74     920810
-23.11     13.57     33.74     921824
-23.11     13.46     33.74     922839
-23.11     13.57     33.74     923852
-23.11     13.46     33.74     924866
-23.11     13.46     33.74     925881
-23.11     13.46     33.74     926895
-23.11     13.46     33.74     927909
-23.11     13.46     33.74     928923
-23.11     13.46     33.74     929937
-23.11     13.46     33.74     930952
-23.11     13.46     33.74     931965
-23.11     13.46     33.74     932980
-23.11     13.46     33.74     933994
-23.11     13.46     33.74     935009
-23.11     13.46     33.74     936023
-23.11     13.46     33.74     937036
-23.11     13.46     33.74     938051
-23.11     13.46     33.74     939065
-23.11     13.35     33.74     940080
-23.11     13.46     33.74     941093
-23.11     13.46     33.74     942107
-23.11     13.46     33.74     943122
-23.11     13.46     33.74     944136
-23.11     13.46     33.74     945150
-23.11     13.46     33.74     946164
-23.11     13.46     33.74     947179
-23.11     13.46     33.74     948193
-23.11     13.46     33.74     949207
-23.11     13.46     33.74     950221
-23.11     13.46     33.74     951235
-23.11     13.46     33.74     952250
-23.11     13.46     33.74     953264
-23.29     13.46     33.74     954278
-23.11     13.46     33.74     955292
-23.29     13.46     33.74     956306
-23.29     13.46     33.74     957321
-23.11     13.46     33.87     958334
-23.29     13.46     33.74     959349
-23.29     13.57     33.74     960363
-23.29     13.57     33.74     961378
-23.29     13.57     33.74     962392
-23.29     13.57     33.74     963406
-23.11     13.57     33.87     964420
-23.11     13.46     33.74     965435
-23.29     13.57     33.74     966449
-23.29     13.46     33.74     967463
-23.29     13.46     33.74     968477
-23.11     13.46     33.74     969492
-23.11     13.46     33.87     970506
-23.29     13.46     33.74     971520
-23.29     13.57     33.87     972534
-23.29     13.46     33.87     973548
-23.29     13.46     33.87     974563
-23.29     13.46     33.87     975577
-23.29     13.57     33.87     976591
-23.29     13.57     33.87     977605
-23.29     13.57     33.87     978620
-23.29     13.57     33.87     979634
-23.29     13.57     33.87     980647
-23.29     13.57     33.87     981662
-23.29     13.57     33.87     982676
-23.29     13.57     33.87     983691
-23.29     13.57     33.87     984705
-23.29     13.57     33.87     985719
-23.29     13.57     33.87     986733
-23.29     13.57     33.87     987748
-23.29     13.57     33.87     988762
-23.29     13.57     33.87     989775
-23.29     13.57     33.87     990790
-23.29     13.57     33.87     991804
-23.29     13.57     33.87     992819
-23.29     13.57     33.87     993832
-23.29     13.57     33.87     994847
-23.29     13.57     33.87     995861
-23.29     13.46     33.87     996876
-23.29     13.57     33.87     997890
-23.29     13.57     33.87     998903
-23.29     13.57     33.87     999918
-23.29     13.46     33.74     1000932
-23.29     13.46     33.87     1001947
-23.29     13.46     33.87     1002960
-23.29     13.46     33.87     1003975
-23.29     13.46     33.87     1004989
-23.29     13.46     33.87     1006004
-23.29     13.46     33.87     1007017
-23.29     13.46     33.74     1008032
-23.29     13.46     33.87     1009046
-23.29     13.46     33.74     1010061
-23.29     13.46     33.74     1011075
-23.29     13.46     33.74     1012089
-23.29     13.35     33.74     1013103
-23.48     13.35     33.74     1014118
-23.29     13.35     33.74     1015132
-23.29     13.46     33.74     1016146
-23.48     13.35     33.74     1017160
-23.29     13.35     33.74     1018175
-23.29     13.35     33.74     1019190
-23.29     13.46     33.74     1020204
-23.29     13.35     33.74     1021218
-23.29     13.35     33.62     1022232
-23.29     13.35     33.74     1023247
-23.29     13.35     33.87     1024261
-23.29     13.35     33.74     1025275
-23.29     13.35     33.74     1026289
-23.48     13.35     33.74     1027304
-23.48     13.35     33.74     1028318
-23.29     13.35     33.74     1029332
-23.48     13.35     33.74     1030346
-23.29     13.35     33.74     1031361
-23.48     13.35     33.74     1032375
-23.29     13.35     33.74     1033390
-23.29     13.35     33.74     1034403
-23.48     13.35     33.74     1035418
-23.48     13.35     33.74     1036432
-23.48     13.35     33.74     1037447
-23.48     13.35     33.74     1038460
-23.29     13.35     33.87     1039475
-23.29     13.35     33.87     1040489
-23.48     13.35     33.74     1041504
-23.29     13.35     33.74     1042518
-23.29     13.35     33.87     1043532
-23.48     13.35     33.74     1044546
-23.48     13.35     33.74     1045561
-23.48     13.35     33.87     1046575
-23.48     13.35     33.74     1047589
-23.48     13.35     33.74     1048603
-23.48     13.35     33.74     1049618
-23.48     13.35     33.74     1050632
-23.48     13.35     33.74     1051646
-23.48     13.35     33.87     1052660
-23.48     13.35     33.74     1053675
-23.48     13.35     33.74     1054689
-23.48     13.25     33.74     1055704
-23.48     13.35     33.74     1056717
-23.48     13.35     33.74     1057732
-23.48     13.25     33.74     1058746
-23.48     13.35     33.74     1059761
-23.48     13.25     33.74     1060774
-23.48     13.25     33.87     1061789
-23.48     13.25     33.74     1062803
-23.48     13.25     33.74     1063818
-23.48     13.25     33.74     1064833
-23.48     13.25     33.74     1065846
-23.48     13.35     33.74     1066861
-23.48     13.25     33.74     1067875
-23.48     13.35     33.74     1068890
-23.48     13.35     33.74     1069903
-23.48     13.25     33.74     1070918
-23.48     13.35     33.74     1071932
-23.48     13.25     33.87     1072947
-23.48     13.25     33.87     1073960
-23.67     13.25     33.74     1074975
-23.48     13.25     33.87     1075989
-23.48     13.25     33.74     1077004
-23.48     13.35     33.87     1078018
-23.48     13.25     33.87     1079032
-23.48     13.25     33.87     1080046
-23.48     13.25     33.87     1081060
-23.48     13.35     33.87     1082075
-23.48     13.25     33.87     1083088
-23.48     13.25     33.87     1084103
-23.48     13.25     33.87     1085117
-23.48     13.25     33.87     1086132
-23.48     13.25     33.74     1087145
-23.48     13.25     33.87     1088160
-23.48     13.25     33.87     1089174
-23.48     13.25     33.87     1090189
-23.48     13.25     33.74     1091203
-23.48     13.25     33.87     1092217
-23.48     13.25     33.87     1093231
-23.48     13.25     33.74     1094246
-23.48     13.25     33.87     1095260
-23.48     13.25     33.87     1096274
-23.48     13.25     33.74     1097288
-23.48     13.25     33.74     1098302
-23.48     13.25     33.87     1099317
-23.67     13.25     33.87     1100331
-23.48     13.25     33.87     1101345
-23.67     13.14     33.87     1102359
-23.48     13.14     33.87     1103374
-23.67     13.14     33.87     1104388
-23.48     13.25     33.87     1105402
-23.67     13.25     33.87     1106416
-23.67     13.25     33.74     1107431
-23.67     13.25     33.74     1108445
-23.48     13.25     33.87     1109459
-23.48     13.35     33.74     1110473
-23.67     13.25     33.74     1111488
-23.67     13.25     33.74     1112502
-23.48     13.25     33.74     1113517
-23.67     13.25     33.74     1114531
-23.48     13.25     33.74     1115545
-23.67     13.25     33.74     1116560
-23.48     13.25     33.87     1117574
-23.67     13.25     33.74     1118588
-23.67     13.25     33.87     1119602
-23.67     13.25     33.74     1120616
-23.48     13.25     33.87     1121631
-23.67     13.25     33.87     1122644
-23.48     13.25     33.87     1123659
-23.67     13.25     33.74     1124673
-23.48     13.25     33.74     1125688
-23.67     13.25     33.87     1126702
-23.67     13.25     33.87     1127716
-23.67     13.25     33.87     1128730
-23.67     13.25     33.74     1129745
-23.67     13.25     33.87     1130759
-23.48     13.25     33.74     1131773
-23.67     13.25     33.87     1132787
-23.48     13.25     33.87     1133802
-23.67     13.25     33.87     1134816
-23.67     13.25     33.87     1135831
-23.48     13.25     33.87     1136844
-23.67     13.25     33.87     1137859
-23.67     13.25     33.87     1138873
-23.67     13.25     33.87     1139888
-23.67     13.25     33.87     1140901
-23.67     13.14     33.87     1141916
-23.67     13.25     33.87     1142930
-23.67     13.25     33.87     1143944
-23.67     13.14     33.87     1144958
-23.67     13.25     33.87     1145972
-23.67     13.25     33.87     1146987
-23.67     13.25     33.87     1148001
-23.48     13.25     33.87     1149016
-23.48     13.25     33.87     1150029
-23.67     13.25     33.87     1151044
-23.67     13.25     33.87     1152058
-23.67     13.25     33.87     1153073
-23.67     13.25     33.87     1154086
-23.67     13.25     33.87     1155101
-23.67     13.25     33.87     1156115
-23.67     13.25     33.87     1157130
-23.67     13.25     33.87     1158144
-23.67     13.25     33.99     1159158
-23.67     13.25     33.87     1160172
-23.48     13.25     33.87     1161187
-23.67     13.14     33.87     1162201
-23.67     13.14     33.87     1163214
-23.67     13.14     33.87     1164229
-23.67     13.14     33.87     1165243
-23.67     13.25     33.87     1166258
-23.67     13.25     33.87     1167271
-23.67     13.14     33.87     1168286
-23.67     13.25     33.87     1169300
-23.67     13.25     33.87     1170315
-23.67     13.25     33.87     1171329
-23.67     13.25     33.87     1172343
-23.67     13.25     33.87     1173357
-23.67     13.25     33.74     1174372
-23.67     13.25     33.87     1175386
-23.67     13.25     33.87     1176400
-23.67     13.25     33.87     1177414
-23.67     13.25     33.87     1178429
-23.67     13.35     33.87     1179443
-23.48     13.25     33.87     1180456
-23.67     13.25     33.87     1181471
-23.67     13.25     33.87     1182485
-23.67     13.25     33.87     1183500
-23.67     13.25     33.87     1184514
-23.67     13.25     33.87     1185528
-23.67     13.25     33.87     1186542
-23.67     13.25     33.87     1187557
-23.67     13.25     33.87     1188571
-23.67     13.25     33.87     1189585
-23.67     13.25     33.87     1190599
-23.67     13.35     33.87     1191614
-23.67     13.25     33.87     1192628
-23.67     13.25     33.87     1193643
-23.67     13.25     33.87     1194656
-23.67     13.25     33.87     1195671
-23.67     13.25     33.87     1196685
-23.67     13.25     33.87     1197699
-23.67     13.35     33.87     1198713
-23.67     13.25     33.87     1199727
-23.67     13.25     33.87     1200742
-23.67     13.25     33.87     1201756
-23.67     13.25     33.87     1202770
-23.67     13.25     33.87     1203784
-23.67     13.25     33.87     1204799
-23.67     13.25     33.87     1205813
-23.67     13.25     33.87     1206828
-23.86     13.14     33.87     1207841
-23.67     13.14     33.87     1208856
-23.67     13.14     33.87     1209870
-23.67     13.14     33.87     1210885
-23.67     13.14     33.87     1211898
-23.67     13.14     33.87     1212913
-23.86     13.14     33.87     1213927
-23.86     13.25     33.74     1214942
-23.67     13.14     33.74     1215955
-23.67     13.25     33.87     1216970
-23.67     13.14     33.74     1217984
-23.67     13.14     33.74     1218999
-23.86     13.14     33.74     1220013
-23.86     13.14     33.74     1221027
-23.67     13.25     33.74     1222041
-23.67     13.14     33.74     1223056
-23.67     13.14     33.74     1224070
-23.86     13.14     33.74     1225084
-23.86     13.14     33.74     1226098
-23.67     13.14     33.74     1227113
-23.86     13.14     33.74     1228127
-23.67     13.14     33.74     1229142
-23.86     13.14     33.74     1230155
-23.86     13.14     33.74     1231170
-23.86     13.25     33.74     1232184
-23.67     13.14     33.74     1233199
-23.86     13.25     33.74     1234212
-23.86     13.14     33.74     1235227
-23.86     13.14     33.74     1236242
-23.86     13.14     33.74     1237256
-23.67     13.25     33.87     1238270
-23.67     13.14     33.74     1239284
-23.86     13.14     33.74     1240299
-23.86     13.14     33.74     1241313
-23.86     13.14     33.74     1242328
-23.86     13.14     33.74     1243341
-23.86     13.14     33.74     1244356
-23.86     13.14     33.74     1245370
-23.86     13.14     33.74     1246385
-23.86     13.14     33.74     1247398
-23.86     13.14     33.74     1248413
-23.67     13.14     33.74     1249427
-23.86     13.14     33.74     1250442
-23.86     13.14     33.74     1251456
-23.86     13.14     33.74     1252470
-23.86     13.14     33.74     1253484
-23.86     13.14     33.74     1254499
-23.67     13.14     33.87     1255513
-23.86     13.14     33.74     1256527
-23.86     13.14     33.87     1257541
-23.86     13.14     33.87     1258556
-23.86     13.14     33.87     1259570
-23.86     13.14     33.87     1260584
-23.86     13.14     33.87     1261598
-23.67     13.14     33.87     1262613
-23.86     13.14     33.87     1263627
-23.86     13.14     33.87     1264642
-23.86     13.14     33.99     1265655
-23.67     13.14     33.87     1266670
-23.86     13.14     33.87     1267684
-23.67     13.14     33.87     1268699
-23.86     13.14     33.87     1269712
-23.86     13.14     33.87     1270727
-23.86     13.14     33.87     1271741
-23.86     13.14     33.87     1272755
-23.86     13.14     33.87     1273769
-23.86     13.14     33.87     1274783
-23.86     13.14     33.99     1275798
-23.86     13.14     33.87     1276812
-23.86     13.14     33.87     1277827
-23.86     13.14     33.99     1278840
-23.86     13.14     33.87     1279855
-23.86     13.14     33.87     1280869
-23.86     13.14     33.87     1281884
-23.86     13.14     33.87     1282897
-23.86     13.14     33.87     1283912
-23.86     13.14     33.87     1284926
-23.86     13.14     33.87     1285941
-23.86     13.14     33.87     1286955
-23.86     13.14     33.87     1287969
-23.86     13.03     33.87     1288983
-23.86     13.03     33.87     1289998
-23.86     13.03     33.87     1291012
-23.86     13.03     33.87     1292025
-23.86     13.14     33.87     1293040
-23.86     13.03     33.74     1294054
-23.86     13.03     33.87     1295069
-23.86     13.03     33.87     1296082
-23.86     13.03     33.87     1297097
-23.86     13.03     33.99     1298111
-23.86     13.03     33.87     1299126
-23.86     13.03     33.87     1300140
-23.86     13.03     33.87     1301154
-23.86     13.03     33.99     1302168
-23.86     13.03     33.87     1303183
-23.86     13.14     33.87     1304197
-23.86     13.03     33.87     1305211
-23.86     13.03     33.87     1306225
-23.86     13.03     33.87     1307240
-23.86     13.03     33.87     1308254
-23.86     13.03     33.87     1309268
-23.86     13.03     33.87     1310282
-23.86     13.03     33.87     1311297
-23.86     13.03     33.87     1312311
-23.86     13.03     33.87     1313326
-23.86     13.03     33.87     1314339
-23.86     13.03     33.87     1315354
-23.86     13.03     33.74     1316368
-23.86     13.03     33.87     1317383
-24.05     13.03     33.87     1318396
-23.86     13.03     33.87     1319411
-23.86     13.03     33.87     1320425
-23.86     13.03     33.99     1321440
-23.86     13.03     33.87     1322454
-23.86     13.03     33.87     1323467
-23.86     13.03     33.99     1324482
-23.86     13.03     33.87     1325496
-23.86     13.03     33.87     1326511
-23.86     13.03     33.87     1327524
-23.86     13.03     33.87     1328539
-23.86     13.03     33.87     1329553
-23.86     13.03     33.87     1330568
-23.86     13.03     33.87     1331581
-23.86     13.03     33.87     1332596
-23.86     13.03     33.87     1333610
-23.86     13.03     33.87     1334625
-23.86     13.03     33.74     1335639
-23.86     13.03     33.87     1336653
-24.05     13.14     33.87     1337667
-23.86     13.03     33.87     1338682
-23.86     13.03     33.87     1339696
-23.86     13.03     33.87     1340710
-23.86     13.03     33.99     1341724
-23.86     13.03     33.87     1342739
-24.05     13.03     33.87     1343753
-23.86     13.03     33.87     1344768
-24.05     13.03     33.87     1345781
-23.86     13.03     33.87     1346796
-23.86     13.03     33.99     1347810
-23.86     13.03     33.87     1348825
-23.86     13.03     33.87     1349838
-24.05     13.03     33.87     1350852
-24.05     13.03     33.87     1351867
-23.86     13.03     33.87     1352881
-23.86     13.03     33.87     1353895
-23.86     13.03     33.99     1354909
-23.86     13.03     33.87     1355924
-23.86     13.03     33.87     1356938
-23.86     13.03     33.87     1357953
-23.86     13.03     33.87     1358966
-24.05     12.92     33.87     1359981
-23.86     12.92     33.87     1360995
-23.86     12.92     33.87     1362010
-23.86     12.92     33.87     1363023
-23.86     12.92     33.87     1364038
-24.05     12.92     33.87     1365052
-23.86     12.92     33.87     1366067
-23.86     12.92     33.87     1367080
-23.86     13.03     33.87     1368095
-23.86     12.92     33.87     1369109
-23.86     13.03     33.87     1370124
-24.05     13.03     33.87     1371138
-23.86     13.03     33.87     1372152
-23.86     13.03     33.87     1373166
-23.86     13.03     33.87     1374181
-24.05     13.03     33.87     1375195
-23.86     13.03     33.87     1376209
-24.05     13.03     33.87     1377223
-23.86     13.03     33.87     1378238
-23.86     13.03     33.99     1379252
-23.86     13.03     33.87     1380267
-23.86     13.03     33.87     1381280
-23.86     13.03     33.87     1382295
-23.86     13.03     33.87     1383309
-23.86     13.03     33.87     1384324
-23.86     13.03     33.87     1385337
-23.86     13.14     33.87     1386352
-24.05     13.03     33.87     1387366
-23.86     13.14     33.87     1388380
-24.05     13.14     33.87     1389394
-24.05     13.14     33.87     1390408
-23.86     13.03     33.87     1391423
-24.05     13.03     33.87     1392437
-24.05     13.03     33.87     1393452
-23.86     13.03     33.87     1394465
-23.86     13.03     33.74     1395480
-24.05     13.14     33.87     1396494
-24.05     13.14     33.87     1397509
-24.05     13.14     33.87     1398522
-23.86     13.14     33.87     1399537
-23.86     13.03     33.87     1400551
-24.05     13.14     33.87     1401566
-23.86     13.14     33.87     1402579
-24.05     13.14     33.87     1403594
-23.86     13.14     33.87     1404608
-24.05     13.03     33.87     1405623
-24.05     13.03     33.87     1406637
-24.05     13.03     33.87     1407651
-24.05     13.03     33.87     1408665
-24.05     13.03     33.87     1409680
-24.05     13.14     33.87     1410694
-24.05     13.03     33.87     1411708
-23.86     13.14     33.87     1412722
-23.86     13.03     33.87     1413737
-24.05     13.03     33.74     1414751
-24.05     13.03     33.74     1415766
-24.05     13.03     33.87     1416779
-23.86     13.03     33.87     1417794
-24.05     13.03     33.74     1418808
-24.05     13.03     33.74     1419823
-24.05     13.03     33.74     1420836
-23.86     13.03     33.74     1421851
-24.05     13.03     33.74     1422865
-23.86     13.03     33.87     1423880
-24.05     13.03     33.74     1424893
-24.05     13.03     33.74     1425908
-24.05     12.92     33.74     1426922
-24.05     12.92     33.74     1427937
-24.05     13.03     33.74     1428951
-24.05     12.92     33.74     1429965
-23.86     13.03     33.74     1430979
-24.05     13.03     33.74     1431994
-24.05     13.03     33.62     1433008
-24.05     12.92     33.74     1434022
-24.05     12.92     33.74     1435036
-24.05     12.92     33.74     1436051
-24.05     12.92     33.74     1437066
-24.05     12.92     33.74     1438080
-24.05     12.92     33.74     1439094
-24.05     12.92     33.74     1440108
-24.05     12.92     33.74     1441123
-24.05     12.92     33.74     1442137
-24.05     12.92     33.74     1443151
-24.05     12.92     33.74     1444165
-24.05     12.92     33.74     1445180
-24.05     12.92     33.74     1446194
-24.05     12.92     33.74     1447208
-24.05     13.03     33.74     1448222
-24.05     12.92     33.74     1449237
-24.05     12.92     33.74     1450251
-24.05     12.92     33.87     1451266
-24.05     12.92     33.74     1452279
-24.05     12.92     33.74     1453294
-24.05     12.92     33.74     1454308
-24.05     12.92     33.74     1455323
-23.86     12.92     33.74     1456337
-24.05     13.03     33.74     1457351
-24.05     12.92     33.74     1458366
-23.86     12.92     33.74     1459380
-24.05     12.92     33.74     1460395
-24.05     12.92     33.74     1461408
-24.05     12.92     33.74     1462423
-24.05     13.03     33.74     1463437
-24.05     12.92     33.74     1464452
-24.05     13.03     33.74     1465465
-24.05     12.92     33.74     1466480
-24.05     12.92     33.74     1467494
-23.86     12.92     33.74     1468509
-24.05     12.92     33.74     1469522
-24.05     12.92     33.74     1470537
-24.05     12.92     33.74     1471552
-24.05     12.92     33.74     1472566
-24.05     12.92     33.74     1473581
-24.05     12.92     33.74     1474594
-24.05     12.92     33.74     1475609
-24.05     12.92     33.74     1476623
-24.05     12.92     33.74     1477638
-24.05     12.92     33.74     1478651
-24.05     12.92     33.74     1479666
-24.05     12.92     33.87     1480680
-24.05     12.92     33.74     1481695
-24.05     12.92     33.87     1482708
-24.05     12.92     33.74     1483723
-24.05     12.92     33.87     1484737
-24.05     12.92     33.87     1485752
-24.05     12.92     33.87     1486766
-24.05     12.92     33.87     1487780
-24.05     12.92     33.87     1488794
-24.05     12.92     33.87     1489809
-24.05     12.92     33.74     1490823
-24.05     12.92     33.87     1491837
-24.05     12.92     33.87     1492851
-24.05     12.92     33.87     1493866
-24.05     12.92     33.87     1494880
-24.05     12.92     33.87     1495895
-24.05     12.92     33.87     1496908
-24.05     13.03     33.87     1497923
-24.05     12.92     33.87     1498937
-24.05     12.81     33.87     1499952
-23.86     12.92     33.87     1500965
-24.05     12.92     33.87     1501980
-24.05     12.92     33.74     1502994
-24.05     12.92     33.87     1504009
-24.05     12.92     33.87     1505022
-24.05     12.92     33.99     1506037
-24.05     12.92     33.87     1507051
-24.05     12.92     33.87     1508066
-24.05     12.92     33.87     1509080
-24.05     12.92     33.87     1510094
-24.05     12.92     33.87     1511108
-24.05     12.92     33.74     1512122
-24.05     12.92     33.87     1513137
-24.05     12.92     33.87     1514150
-24.05     12.92     33.74     1515165
-24.05     12.92     33.74     1516179
-24.05     12.92     33.87     1517194
-24.05     12.92     33.74     1518208
-24.05     12.92     33.74     1519222
-24.05     12.92     33.87     1520237
-24.05     12.92     33.74     1521251
-24.05     12.92     33.87     1522266
-24.05     12.92     33.87     1523279
-24.05     12.92     33.74     1524294
-24.05     12.92     33.74     1525308
-24.05     12.92     33.74     1526323
-24.05     12.92     33.87     1527336
-24.05     13.03     33.74     1528351
-24.05     12.92     33.87     1529365
-24.05     12.92     33.87     1530380
-24.05     12.92     33.87     1531394
-24.05     12.92     33.87     1532408
-24.05     12.92     33.87     1533422
-24.05     12.92     33.87     1534437
-24.05     12.92     33.87     1535451
-24.25     12.92     33.87     1536465
-24.05     12.92     33.87     1537479
-24.05     12.92     33.87     1538494
-23.86     12.92     33.87     1539508
-24.05     12.92     33.87     1540523
-24.05     12.92     33.87     1541536
-24.05     13.03     33.87     1542550
-24.05     13.03     33.87     1543565
-24.05     12.92     33.87     1544579
-24.05     12.92     33.87     1545593
-24.05     12.92     33.74     1546607
-24.05     12.92     33.87     1547622
-24.05     12.92     33.87     1548636
-24.05     12.92     33.74     1549650
-24.05     12.92     33.87     1550664
-24.05     12.81     33.87     1551679
-24.05     12.92     33.74     1552693
-24.05     12.92     33.87     1553708
-24.05     12.92     33.87     1554721
-24.05     12.92     33.74     1555736
-24.05     12.92     33.87     1556750
-24.05     12.92     33.87     1557765
-24.05     12.92     33.87     1558778
-24.05     12.92     33.87     1559793
-24.05     12.92     33.87     1560807
-24.25     12.92     33.87     1561822
-24.05     12.92     33.87     1562835
-24.05     12.92     33.87     1563850
-24.05     12.92     33.74     1564864
-24.05     12.92     33.87     1565879
-24.05     12.92     33.87     1566893
-24.05     12.92     33.87     1567907
-24.05     12.92     33.87     1568921
-24.05     12.92     33.74     1569936
-24.05     12.92     33.87     1570950
-24.05     12.81     33.87     1571964
-24.05     12.81     33.87     1572978
-24.25     12.81     33.87     1573993
-24.05     12.92     33.87     1575007
-24.05     12.92     33.87     1576022
-24.05     12.92     33.87     1577035
-24.05     12.92     33.87     1578050
-24.05     12.92     33.87     1579064
-24.05     12.81     33.74     1580079
-24.05     12.92     33.74     1581092
-24.05     12.92     33.74     1582107
-24.05     12.92     33.74     1583121
-24.05     12.92     33.74     1584136
-24.05     12.92     33.74     1585149
-24.05     12.92     33.87     1586164
-24.05     12.92     33.87     1587178
-24.25     12.92     33.87     1588193
-24.05     12.92     33.74     1589207
-24.05     12.92     33.87     1590221
-24.25     12.92     33.87     1591235
-24.05     12.92     33.87     1592250
-24.05     12.92     33.87     1593264
-24.05     12.92     33.87     1594278
-24.05     12.92     33.87     1595292
-24.05     12.92     33.87     1596307
-24.05     12.92     33.87     1597321
-24.05     12.92     33.87     1598336
-24.05     12.92     33.74     1599349
-24.05     12.92     33.87     1600364
-24.25     12.81     33.87     1601378
-24.05     12.92     33.87     1602393
-24.05     12.92     33.87     1603406
-24.05     12.92     33.87     1604421
-24.05     12.92     33.87     1605435
-24.25     12.92     33.87     1606450
-24.05     12.92     33.87     1607463
-24.05     12.92     33.87     1608478
-24.05     12.92     33.87     1609492
-24.05     12.92     33.87     1610507
-24.05     12.92     33.87     1611521
-24.05     12.92     33.74     1612535
-24.05     12.92     33.87     1613549
-24.05     12.92     33.87     1614564
-24.05     12.92     33.87     1615578
-24.25     12.92     33.87     1616592
-24.05     12.92     33.87     1617606
-24.05     12.92     33.87     1618621
-24.05     12.92     33.87     1619635
-24.05     12.92     33.87     1620649
-24.05     12.92     33.87     1621663
-24.05     12.92     33.87     1622678
-24.05     12.92     33.87     1623692
-24.05     12.92     33.87     1624707
-24.25     12.92     33.87     1625720
-24.25     12.92     33.87     1626735
-24.05     12.92     33.87     1627749
-24.05     12.92     33.87     1628763
-24.05     12.81     33.87     1629777
-24.05     12.92     33.87     1630791
-24.25     12.81     33.87     1631806
-24.05     12.92     33.87     1632820
-24.05     12.92     33.99     1633835
-24.05     12.92     33.99     1634848
-24.05     12.92     33.87     1635863
-24.05     12.92     33.87     1636877
-24.05     12.92     33.99     1637892
-24.05     12.92     33.99     1638905
-24.05     12.92     33.99     1639920
-24.25     12.92     33.99     1640934
-24.05     12.92     33.99     1641949
-24.05     12.92     33.99     1642963
-24.05     12.92     33.99     1643977
-24.05     12.92     33.99     1644992
-24.05     12.92     33.99     1646006
-24.05     12.92     33.99     1647021
-24.05     12.92     33.99     1648034
-24.05     12.92     33.99     1649049
-24.25     12.92     33.99     1650063
-24.25     12.92     33.99     1651078
-24.05     12.92     33.99     1652091
-24.05     13.03     33.99     1653106
-24.05     13.03     33.87     1654120
-24.05     13.03     33.87     1655135
-24.05     12.92     33.87     1656148
-24.05     12.92     33.99     1657163
-24.05     13.03     33.87     1658177
-24.05     12.92     33.99     1659192
-24.05     13.03     33.87     1660206
-24.05     12.92     33.99     1661220
-24.05     12.92     33.87     1662234
-24.05     12.92     33.87     1663249
-24.25     13.03     33.87     1664263
-24.05     12.92     33.87     1665277
-24.05     13.03     33.87     1666291
-24.05     13.03     33.87     1667306
-24.05     13.03     33.87     1668320
-24.05     12.92     33.87     1669335
-24.05     12.92     33.87     1670348
-24.05     12.92     33.87     1671363
-24.05     12.92     33.87     1672377
-24.05     12.92     33.87     1673392
-24.05     12.92     33.87     1674405
-24.05     12.81     33.87     1675420
-24.05     12.92     33.74     1676434
-24.25     12.92     33.87     1677449
-24.05     12.92     33.87     1678462
-24.05     12.81     33.74     1679477
-24.05     12.81     33.87     1680491
-24.05     12.92     33.74     1681506
-24.05     12.92     33.74     1682520
-24.25     12.81     33.74     1683534
-24.25     12.92     33.74     1684548
-24.05     12.92     33.74     1685563
-24.05     12.92     33.74     1686577
-24.05     12.92     33.74     1687591
-24.05     12.92     33.74     1688605
-24.25     12.92     33.74     1689620
-24.05     12.92     33.74     1690634
-24.05     12.92     33.74     1691649
-24.05     12.92     33.74     1692663
-24.05     12.92     33.74     1693677
-24.05     12.92     33.74     1694692
-24.25     12.92     33.74     1695706
-24.25     12.92     33.74     1696720
-24.05     12.92     33.74     1697734
-24.05     12.92     33.74     1698749
-24.05     12.92     33.74     1699763
-24.05     12.92     33.74     1700777
-24.25     12.92     33.74     1701791
-24.25     12.92     33.74     1702806
-24.05     12.81     33.74     1703820
-24.05     12.92     33.87     1704835
-24.05     12.92     33.74     1705848
-24.05     12.92     33.87     1706863
-24.05     12.92     33.87     1707877
-24.05     12.92     33.74     1708892
-24.05     12.92     33.87     1709905
-24.25     12.92     33.74     1710920
-24.05     12.92     33.74     1711934
-24.05     12.92     33.87     1712949
-24.25     12.92     33.74     1713963
-24.05     12.92     33.87     1714977
-24.05     12.92     33.87     1715991
-24.05     12.92     33.87     1717006
-24.05     12.92     33.87     1718020
-24.05     12.92     33.87     1719034
-24.05     12.81     33.87     1720048
-24.05     12.92     33.87     1721063
-24.05     12.92     33.87     1722077
-24.05     12.81     33.87     1723091
-24.05     12.81     33.87     1724105
-24.05     12.81     33.87     1725120
-24.05     12.81     33.87     1726134
-24.05     12.81     33.87     1727149
-24.05     12.81     33.87     1728162
-24.05     12.81     33.87     1729177
-24.25     12.81     33.87     1730191
-24.05     12.81     33.87     1731206
-24.05     12.92     33.87     1732219
-24.25     12.81     33.74     1733234
-24.25     12.81     33.74     1734248
-24.05     12.81     33.87     1735263
-24.05     12.81     33.87     1736276
-24.05     12.81     33.87     1737291
-24.05     12.92     33.87     1738305
-24.05     12.92     33.87     1739320
-24.05     12.92     33.87     1740334
-24.25     12.92     33.74     1741348
-24.05     13.03     33.87     1742362
-24.05     12.92     33.99     1743377
-24.05     12.92     33.87     1744391
-24.05     13.03     33.87     1745405
-24.25     12.92     33.87     1746419
-24.05     12.92     33.87     1747434
-24.05     12.92     33.87     1748448
-24.05     12.92     33.87     1749463
-24.25     12.92     33.87     1750476
-24.05     12.92     33.87     1751490
-24.05     12.92     33.99     1752505
-24.25     12.92     33.87     1753519
-24.25     12.92     33.87     1754533
-24.05     12.92     33.87     1755547
-24.05     13.03     33.87     1756562
-24.05     12.92     33.87     1757576
-24.25     12.92     33.87     1758590
-24.25     13.03     33.74     1759604
-24.25     12.92     33.74     1760619
-24.25     12.92     33.87     1761633
-24.05     12.92     33.74     1762648
-24.25     12.92     33.87     1763661
-24.05     12.92     33.87     1764676
-24.05     12.92     33.74     1765690
-24.25     12.92     33.74     1766705
-24.25     12.81     33.74     1767719
-24.25     12.92     33.74     1768733
-24.05     12.81     33.74     1769748
-24.05     12.92     33.74     1770762
-24.05     12.92     33.74     1771777
-24.25     12.92     33.74     1772790
-24.05     12.92     33.74     1773805
-24.05     12.92     33.74     1774819
-24.05     12.92     33.74     1775834
-24.05     12.92     33.74     1776847
-24.05     12.92     33.74     1777862
-24.05     12.92     33.74     1778876
-24.25     12.81     33.74     1779891
-24.05     12.92     33.74     1780904
-24.05     12.81     33.62     1781919
-24.05     12.81     33.74     1782934
-24.25     12.92     33.74     1783948
-24.25     12.81     33.74     1784963
-24.05     12.81     33.74     1785976
-24.05     12.81     33.74     1786991
-24.25     12.81     33.74     1788005
-24.25     12.81     33.74     1789020
-24.25     12.81     33.74     1790033
-24.25     12.81     33.74     1791048
-24.05     12.81     33.74     1792062
-24.05     12.92     33.74     1793077
-24.05     12.81     33.74     1794091
-24.25     12.81     33.74     1795105
-24.25     12.81     33.74     1796120
-24.25     12.81     33.74     1797134
-24.25     12.81     33.74     1798149
-24.25     12.81     33.74     1799162
-24.25     12.81     33.74     1800177
-24.25     12.81     33.74     1801191
-24.25     12.81     33.74     1802206
-24.25     12.81     33.74     1803219
-24.05     12.81     33.74     1804234
-24.25     12.81     33.74     1805248
-24.05     12.81     33.74     1806263
-24.05     12.81     33.74     1807277
-24.05     12.81     33.74     1808291
-24.05     12.81     33.74     1809305
-24.05     12.81     33.74     1810320
-24.25     12.81     33.87     1811334
-24.05     12.81     33.87     1812348
-24.05     12.81     33.74     1813363
-24.05     12.81     33.74     1814377
-24.25     12.81     33.74     1815392
-24.05     12.81     33.87     1816406
-24.25     12.81     33.87     1817420
-24.25     12.81     33.87     1818434
-24.25     12.70     33.87     1819449
-24.05     12.92     33.74     1820463
-24.05     12.81     33.87     1821477
-24.25     12.81     33.87     1822491
-24.05     12.92     33.87     1823506
-24.25     12.81     33.87     1824520
-24.25     12.81     33.87     1825534
-24.25     12.81     33.87     1826548
-24.25     12.81     33.87     1827563
-24.25     12.81     33.74     1828577
-24.25     12.81     33.87     1829592
-24.25     12.81     33.87     1830605
-24.25     12.81     33.74     1831620
-24.25     12.81     33.87     1832634
-24.05     12.81     33.87     1833649
-24.05     12.81     33.87     1834662
-24.05     12.81     33.87     1835677
-24.25     12.81     33.87     1836691
-24.25     12.81     33.62     1837706
-24.25     12.81     33.74     1838720
-24.25     12.81     33.87     1839734
-24.25     12.81     33.87     1840748
-24.25     12.81     33.87     1841762
-24.05     12.81     33.87     1842777
-24.05     12.81     33.87     1843790
-24.25     12.81     33.74     1844805
-24.25     12.81     33.87     1845819
-24.25     12.81     33.87     1846834
-24.25     12.81     33.87     1847847
-24.25     12.92     33.87     1848862
-24.25     12.92     33.87     1849876
-24.25     12.92     33.87     1850891
-24.25     12.92     33.87     1851905
-24.25     12.92     33.87     1852919
-24.25     12.92     33.99     1853933
-24.25     12.92     33.87     1854948
-24.25     12.92     33.87     1855962
-24.25     12.81     33.87     1856976
-24.05     12.92     33.87     1857990
-24.25     12.92     33.87     1859005
-24.05     12.81     33.87     1860019
-24.25     12.92     33.87     1861033
-24.25     12.92     33.87     1862047
-24.25     12.92     33.87     1863062
-24.05     12.92     33.87     1864076
-24.25     12.92     33.87     1865091
-24.25     12.92     33.99     1866104
-24.25     12.92     33.99     1867119
-24.25     12.92     33.87     1868133
-24.25     12.92     33.87     1869148
-24.25     12.92     33.87     1870161
-24.25     12.92     33.87     1871176
-24.25     12.92     33.87     1872190
-24.05     12.81     33.99     1873205
-24.25     12.81     33.87     1874219
-24.25     12.92     33.87     1875233
-24.25     12.92     33.99     1876247
-24.25     12.92     33.99     1877262
-24.25     12.92     33.99     1878276
-24.25     12.92     33.99     1879290
-24.05     12.92     33.99     1880304
-24.25     12.92     33.99     1881319
-24.05     12.81     33.99     1882333
-24.25     12.81     33.87     1883347
-24.25     12.81     33.87     1884361
-24.25     12.81     33.87     1885376
-24.25     12.81     33.87     1886390
-24.25     12.81     33.87     1887405
-24.05     12.81     33.87     1888418
-24.25     12.81     33.87     1889433
-24.25     12.81     33.87     1890447
-24.25     12.81     33.87     1891462
-24.25     12.81     33.87     1892475
-24.05     12.81     33.87     1893490
-24.25     12.81     33.87     1894504
-24.25     12.81     33.87     1895519
-24.25     12.81     33.87     1896532
-24.25     12.81     33.87     1897547
-24.05     12.81     33.87     1898561
-24.25     12.81     33.87     1899576
-24.25     12.81     33.74     1900590
-24.25     12.81     33.87     1901604
-24.25     12.81     33.74     1902618
-24.25     12.92     33.74     1903633
-24.05     12.81     33.74     1904647
-24.25     12.81     33.87     1905661
-24.25     12.81     33.74     1906676
-24.05     12.92     33.87     1907690
-24.25     12.81     33.74     1908705
-24.25     12.81     33.87     1909719
-24.25     12.81     33.74     1910733
-24.25     12.81     33.74     1911747
-24.25     12.81     33.74     1912762
-24.25     12.81     33.74     1913776
-24.25     12.92     33.74     1914790
-24.25     12.92     33.74     1915804
-24.25     12.81     33.87     1916819
-24.05     12.81     33.87     1917833
-24.25     12.81     33.87     1918848
-24.25     12.81     33.87     1919861
-24.25     12.81     33.87     1920876
-24.25     12.81     33.74     1921890
-24.25     12.92     33.87     1922905
-24.25     12.81     33.87     1923918
-24.25     12.81     33.87     1924933
-24.25     12.81     33.87     1925947
-24.25     12.92     33.87     1926962
-24.25     12.81     33.87     1927975
-24.25     12.81     33.87     1928990
-24.25     12.81     33.87     1930004
-24.25     12.81     33.87     1931019
-24.25     12.81     33.87     1932033
-24.25     12.81     33.74     1933047
-24.25     12.81     33.87     1934061
-24.25     12.92     33.87     1935076
-24.25     12.81     33.87     1936090
-24.05     12.92     33.87     1937104
-24.25     12.81     33.87     1938118
-24.25     12.81     33.87     1939133
-24.25     12.81     33.87     1940147
-24.25     12.81     33.87     1941161
-24.25     12.81     33.87     1942175
-24.25     12.81     33.87     1943190
-24.25     12.81     33.87     1944204
-24.25     12.81     33.74     1945219
-24.05     12.81     33.87     1946232
-24.25     12.81     33.87     1947247
-24.25     12.81     33.74     1948261
-24.25     12.81     33.87     1949276
-24.25     12.81     33.74     1950289
-24.25     12.81     33.87     1951304
-24.05     12.81     33.87     1952319
-24.25     12.81     33.87     1953333
-24.25     12.81     33.87     1954348
-24.25     12.81     33.87     1955361
-24.25     12.81     33.87     1956376
-24.25     12.81     33.87     1957390
-24.25     12.81     33.74     1958405
-24.25     12.81     33.74     1959418
-24.25     12.81     33.74     1960433
-24.25     12.81     33.74     1961447
-24.25     12.81     33.74     1962462
-24.25     12.81     33.87     1963475
-24.25     12.81     33.87     1964490
-24.25     12.81     33.74     1965504
-24.25     12.81     33.74     1966519
-24.25     12.81     33.74     1967533
-24.25     12.81     33.74     1968547
-24.25     12.81     33.74     1969561
-24.25     12.81     33.87     1970576
-24.25     12.81     33.87     1971590
-24.25     12.81     33.74     1972604
-24.25     12.81     33.74     1973618
-24.25     12.81     33.74     1974633
-24.25     12.81     33.74     1975647
-24.25     12.81     33.74     1976662
-24.25     12.81     33.74     1977676
-24.25     12.81     33.74     1978690
-24.25     12.81     33.74     1979705
-24.25     12.81     33.74     1980719
-24.25     12.81     33.74     1981733
-24.25     12.81     33.74     1982747
-24.25     12.81     33.74     1983762
-24.25     12.81     33.74     1984776
-24.25     12.81     33.74     1985790
-24.25     12.81     33.74     1986804
-24.25     12.81     33.74     1987819
-24.25     12.81     33.74     1988833
-24.25     12.81     33.74     1989848
-24.25     12.81     33.74     1990861
-24.25     12.81     33.74     1991876
-24.25     12.81     33.74     1992890
-24.25     12.81     33.74     1993905
-24.25     12.81     33.74     1994919
-24.25     12.81     33.74     1995933
-24.25     12.81     33.74     1996948
-24.25     12.81     33.74     1997962
-24.25     12.81     33.74     1998977
-24.25     12.81     33.74     1999990
-24.25     12.81     33.74     2001005
-24.25     12.81     33.74     2002019
-24.25     12.81     33.74     2003034
-24.25     12.81     33.74     2004047
-24.25     12.70     33.74     2005062
-24.25     12.81     33.74     2006076
-24.25     12.81     33.74     2007091
-24.25     12.81     33.74     2008104
-24.25     12.81     33.74     2009119
-24.25     12.81     33.74     2010133
-24.25     12.81     33.74     2011148
-24.25     12.81     33.74     2012163
-24.25     12.81     33.74     2013176
-24.25     12.81     33.74     2014191
-24.25     12.81     33.74     2015205
-24.25     12.81     33.74     2016220
-24.05     12.81     33.74     2017233
-24.25     12.70     33.74     2018248
-24.25     12.81     33.74     2019262
-24.25     12.70     33.74     2020277
-24.25     12.70     33.74     2021291
-24.25     12.70     33.74     2022305
-24.25     12.70     33.74     2023319
-24.25     12.70     33.74     2024334
-24.25     12.70     33.74     2025348
-24.25     12.81     33.74     2026362
-24.25     12.81     33.74     2027376
-24.25     12.70     33.74     2028391
-24.25     12.70     33.74     2029405
-24.25     12.70     33.74     2030419
-24.25     12.70     33.74     2031433
-24.25     12.70     33.74     2032448
-24.25     12.70     33.87     2033463
-24.25     12.70     33.74     2034477
-24.25     12.70     33.87     2035491
-24.25     12.70     33.74     2036505
-24.25     12.70     33.74     2037520
-24.25     12.70     33.74     2038534
-24.25     12.70     33.74     2039548
-24.25     12.70     33.74     2040562
-24.25     12.70     33.74     2041577
-24.25     12.70     33.74     2042591
-24.25     12.70     33.87     2043606
-24.25     12.70     33.87     2044619
-24.25     12.70     33.99     2045634
-24.25     12.70     33.87     2046648
-24.25     12.70     33.87     2047663
-24.25     12.70     33.87     2048676
-24.25     12.70     33.87     2049690
-24.25     12.70     33.87     2050705
-24.25     12.70     33.87     2051719
-24.25     12.70     33.87     2052733
-24.25     12.70     33.99     2053747
-24.25     12.70     33.87     2054762
-24.25     12.70     33.87     2055776
-24.25     12.70     33.87     2056791
-24.25     12.70     33.87     2057804
-24.25     12.70     33.74     2058819
-24.25     12.70     33.74     2059833
-24.25     12.70     33.74     2060848
-24.25     12.70     33.74     2061861
-24.25     12.70     33.74     2062876
-24.25     12.70     33.74     2063890
-24.25     12.70     33.74     2064905
-24.25     12.70     33.74     2065918
-24.25     12.70     33.74     2066933
-24.25     12.70     33.74     2067947
-24.25     12.81     33.74     2068962
-24.25     12.81     33.74     2069976
-24.25     12.81     33.62     2070990
-24.25     12.81     33.74     2072004
-24.25     12.70     33.74     2073019
-24.25     12.70     33.87     2074033
-24.25     12.81     33.74     2075047
-24.25     12.70     33.74     2076062
-24.25     12.70     33.74     2077076
-24.25     12.70     33.74     2078091
-24.25     12.70     33.74     2079105
-24.25     12.70     33.74     2080119
-24.25     12.70     33.74     2081133
-24.25     12.70     33.74     2082148
-24.25     12.70     33.74     2083162
-24.25     12.70     33.74     2084176
-24.25     12.70     33.87     2085190
-24.25     12.70     33.74     2086205
-24.25     12.70     33.74     2087219
-24.44     12.70     33.74     2088233
-24.44     12.70     33.74     2089247
-24.25     12.70     33.74     2090262
-24.25     12.70     33.74     2091276
-24.25     12.70     33.74     2092291
-24.44     12.70     33.74     2093304
-24.25     12.70     33.74     2094319
-24.25     12.70     33.74     2095333
-24.25     12.70     33.74     2096348
-24.25     12.70     33.74     2097361
-24.25     12.70     33.74     2098376
-24.25     12.70     33.74     2099391
-24.25     12.70     33.74     2100405
-24.25     12.70     33.74     2101420
-24.25     12.70     33.74     2102433
-24.25     12.70     33.74     2103448
-24.25     12.81     33.62     2104462
-24.25     12.70     33.74     2105477
-24.25     12.70     33.74     2106490
-24.25     12.81     33.62     2107505
-24.25     12.70     33.74     2108519
-24.25     12.70     33.74     2109534
-24.25     12.70     33.74     2110547
-24.25     12.70     33.74     2111562
-24.25     12.70     33.74     2112576
-24.25     12.70     33.74     2113591
-24.25     12.81     33.74     2114605
-24.25     12.70     33.74     2115619
-24.25     12.70     33.74     2116633
-24.25     12.70     33.74     2117648
-24.25     12.70     33.74     2118662
-24.44     12.70     33.74     2119676
-24.25     12.70     33.74     2120691
-24.25     12.81     33.74     2121705
-24.25     12.70     33.74     2122720
-24.25     12.81     33.74     2123734
-24.25     12.70     33.74     2124748
-24.25     12.70     33.74     2125762
-24.25     12.70     33.74     2126777
-24.25     12.70     33.74     2127791
-24.25     12.70     33.62     2128805
-24.25     12.70     33.74     2129819
-24.25     12.81     33.74     2130834
-24.25     12.70     33.74     2131848
-24.25     12.70     33.74     2132862
-24.25     12.70     33.74     2133876
-24.25     12.70     33.74     2134891
-24.44     12.70     33.74     2135905
-24.25     12.70     33.74     2136920
-24.25     12.70     33.74     2137933
-24.25     12.70     33.74     2138948
-24.25     12.70     33.74     2139962
-24.25     12.81     33.74     2140977
-24.25     12.70     33.74     2141991
-24.25     12.70     33.74     2143005
-24.25     12.70     33.74     2144020
-24.25     12.70     33.74     2145034
-24.25     12.70     33.62     2146049
-24.25     12.70     33.62     2147062
-24.25     12.70     33.74     2148077
-24.25     12.70     33.74     2149091
-24.25     12.70     33.74     2150106
-24.25     12.70     33.74     2151119
-24.25     12.70     33.74     2152134
-24.25     12.70     33.74     2153148
-24.25     12.70     33.74     2154163
-24.25     12.70     33.74     2155176
-24.25     12.70     33.74     2156191
-24.25     12.70     33.74     2157205
-24.25     12.70     33.74     2158220
-24.44     12.70     33.74     2159234
-24.25     12.70     33.74     2160248
-24.25     12.70     33.74     2161262
-24.25     12.70     33.74     2162277
-24.25     12.70     33.74     2163291
-24.25     12.70     33.74     2164305
-24.25     12.70     33.74     2165319
-24.25     12.70     33.74     2166334
-24.44     12.81     33.74     2167348
-24.44     12.81     33.74     2168363
-24.25     12.81     33.74     2169377
-24.25     12.81     33.74     2170391
-24.25     12.81     33.74     2171406
-24.25     12.81     33.74     2172420
-24.25     12.81     33.74     2173434
-24.25     12.81     33.74     2174448
-24.25     12.81     33.74     2175463
-24.25     12.81     33.74     2176477
-24.25     12.81     33.74     2177491
-24.25     12.81     33.74     2178505
-24.25     12.81     33.87     2179520
-24.25     12.81     33.74     2180534
-24.25     12.81     33.74     2181549
-24.25     12.81     33.74     2182562
-24.25     12.81     33.74     2183577
-24.25     12.81     33.74     2184591
-24.25     12.81     33.62     2185606
-24.25     12.81     33.74     2186620
-24.25     12.70     33.74     2187634
-24.25     12.70     33.74     2188649
-24.25     12.70     33.74     2189663
-24.44     12.81     33.74     2190678
-24.25     12.81     33.74     2191691
-24.25     12.81     33.74     2192706
-24.25     12.81     33.74     2193720
-24.25     12.81     33.74     2194735
-24.25     12.81     33.74     2195748
-24.25     12.81     33.74     2196763
-24.25     12.81     33.62     2197777
-24.25     12.81     33.74     2198792
-24.25     12.81     33.74     2199805
-24.25     12.70     33.74     2200820
-24.25     12.81     33.74     2201834
-24.25     12.70     33.74     2202849
-24.25     12.70     33.74     2203864
-24.25     12.70     33.74     2204877
-24.25     12.81     33.74     2205892
-24.25     12.70     33.74     2206906
-24.25     12.70     33.74     2207921
-24.44     12.70     33.74     2208934
-24.25     12.70     33.74     2209949
-24.25     12.70     33.74     2210963
-24.25     12.70     33.74     2211978
-24.25     12.70     33.74     2212992
-24.25     12.70     33.74     2214006
-24.25     12.70     33.62     2215020
-24.25     12.70     33.74     2216035
-24.25     12.70     33.74     2217049
-24.25     12.70     33.62     2218063
-24.25     12.70     33.74     2219077
-24.25     12.70     33.74     2220092
-24.25     12.70     33.74     2221106
-24.25     12.70     33.74     2222120
-24.25     12.70     33.62     2223134
-24.25     12.70     33.74     2224149
-24.25     12.70     33.74     2225163
-24.25     12.70     33.74     2226178
-24.25     12.70     33.74     2227191
-24.25     12.70     33.74     2228206
-24.25     12.70     33.74     2229220
-24.25     12.70     33.62     2230235
-24.25     12.70     33.74     2231248
-24.25     12.70     33.74     2232263
-24.25     12.70     33.74     2233278
-24.25     12.81     33.74     2234292
-24.25     12.70     33.74     2235307
-24.25     12.70     33.74     2236320
-24.25     12.70     33.74     2237335
-24.25     12.81     33.74     2238349
-24.25     12.70     33.74     2239364
-24.25     12.70     33.74     2240377
-24.25     12.81     33.74     2241392
-24.25     12.81     33.74     2242406
-24.25     12.81     33.74     2243421
-24.25     12.81     33.74     2244434
-24.25     12.81     33.74     2245449
-24.25     12.81     33.74     2246463
-24.25     12.70     33.74     2247478
-24.25     12.81     33.74     2248492
-24.25     12.81     33.74     2249506
-24.25     12.81     33.74     2250520
-24.25     12.81     33.74     2251535
-24.25     12.70     33.74     2252549
-24.25     12.81     33.74     2253563
-24.25     12.81     33.74     2254578
-24.25     12.81     33.87     2255592
-24.25     12.81     33.74     2256607
-24.25     12.81     33.74     2257620
-24.25     12.81     33.74     2258635
-24.25     12.81     33.74     2259649
-24.25     12.81     33.74     2260664
-24.25     12.81     33.74     2261678
-24.25     12.81     33.87     2262692
-24.25     12.81     33.87     2263706
-24.25     12.81     33.87     2264721
-24.25     12.81     33.87     2265735
-24.25     12.81     33.87     2266749
-24.25     12.81     33.74     2267763
-24.25     12.81     33.87     2268778
-24.25     12.81     33.87     2269792
-24.25     12.81     33.99     2270807
-24.25     12.81     33.87     2271820
-24.25     12.81     33.87     2272835
-24.25     12.81     33.87     2273849
-24.25     12.81     33.87     2274864
-24.25     12.81     33.87     2275877
-24.25     12.81     33.87     2276892
-24.25     12.81     33.87     2277906
-24.25     12.81     33.74     2278921
-24.25     12.81     33.87     2279934
-24.25     12.81     33.87     2280948
-24.25     12.81     33.87     2281963
-24.25     12.81     33.87     2282977
-24.25     12.81     33.87     2283992
-24.25     12.81     33.87     2285005
-24.25     12.81     33.87     2286020
-24.25     12.81     33.87     2287034
-24.25     12.70     33.87     2288049
-24.25     12.81     33.87     2289062
-24.25     12.81     33.87     2290077
-24.25     12.81     33.87     2291091
-24.25     12.81     33.87     2292106
-24.25     12.81     33.87     2293120
-24.25     12.81     33.87     2294134
-24.25     12.81     33.87     2295148
-24.25     12.70     33.87     2296163
-24.25     12.81     33.87     2297177
-24.25     12.81     33.87     2298191
-24.25     12.81     33.87     2299205
-24.25     12.81     33.87     2300220
-24.25     12.81     33.87     2301234
-24.25     12.81     33.87     2302248
-24.25     12.81     33.87     2303262
-24.05     12.81     33.87     2304277
-24.25     12.81     33.87     2305291
-24.25     12.81     33.87     2306306
-24.25     12.81     33.87     2307319
-24.25     12.81     33.87     2308334
-24.25     12.92     33.87     2309348
-24.25     12.81     33.87     2310363
-24.25     12.92     33.87     2311376
-24.25     12.81     33.99     2312391
-24.25     12.81     33.87     2313405
-24.25     12.81     33.87     2314420
-24.25     12.81     33.87     2315433
-24.25     12.81     33.87     2316448
-24.25     12.81     33.87     2317462
-24.25     12.81     33.87     2318477
-24.25     12.81     33.87     2319491
-24.25     12.92     33.87     2320505
-24.25     12.81     33.87     2321519
-24.25     12.81     33.87     2322534
-24.25     12.81     33.87     2323548
-24.25     12.92     33.87     2324562
-24.25     12.92     33.87     2325576
-24.25     12.81     33.87     2326591
-24.25     12.92     33.87     2327605
-24.25     12.92     33.87     2328620
-24.25     12.92     33.87     2329633
-24.25     12.92     33.74     2330648
-24.25     12.92     33.87     2331662
-24.25     12.92     33.87     2332677
-24.25     12.92     33.74     2333690
-24.25     12.92     33.87     2334705
-24.25     12.92     33.87     2335719
-24.25     12.92     33.87     2336733
-24.25     12.92     33.87     2337747
-24.25     12.92     33.87     2338761
-24.25     12.92     33.87     2339776
-24.25     12.92     33.87     2340790
-24.25     12.92     33.74     2341805
-24.25     12.92     33.87     2342818
-24.05     12.92     33.87     2343833
-24.25     12.92     33.74     2344848
-24.25     12.92     33.74     2345862
-24.25     12.92     33.87     2346876
-24.25     12.92     33.74     2347890
-24.25     12.92     33.74     2348905
-24.25     12.92     33.74     2349919
-24.25     12.92     33.74     2350934
-24.25     12.92     33.74     2351947
-24.25     12.92     33.74     2352962
-24.25     12.92     33.74     2353976
-24.25     12.92     33.74     2354991
-24.25     12.92     33.74     2356004
-24.25     12.92     33.74     2357019
-24.25     12.81     33.74     2358033
-24.25     12.92     33.74     2359048
-24.25     12.92     33.74     2360062
-24.25     12.92     33.74     2361076
-24.25     12.92     33.74     2362091
-24.25     12.92     33.74     2363105
-24.25     12.81     33.74     2364120
-24.25     12.81     33.74     2365133
-24.25     12.81     33.74     2366148
-24.25     12.81     33.74     2367162
-24.25     12.81     33.74     2368177
-24.25     12.81     33.74     2369190
-24.25     12.81     33.74     2370205
-24.25     12.81     33.74     2371219
-24.25     12.92     33.74     2372234
-24.25     12.81     33.74     2373248
-24.25     12.81     33.74     2374262
-24.25     12.81     33.62     2375277
-24.25     12.81     33.74     2376291
-24.25     12.92     33.74     2377306
-24.05     12.92     33.74     2378319
-24.05     12.81     33.74     2379334
-24.25     12.92     33.74     2380348
-24.25     12.92     33.74     2381363
-24.25     12.92     33.74     2382376
-24.25     12.92     33.74     2383391
-24.25     12.92     33.87     2384405
-24.25     12.92     33.74     2385420
-24.25     12.92     33.74     2386434
-24.25     12.92     33.87     2387448
-24.05     12.92     33.87     2388462
-24.25     12.92     33.87     2389477
-24.25     12.92     33.87     2390491
-24.25     12.92     33.87     2391505
-24.25     12.92     33.87     2392519
-24.25     12.92     33.87     2393534
-24.05     12.92     33.87     2394548
-24.25     12.92     33.87     2395563
-24.25     12.92     33.87     2396576
-24.25     12.92     33.87     2397591
-24.25     12.92     33.87     2398605
-24.25     12.92     33.87     2399620
-24.25     12.92     33.87     2400633
-24.05     12.92     33.87     2401648
-24.25     12.92     33.87     2402662
-24.05     12.92     33.87     2403677
-24.25     13.03     33.74     2404690
-24.25     12.92     33.87     2405705
-24.25     12.92     33.74     2406719
-24.25     12.92     33.87     2407734
-24.25     12.92     33.87     2408748
-24.25     12.92     33.74     2409762
-24.25     12.92     33.74     2410776
-24.25     12.92     33.87     2411791
-24.25     12.92     33.74     2412805
-24.25     12.92     33.74     2413819
-24.25     12.92     33.87     2414833
-24.25     12.92     33.74     2415848
-24.25     12.92     33.74     2416862
-24.25     12.92     33.74     2417876
-24.25     13.03     33.74     2418890
-24.25     12.92     33.87     2419905
-24.25     12.92     33.74     2420919
-24.25     12.92     33.74     2421934
-24.25     12.92     33.74     2422948
-24.05     13.03     33.74     2423962
-24.25     12.92     33.74     2424977
-24.25     12.92     33.74     2425991
-24.25     12.92     33.74     2427005
-24.25     12.92     33.87     2428019
-24.25     12.92     33.74     2429034
-24.05     12.92     33.87     2430048
-24.25     12.92     33.74     2431063
-24.25     12.92     33.74     2432076
-24.05     12.92     33.74     2433091
-24.25     12.81     33.74     2434105
-24.25     12.81     33.74     2435120
-24.25     12.81     33.74     2436134
-24.25     12.81     33.74     2437148
-24.25     12.81     33.74     2438163
-24.25     12.81     33.74     2439177
-24.25     12.81     33.74     2440192
-24.25     12.81     33.74     2441205
-24.25     12.81     33.62     2442220
-24.25     12.81     33.74     2443234
-24.05     12.81     33.74     2444249
-24.05     12.81     33.74     2445262
-24.25     12.81     33.62     2446277
-24.25     12.81     33.62     2447291
-24.25     12.92     33.62     2448306
-24.05     12.81     33.62     2449319
-24.05     12.81     33.62     2450334
-24.05     12.92     33.62     2451349
-24.25     12.92     33.74     2452363
-24.25     12.92     33.74     2453378
-24.05     12.92     33.74     2454391
-24.25     12.92     33.62     2455406
-24.05     12.92     33.74     2456420
-24.25     12.92     33.62     2457435
-24.25     12.81     33.62     2458448
-24.05     12.92     33.74     2459463
-24.25     12.92     33.74     2460477
-24.05     12.92     33.62     2461492
-24.05     12.92     33.74     2462505
-24.25     12.92     33.62     2463520
-24.25     12.92     33.62     2464535
-24.25     12.92     33.74     2465549
-24.25     12.92     33.62     2466564
-24.25     12.92     33.74     2467577
-24.25     12.92     33.74     2468592
-24.05     12.92     33.74     2469606
-24.05     12.92     33.74     2470621
-24.25     12.92     33.74     2471634
-24.25     12.92     33.74     2472649
-24.25     12.81     33.74     2473663
-24.05     12.92     33.74     2474678
-24.25     12.92     33.74     2475692
-24.25     12.92     33.74     2476706
-24.05     12.92     33.87     2477721
-24.25     12.92     33.74     2478735
-24.25     12.92     33.74     2479750
-24.25     12.92     33.74     2480763
-24.25     12.92     33.87     2481778
-24.25     12.92     33.74     2482792
-24.05     12.92     33.87     2483807
-24.25     12.92     33.74     2484820
-24.05     12.92     33.87     2485835
-24.05     12.92     33.74     2486849
-24.05     12.92     33.87     2487864
-24.25     12.92     33.87     2488878
-24.25     12.92     33.87     2489892
-24.05     12.92     33.87     2490906
-24.25     12.92     33.87     2491921
-24.05     12.92     33.87     2492935
-24.25     12.92     33.87     2493949
-24.25     12.92     33.87     2494963
-24.05     12.92     33.87     2495978
-24.05     12.92     33.87     2496992
-24.05     13.03     33.87     2498007
-24.05     12.92     33.87     2499020
-24.05     13.03     33.87     2500035
-24.05     12.92     33.87     2501049
-24.05     12.92     33.87     2502064

