
0.00     0.00     0.00     0
21.36     22.14     22.92     1013
21.36     22.14     22.92     2027
21.25     22.25     23.03     3042
21.14     22.25     23.14     4056
21.03     22.25     23.37     5069
20.92     22.36     23.48     6084
20.70     22.36     23.70     7098
20.59     22.36     23.93     8113
20.36     22.47     24.15     9126
20.14     22.47     24.27     10140
19.92     22.58     24.38     11155
19.70     22.70     24.60     12169
19.59     22.70     24.83     13184
19.26     22.81     24.94     14197
19.04     22.92     25.17     15211
18.82     22.92     25.28     16226
18.60     23.03     25.40     17240
18.38     23.14     25.62     18254
18.05     23.14     25.74     19268
17.83     23.25     25.85     20283
17.62     23.37     25.97     21297
17.40     23.48     26.08     22310
17.07     23.59     26.19     23325
16.85     23.59     26.31     24339
16.63     23.70     26.42     25354
16.30     23.82     26.54     26368
16.19     23.93     26.65     27382
15.98     24.04     26.77     28396
15.65     24.04     26.88     29410
15.43     24.15     27.11     30425
15.21     24.27     27.11     31438
14.88     24.38     27.23     32452
14.66     24.38     27.34     33467
14.45     24.49     27.46     34481
14.23     24.60     27.46     35495
14.01     24.60     27.57     36509
13.79     24.72     27.69     37523
13.46     24.83     27.80     38538
13.25     24.83     27.80     39552
13.03     24.94     27.92     40565
12.81     25.06     28.03     41580
12.59     25.06     28.15     42594
12.37     25.17     28.15     43608
12.15     25.28     28.27     44622
11.93     25.28     28.38     45636
11.72     25.40     28.38     46650
11.50     25.40     28.50     47665
11.28     25.51     28.61     48678
11.17     25.51     28.61     49692
10.95     25.62     28.73     50707
10.73     25.74     28.85     51721
10.51     25.74     28.85     52734
10.29     25.74     28.85     53749
10.07     25.85     28.96     54763
9.85     25.97     28.96     55777
9.74     25.97     29.08     56792
9.41     25.97     29.20     57805
9.30     26.08     29.31     58819
9.08     26.08     29.31     59834
8.97     26.19     29.43     60848
8.75     26.19     29.55     61862
8.53     26.31     29.55     62876
8.42     26.31     29.55     63891
8.20     26.31     29.67     64905
7.98     26.42     29.78     65920
7.86     26.42     29.90     66933
7.64     26.54     29.90     67948
7.53     26.54     29.90     68962
7.31     26.54     30.02     69977
7.09     26.65     30.02     70990
6.98     26.65     30.14     72005
6.75     26.65     30.14     73020
6.64     26.77     30.26     74034
6.53     26.77     30.26     75048
6.31     26.77     30.37     76062
6.08     26.77     30.37     77076
5.97     26.88     30.49     78091
5.86     26.88     30.61     79105
5.64     26.88     30.49     80119
5.41     26.88     30.61     81133
5.30     27.00     30.61     82148
5.19     27.00     30.73     83162
5.07     27.00     30.73     84176
4.85     27.00     30.73     85190
4.74     27.00     30.85     86205
4.62     27.11     30.85     87219
4.40     27.11     30.85     88233
4.28     27.23     30.97     89247
4.17     27.23     31.09     90262
3.94     27.23     31.09     91276
3.83     27.11     31.09     92291
3.72     27.23     31.09     93304
3.60     27.23     31.33     94319
3.49     27.23     31.21     95333
3.26     27.23     31.21     96348
3.15     27.34     31.33     97361
3.03     27.23     31.33     98375
2.92     27.23     31.33     99390
2.69     27.34     31.44     100404
2.69     27.34     31.33     101419
2.46     27.34     31.44     102432
2.34     27.34     31.44     103447
2.23     27.34     31.56     104461
2.11     27.34     31.68     105476
2.00     27.34     31.56     106489
1.88     27.34     31.68     107504
1.77     27.46     31.68     108518
1.65     27.34     31.68     109532
1.53     27.34     31.80     110546
1.42     27.34     31.80     111560
1.30     27.34     31.80     112575
1.19     27.46     31.80     113589
1.07     27.46     31.80     114604
0.95     27.46     31.92     115617
0.84     27.46     31.92     116632
0.72     27.46     32.04     117646
0.60     27.46     32.04     118661
0.49     27.46     32.04     119674
0.37     27.46     32.04     120688
0.25     27.46     32.04     121703
0.13     27.46     32.04     122717
0.02     27.46     32.16     123731
-0.10     27.46     32.16     124745
-0.22     27.46     32.29     125760
-0.34     27.46     32.29     126774
-0.46     27.57     32.16     127789
-0.46     27.46     32.29     128802
-0.69     27.46     32.29     129817
-0.69     27.46     32.41     130831
-0.93     27.46     32.29     131845
-0.93     27.46     32.41     132859
-1.05     27.46     32.53     133873
-1.17     27.46     32.53     134888
-1.29     27.46     32.53     135902
-1.41     27.46     32.53     136916
-1.41     27.46     32.53     137930
-1.53     27.46     32.65     138945
-1.65     27.46     32.65     139959
-1.77     27.46     32.65     140974
-1.77     27.46     32.65     141987
-1.89     27.46     32.77     143001
-2.01     27.46     32.77     144016
-2.13     27.46     32.77     145030
-2.25     27.46     32.77     146044
-2.25     27.46     32.77     147058
-2.37     27.46     32.77     148073
-2.49     27.46     32.89     149087
-2.49     27.46     32.89     150102
-2.61     27.46     32.89     151115
-2.73     27.46     32.89     152129
-2.86     27.46     32.89     153144
-2.98     27.46     32.89     154158
-2.98     27.34     33.01     155172
-3.10     27.46     33.01     156186
-3.22     27.46     33.01     157201
-3.22     27.34     33.01     158215
-3.34     27.34     33.13     159228
-3.47     27.34     33.01     160243
-3.47     27.34     33.01     161257
-3.59     27.34     33.13     162272
-3.71     27.34     33.01     163286
-3.71     27.34     33.13     164299
-3.84     27.34     33.13     165314
-3.96     27.34     33.13     166328
-3.96     27.23     33.13     167343
-4.08     27.23     33.13     168356
-4.08     27.34     33.26     169370
-4.21     27.34     33.13     170385
-4.33     27.34     33.26     171399
-4.33     27.34     33.26     172413
-4.46     27.34     33.26     173427
-4.58     27.23     33.26     174442
-4.58     27.23     33.26     175456
-4.71     27.23     33.26     176470
-4.83     27.23     33.26     177484
-4.83     27.23     33.26     178498
-4.96     27.23     33.26     179513
-4.96     27.34     33.38     180527
-5.08     27.23     33.38     181540
-5.08     27.23     33.38     182555
-5.08     27.23     33.38     183569
-5.21     27.23     33.38     184584
-5.33     27.23     33.38     185597
-5.46     27.23     33.38     186611
-5.46     27.23     33.38     187626
-5.59     27.23     33.38     188640
-5.59     27.23     33.38     189654
-5.71     27.11     33.50     190668
-5.71     27.11     33.50     191682
-5.84     27.11     33.50     192697
-5.97     27.11     33.50     193711
-5.97     27.11     33.38     194724
-5.97     27.11     33.50     195739
-6.09     27.11     33.50     196753
-6.09     27.11     33.50     197768
-6.22     27.11     33.50     198781
-6.22     27.11     33.62     199795
-6.35     27.11     33.62     200810
-6.35     27.11     33.62     201824
-6.48     27.00     33.62     202838
-6.48     27.00     33.62     203852
-6.61     27.00     33.62     204866
-6.61     27.00     33.62     205880
-6.74     27.00     33.74     206895
-6.74     27.00     33.74     207908
-6.86     27.11     33.74     208923
-6.86     27.00     33.74     209937
-6.86     27.00     33.74     210951
-6.99     27.00     33.74     211965
-7.12     27.00     33.74     212979
-7.12     27.00     33.74     213993
-7.12     27.00     33.74     215008
-7.25     27.00     33.87     216022
-7.25     26.88     33.87     217035
-7.38     27.00     33.87     218050
-7.38     26.88     33.74     219064
-7.51     26.88     33.87     220079
-7.51     26.88     33.87     221092
-7.64     26.88     33.87     222106
-7.64     26.88     33.87     223121
-7.64     26.88     33.87     224135
-7.78     26.88     33.87     225148
-7.78     26.88     33.87     226163
-7.91     26.88     33.87     227177
-7.78     26.77     33.87     228192
-7.91     26.77     33.99     229206
-8.04     26.77     33.99     230220
-8.04     26.77     33.99     231234
-8.04     26.88     33.99     232248
-8.17     26.77     33.99     233263
-8.17     26.77     33.87     234276
-8.30     26.77     33.87     235291
-8.30     26.77     33.99     236305
-8.43     26.77     33.99     237320
-8.43     26.77     33.99     238333
-8.43     26.77     33.99     239348
-8.57     26.65     33.99     240362
-8.57     26.65     33.99     241377
-8.57     26.65     33.99     242391
-8.70     26.65     33.99     243405
-8.70     26.65     33.99     244419
-8.70     26.65     33.99     245434
-8.83     26.65     33.99     246449
-8.83     26.65     33.99     247462
-8.83     26.65     34.11     248477
-8.83     26.65     34.11     249491
-8.97     26.65     33.99     250506
-8.97     26.65     34.11     251520
-9.10     26.54     34.11     252533
-9.10     26.54     34.11     253548
-9.10     26.54     34.11     254563
-9.10     26.54     34.11     255577
-9.24     26.54     34.11     256591
-9.24     26.54     34.11     257605
-9.24     26.42     34.24     258620
-9.37     26.54     34.11     259634
-9.37     26.54     34.11     260648
-9.51     26.42     34.11     261662
-9.51     26.42     34.11     262677
-9.51     26.42     34.11     263691
-9.64     26.42     34.11     264706
-9.64     26.42     34.11     265719
-9.64     26.42     34.11     266734
-9.78     26.42     34.11     267749
-9.78     26.42     34.11     268763
-9.78     26.42     34.11     269777
-9.78     26.31     34.24     270791
-9.78     26.31     34.11     271806
-9.91     26.31     34.11     272821
-9.91     26.42     34.11     273835
-10.05     26.31     34.11     274849
-10.05     26.31     34.24     275864
-10.05     26.19     34.11     276878
-10.05     26.31     34.11     277893
-10.19     26.19     34.11     278906
-10.19     26.31     34.24     279921
-10.19     26.19     34.11     280936
-10.19     26.19     34.11     281950
-10.32     26.19     34.11     282964
-10.32     26.19     34.11     283978
-10.46     26.31     34.24     284993
-10.46     26.19     34.11     286007
-10.46     26.19     34.11     287022
-10.46     26.19     34.11     288035
-10.46     26.19     34.11     289050
-10.60     26.19     34.11     290064
-10.60     26.08     34.11     291079
-10.60     26.08     34.11     292093
-10.60     26.08     34.11     293107
-10.74     26.08     34.11     294122
-10.74     26.08     34.11     295137
-10.74     26.08     34.11     296151
-10.74     26.08     34.11     297165
-10.87     26.08     34.11     298179
-10.87     26.08     34.11     299194
-11.01     25.97     34.11     300209
-10.87     26.08     34.11     301222
-11.01     25.97     34.11     302237
-11.01     25.97     34.11     303252
-11.01     25.97     34.11     304266
-11.01     25.97     34.11     305281
-11.15     26.08     34.24     306294
-11.15     25.97     34.24     307309
-11.15     25.97     34.24     308323
-11.15     25.97     34.24     309338
-11.29     25.97     34.24     310352
-11.29     25.97     34.24     311366
-11.29     25.97     34.24     312381
-11.43     25.97     34.24     313395
-11.43     25.97     34.24     314409
-11.43     25.85     34.24     315423
-11.43     25.85     34.24     316438
-11.43     25.85     34.36     317452
-11.43     25.85     34.24     318467
-11.57     25.85     34.24     319481
-11.57     25.85     34.24     320495
-11.57     25.85     34.24     321510
-11.57     25.85     34.24     322524
-11.71     25.85     34.36     323538
-11.71     25.85     34.36     324552
-11.71     25.85     34.36     325567
-11.71     25.85     34.36     326581
-11.71     25.85     34.36     327596
-11.71     25.85     34.36     328610
-11.86     25.85     34.36     329624
-11.71     25.74     34.36     330639
-11.86     25.74     34.36     331653
-11.86     25.74     34.36     332667
-12.00     25.74     34.36     333681
-12.00     25.74     34.36     334696
-12.00     25.74     34.36     335710
-12.00     25.74     34.36     336724
-12.14     25.74     34.36     337739
-12.14     25.74     34.36     338753
-12.14     25.74     34.36     339768
-12.14     25.74     34.36     340782
-12.14     25.74     34.36     341796
-12.14     25.74     34.36     342810
-12.28     25.62     34.36     343825
-12.28     25.62     34.36     344839
-12.28     25.62     34.36     345853
-12.28     25.62     34.36     346868
-12.28     25.62     34.36     347882
-12.28     25.62     34.36     348897
-12.42     25.62     34.36     349911
-12.42     25.62     34.48     350925
-12.42     25.62     34.36     351940
-12.42     25.62     34.36     352954
-12.42     25.62     34.36     353969
-12.42     25.62     34.36     354982
-12.57     25.62     34.36     355997
-12.57     25.51     34.36     357012
-12.57     25.51     34.36     358026
-12.57     25.51     34.36     359041
-12.57     25.51     34.36     360054
-12.57     25.51     34.36     361069
-12.71     25.51     34.36     362083
-12.71     25.51     34.36     363098
-12.71     25.51     34.36     364112
-12.71     25.51     34.36     365126
-12.71     25.51     34.24     366141
-12.71     25.51     34.24     367155
-12.86     25.40     34.24     368169
-12.86     25.51     34.24     369183
-12.86     25.40     34.24     370198
-12.86     25.40     34.36     371212
-12.86     25.40     34.36     372227
-12.86     25.40     34.24     373240
-13.00     25.40     34.24     374255
-13.00     25.40     34.24     375269
-13.00     25.40     34.24     376284
-13.00     25.40     34.24     377297
-13.00     25.40     34.36     378312
-13.15     25.28     34.24     379326
-13.00     25.40     34.24     380341
-13.00     25.28     34.24     381355
-13.15     25.28     34.24     382369
-13.15     25.28     34.24     383383
-13.15     25.28     34.24     384398
-13.15     25.28     34.24     385412
-13.15     25.40     34.36     386426
-13.15     25.28     34.36     387440
-13.15     25.28     34.24     388455
-13.29     25.28     34.24     389469
-13.29     25.28     34.36     390483
-13.29     25.17     34.24     391497
-13.29     25.28     34.24     392512
-13.29     25.28     34.24     393527
-13.44     25.28     34.36     394541
-13.44     25.28     34.36     395555
-13.44     25.28     34.36     396569
-13.44     25.17     34.36     397584
-13.44     25.28     34.36     398598
-13.44     25.17     34.36     399612
-13.44     25.28     34.36     400626
-13.44     25.17     34.36     401641
-13.58     25.17     34.36     402655
-13.58     25.17     34.36     403668
-13.58     25.17     34.36     404683
-13.58     25.28     34.36     405697
-13.58     25.17     34.36     406712
-13.73     25.17     34.36     407726
-13.58     25.17     34.24     408740
-13.58     25.17     34.36     409754
-13.73     25.17     34.24     410768
-13.73     25.06     34.36     411783
-13.73     25.17     34.36     412796
-13.73     25.06     34.36     413811
-13.73     25.06     34.36     414825
-13.73     25.06     34.36     415840
-13.73     25.06     34.36     416854
-13.73     25.06     34.36     417867
-13.73     25.06     34.24     418882
-13.88     25.06     34.36     419896
-13.88     25.06     34.36     420911
-13.88     25.06     34.36     421924
-13.88     25.06     34.36     422939
-13.88     25.06     34.24     423953
-13.88     25.06     34.24     424968
-13.88     25.06     34.36     425981
-13.88     25.06     34.36     426996
-14.03     24.94     34.36     428010
-14.03     24.94     34.36     429024
-14.03     24.94     34.36     430039
-14.03     24.94     34.24     431052
-14.03     24.94     34.36     432067
-14.03     24.94     34.24     433081
-14.03     24.94     34.24     434095
-14.03     24.94     34.24     435109
-14.17     24.94     34.24     436123
-14.17     24.94     34.24     437138
-14.17     24.94     34.24     438152
-14.17     24.83     34.24     439165
-14.17     24.94     34.24     440180
-14.17     24.94     34.11     441194
-14.17     24.83     34.24     442209
-14.17     24.83     34.24     443223
-14.17     24.83     34.24     444236
-14.17     24.94     34.24     445251
-14.32     24.83     34.24     446265
-14.32     24.83     34.24     447280
-14.32     24.83     34.24     448293
-14.32     24.72     34.24     449307
-14.32     24.83     34.24     450322
-14.32     24.83     34.24     451336
-14.32     24.83     34.24     452350
-14.32     24.83     34.24     453364
-14.32     24.72     34.24     454379
-14.47     24.83     34.24     455393
-14.47     24.72     34.24     456408
-14.47     24.72     34.24     457421
-14.47     24.72     34.24     458435
-14.47     24.72     34.24     459450
-14.47     24.72     34.24     460464
-14.47     24.72     34.24     461478
-14.47     24.72     34.24     462492
-14.62     24.72     34.24     463507
-14.47     24.72     34.24     464521
-14.62     24.72     34.24     465536
-14.62     24.72     34.24     466549
-14.62     24.72     34.24     467563
-14.62     24.72     34.24     468578
-14.62     24.72     34.24     469592
-14.62     24.72     34.24     470606
-14.62     24.72     34.24     471620
-14.62     24.72     34.24     472635
-14.62     24.72     34.24     473649
-14.62     24.60     34.24     474662
-14.62     24.72     34.24     475677
-14.62     24.72     34.24     476691
-14.62     24.72     34.24     477706
-14.77     24.72     34.24     478720
-14.77     24.60     34.24     479733
-14.77     24.60     34.24     480748
-14.77     24.60     34.24     481762
-14.77     24.60     34.24     482777
-14.77     24.60     34.24     483790
-14.77     24.60     34.24     484804
-14.77     24.60     34.24     485819
-14.77     24.60     34.24     486833
-14.77     24.60     34.24     487847
-14.77     24.60     34.36     488861
-14.77     24.60     34.24     489875
-14.77     24.60     34.36     490890
-14.92     24.72     34.36     491904
-14.92     24.60     34.36     492918
-14.92     24.60     34.36     493932
-14.92     24.60     34.36     494946
-14.92     24.60     34.36     495961
-14.92     24.60     34.24     496974
-14.92     24.60     34.24     497989
-15.07     24.60     34.36     499003
-14.92     24.60     34.36     500017
-14.92     24.60     34.36     501031
-15.07     24.60     34.36     502045
-15.07     24.60     34.36     503060
-15.07     24.60     34.36     504074
-15.07     24.60     34.24     505088
-15.07     24.49     34.36     506102
-15.07     24.60     34.36     507116
-15.07     24.60     34.36     508131
-15.07     24.60     34.36     509145
-15.07     24.60     34.36     510158
-15.07     24.49     34.36     511173
-15.07     24.60     34.36     512187
-15.07     24.60     34.36     513202
-15.07     24.60     34.36     514215
-15.07     24.60     34.36     515229
-15.23     24.60     34.36     516244
-15.23     24.49     34.36     517258
-15.23     24.49     34.36     518273
-15.23     24.49     34.36     519286
-15.23     24.49     34.36     520301
-15.23     24.49     34.36     521315
-15.23     24.49     34.36     522329
-15.23     24.49     34.36     523343
-15.23     24.49     34.36     524357
-15.23     24.49     34.36     525372
-15.23     24.49     34.36     526386
-15.23     24.49     34.36     527400
-15.23     24.49     34.36     528414
-15.23     24.49     34.36     529429
-15.38     24.49     34.36     530443
-15.38     24.49     34.24     531458
-15.38     24.49     34.36     532471
-15.38     24.49     34.36     533486
-15.38     24.38     34.36     534500
-15.38     24.38     34.36     535515
-15.38     24.38     34.36     536528
-15.38     24.38     34.36     537543
-15.38     24.38     34.36     538557
-15.38     24.38     34.36     539571
-15.53     24.38     34.36     540585
-15.38     24.38     34.36     541599
-15.38     24.38     34.36     542614
-15.38     24.38     34.36     543628
-15.38     24.38     34.36     544643
-15.53     24.38     34.36     545656
-15.38     24.38     34.36     546671
-15.38     24.38     34.24     547685
-15.53     24.38     34.36     548700
-15.38     24.38     34.36     549713
-15.53     24.38     34.36     550728
-15.38     24.38     34.24     551742
-15.53     24.38     34.24     552757
-15.53     24.38     34.24     553771
-15.53     24.38     34.36     554784
-15.53     24.38     34.24     555799
-15.53     24.38     34.24     556813
-15.53     24.38     34.24     557828
-15.53     24.27     34.24     558841
-15.53     24.38     34.24     559856
-15.53     24.27     34.24     560870
-15.53     24.27     34.24     561885
-15.69     24.27     34.24     562898
-15.69     24.27     34.24     563913
-15.53     24.27     34.24     564927
-15.69     24.38     34.24     565942
-15.69     24.27     34.24     566956
-15.69     24.27     34.24     567970
-15.69     24.27     34.24     568984
-15.69     24.27     34.24     569999
-15.69     24.27     34.24     571013
-15.53     24.27     34.24     572027
-15.69     24.27     34.24     573041
-15.69     24.27     34.24     574056
-15.69     24.27     34.24     575070
-15.69     24.27     34.24     576084
-15.69     24.27     34.24     577098
-15.69     24.27     34.24     578112
-15.69     24.27     34.24     579127
-15.69     24.27     34.36     580141
-15.69     24.27     34.24     581155
-15.69     24.27     34.24     582169
-15.69     24.27     34.24     583184
-15.84     24.27     34.36     584198
-15.69     24.27     34.36     585212
-15.84     24.27     34.36     586226
-15.84     24.27     34.36     587241
-15.84     24.27     34.36     588255
-15.84     24.27     34.36     589270
-15.84     24.27     34.36     590283
-15.84     24.15     34.24     591298
-15.84     24.15     34.24     592312
-15.84     24.27     34.24     593327
-15.69     24.15     34.24     594340
-15.84     24.15     34.24     595354
-15.84     24.15     34.24     596369
-15.84     24.15     34.24     597383
-15.84     24.15     34.36     598397
-15.84     24.15     34.24     599411
-15.84     24.15     34.24     600426
-15.84     24.15     34.24     601440
-15.84     24.15     34.24     602455
-15.84     24.15     34.36     603468
-15.84     24.15     34.24     604483
-15.84     24.15     34.24     605497
-15.84     24.15     34.24     606512
-15.99     24.15     34.24     607525
-15.84     24.15     34.36     608540
-15.99     24.15     34.24     609554
-15.99     24.15     34.36     610568
-15.99     24.15     34.24     611582
-15.99     24.15     34.24     612596
-15.99     24.04     34.24     613611
-15.99     24.04     34.24     614625
-15.99     24.15     34.36     615640
-15.99     24.04     34.36     616653
-15.99     24.04     34.24     617668
-15.99     24.04     34.24     618682
-15.99     24.15     34.24     619697
-15.99     24.04     34.24     620710
-15.99     24.04     34.36     621725
-15.99     24.04     34.36     622739
-15.99     24.04     34.24     623754
-15.99     24.04     34.36     624768
-15.99     24.04     34.24     625782
-15.99     24.04     34.24     626796
-15.99     24.04     34.24     627811
-16.15     24.04     34.24     628825
-15.99     24.04     34.24     629838
-16.15     24.04     34.24     630853
-16.15     24.04     34.24     631867
-16.15     24.04     34.36     632882
-16.15     24.04     34.24     633895
-15.99     24.04     34.24     634910
-16.15     24.04     34.24     635924
-16.15     24.04     34.24     636939
-16.15     24.04     34.36     637953
-16.15     24.04     34.24     638966
-16.15     24.04     34.36     639981
-16.15     24.04     34.24     640995
-16.15     24.04     34.24     642010
-16.15     23.93     34.36     643023
-16.15     24.04     34.24     644037
-16.15     23.93     34.24     645052
-16.15     23.93     34.24     646066
-16.15     23.93     34.24     647080
-16.15     23.93     34.24     648094
-16.15     23.93     34.24     649108
-16.30     23.93     34.24     650123
-16.15     23.93     34.24     651137
-16.15     23.93     34.24     652151
-16.15     23.93     34.24     653165
-16.15     23.93     34.24     654179
-16.15     23.93     34.24     655194
-16.15     23.93     34.24     656207
-16.15     23.93     34.24     657222
-16.15     23.93     34.24     658236
-16.30     23.93     34.24     659250
-16.15     23.93     34.24     660264
-16.30     23.93     34.24     661278
-16.30     23.93     34.24     662293
-16.30     23.93     34.24     663307
-16.30     23.93     34.24     664321
-16.30     23.93     34.24     665335
-16.30     23.93     34.24     666349
-16.30     23.82     34.11     667364
-16.30     23.82     34.24     668378
-16.30     23.93     34.11     669391
-16.30     23.93     34.24     670406
-16.30     23.93     34.11     671420
-16.30     23.93     34.24     672435
-16.30     23.82     34.24     673448
-16.30     23.82     34.24     674462
-16.30     23.82     34.24     675477
-16.30     23.82     34.11     676491
-16.30     23.82     34.24     677506
-16.30     23.82     34.11     678519
-16.30     23.82     34.24     679533
-16.30     23.82     34.24     680548
-16.30     23.82     34.11     681562
-16.30     23.82     34.24     682576
-16.30     23.82     34.24     683590
-16.30     23.82     34.11     684604
-16.46     23.82     34.24     685619
-16.30     23.82     34.24     686632
-16.30     23.82     34.24     687647
-16.46     23.82     34.24     688661
-16.46     23.82     34.24     689675
-16.46     23.82     34.24     690690
-16.46     23.82     34.24     691703
-16.46     23.82     34.24     692718
-16.46     23.82     34.24     693732
-16.46     23.82     34.24     694746
-16.46     23.82     34.24     695760
-16.30     23.82     34.24     696774
-16.46     23.82     34.24     697789
-16.46     23.82     34.24     698803
-16.46     23.82     34.24     699816
-16.46     23.82     34.24     700831
-16.46     23.82     34.24     701845
-16.46     23.82     34.24     702860
-16.46     23.82     34.24     703874
-16.46     23.82     34.24     704887
-16.46     23.82     34.24     705902
-16.46     23.82     34.24     706916
-16.46     23.82     34.24     707931
-16.46     23.82     34.24     708944
-16.46     23.82     34.36     709958
-16.46     23.82     34.24     710973
-16.46     23.70     34.24     711987
-16.46     23.82     34.24     713001
-16.46     23.82     34.36     714015
-16.46     23.82     34.24     715029
-16.46     23.82     34.36     716044
-16.46     23.82     34.36     717058
-16.46     23.82     34.36     718072
-16.46     23.82     34.36     719086
-16.62     23.70     34.36     720100
-16.46     23.82     34.36     721115
-16.46     23.82     34.36     722128
-16.46     23.82     34.36     723143
-16.46     23.82     34.36     724157
-16.46     23.82     34.36     725172
-16.62     23.82     34.36     726185
-16.62     23.82     34.24     727199
-16.62     23.70     34.36     728214
-16.62     23.70     34.36     729228
-16.62     23.70     34.36     730243
-16.62     23.70     34.36     731256
-16.62     23.70     34.36     732270
-16.62     23.70     34.48     733285
-16.46     23.70     34.36     734299
-16.62     23.70     34.36     735313
-16.62     23.70     34.36     736327
-16.62     23.70     34.36     737341
-16.62     23.70     34.36     738356
-16.62     23.70     34.36     739369
-16.62     23.70     34.36     740383
-16.62     23.82     34.36     741398
-16.62     23.70     34.36     742412
-16.62     23.70     34.36     743427
-16.62     23.70     34.36     744440
-16.62     23.70     34.36     745455
-16.62     23.70     34.36     746469
-16.62     23.70     34.36     747483
-16.62     23.70     34.36     748497
-16.62     23.70     34.24     749511
-16.62     23.70     34.36     750525
-16.62     23.70     34.36     751540
-16.62     23.70     34.36     752553
-16.62     23.70     34.36     753568
-16.62     23.70     34.36     754582
-16.62     23.70     34.36     755596
-16.62     23.70     34.36     756611
-16.62     23.70     34.36     757624
-16.62     23.70     34.36     758639
-16.62     23.70     34.36     759653
-16.78     23.70     34.36     760667
-16.62     23.70     34.36     761681
-16.62     23.70     34.36     762695
-16.62     23.70     34.36     763710
-16.78     23.70     34.36     764724
-16.62     23.70     34.36     765739
-16.78     23.70     34.48     766752
-16.62     23.70     34.48     767766
-16.78     23.70     34.36     768781
-16.78     23.70     34.48     769795
-16.78     23.70     34.36     770809
-16.78     23.70     34.36     771823
-16.62     23.70     34.36     772837
-16.78     23.70     34.36     773852
-16.78     23.70     34.36     774865
-16.78     23.70     34.36     775880
-16.78     23.70     34.36     776894
-16.78     23.70     34.36     777908
-16.78     23.70     34.36     778923
-16.78     23.70     34.36     779936
-16.78     23.70     34.36     780951
-16.78     23.70     34.36     781965
-16.78     23.59     34.36     782979
-16.78     23.70     34.36     783993
-16.78     23.59     34.36     785007
-16.78     23.70     34.36     786022
-16.78     23.70     34.36     787036
-16.78     23.59     34.36     788049
-16.78     23.70     34.36     789064
-16.78     23.59     34.36     790078
-16.78     23.70     34.36     791093
-16.78     23.70     34.36     792107
-16.78     23.70     34.36     793120
-16.78     23.70     34.36     794135
-16.78     23.70     34.36     795149
-16.78     23.59     34.36     796164
-16.78     23.70     34.36     797177
-16.78     23.70     34.36     798191
-16.78     23.70     34.36     799206
-16.78     23.70     34.36     800220
-16.78     23.70     34.36     801234
-16.78     23.70     34.36     802248
-16.78     23.70     34.36     803263
-16.78     23.59     34.36     804277
-16.78     23.70     34.48     805291
-16.78     23.59     34.36     806305
-16.78     23.59     34.36     807319
-16.78     23.70     34.36     808334
-16.78     23.70     34.36     809348
-16.78     23.59     34.36     810361
-16.93     23.70     34.36     811376
-16.78     23.70     34.36     812390
-16.78     23.59     34.36     813405
-16.78     23.59     34.36     814418
-16.78     23.59     34.36     815432
-16.78     23.59     34.36     816447
-16.93     23.59     34.36     817461
-16.78     23.59     34.36     818476
-16.93     23.59     34.36     819489
-16.93     23.59     34.36     820503
-16.93     23.59     34.36     821518
-16.93     23.59     34.36     822532
-16.93     23.59     34.36     823546
-16.78     23.70     34.36     824560
-16.93     23.59     34.36     825575
-16.93     23.59     34.36     826589
-16.93     23.59     34.36     827602
-16.93     23.59     34.36     828617
-16.93     23.59     34.36     829631
-16.93     23.59     34.36     830646
-16.78     23.59     34.36     831660
-16.93     23.59     34.36     832673
-16.93     23.59     34.36     833688
-16.78     23.59     34.36     834702
-16.93     23.59     34.36     835717
-16.93     23.59     34.36     836730
-16.93     23.59     34.36     837744
-16.93     23.59     34.36     838759
-16.93     23.59     34.36     839773
-16.78     23.48     34.36     840787
-16.93     23.59     34.36     841801
-16.93     23.59     34.36     842815
-16.93     23.59     34.36     843830
-16.93     23.59     34.36     844844
-16.93     23.59     34.36     845858
-16.93     23.59     34.36     846872
-16.93     23.59     34.36     847886
-16.93     23.59     34.36     848901
-16.93     23.59     34.36     849914
-16.93     23.59     34.36     850929
-16.93     23.59     34.36     851943
-16.93     23.59     34.36     852957
-16.93     23.59     34.36     853971
-16.93     23.59     34.36     854985
-16.93     23.59     34.36     856000
-16.93     23.59     34.36     857014
-16.93     23.59     34.36     858029
-16.93     23.48     34.36     859042
-16.93     23.48     34.36     860056
-16.93     23.48     34.36     861071
-16.93     23.48     34.36     862085
-16.93     23.48     34.36     863099
-16.93     23.48     34.24     864113
-16.93     23.48     34.36     865127
-16.93     23.48     34.24     866142
-16.93     23.59     34.36     867155
-16.93     23.48     34.36     868170
-16.93     23.48     34.36     869184
-16.93     23.48     34.36     870198
-16.93     23.48     34.24     871213
-16.93     23.48     34.36     872226
-16.93     23.48     34.24     873241
-16.93     23.48     34.36     874255
-16.93     23.48     34.24     875269
-16.93     23.48     34.24     876283
-16.93     23.48     34.24     877297
-16.93     23.48     34.24     878312
-16.93     23.48     34.24     879326
-17.09     23.48     34.24     880339
-16.93     23.48     34.24     881354
-16.93     23.37     34.24     882368
-16.93     23.48     34.24     883383
-16.93     23.48     34.24     884397
-16.93     23.48     34.24     885410
-16.93     23.48     34.24     886425
-16.93     23.48     34.24     887439
-17.09     23.48     34.24     888453
-17.09     23.37     34.24     889467
-17.09     23.48     34.24     890481
-17.09     23.48     34.24     891496
-17.09     23.48     34.24     892510
-17.09     23.48     34.24     893523
-17.09     23.48     34.24     894538
-16.93     23.48     34.24     895552
-17.09     23.48     34.24     896567
-17.09     23.48     34.36     897581
-17.09     23.48     34.24     898594
-17.09     23.48     34.24     899609
-17.09     23.48     34.24     900623
-16.93     23.48     34.24     901638
-17.09     23.48     34.24     902651
-17.09     23.48     34.24     903665
-17.09     23.48     34.24     904680
-17.09     23.48     34.24     905694
-16.93     23.48     34.24     906708
-17.09     23.48     34.36     907722
-17.09     23.48     34.36     908736
-17.09     23.48     34.36     909751
-17.09     23.48     34.36     910765
-17.09     23.48     34.36     911779
-17.09     23.48     34.36     912793
-17.09     23.48     34.36     913807
-17.09     23.48     34.36     914822
-17.09     23.48     34.36     915835
-16.93     23.48     34.36     916850
-17.09     23.48     34.36     917864
-17.09     23.48     34.36     918878
-17.09     23.48     34.36     919892
-17.09     23.48     34.36     920906
-17.09     23.48     34.36     921921
-17.09     23.48     34.36     922935
-17.09     23.37     34.36     923949
-17.09     23.37     34.36     924963
-17.09     23.48     34.36     925977
-17.09     23.48     34.36     926991
-17.09     23.48     34.36     928006
-17.09     23.48     34.36     929019
-17.09     23.37     34.36     930034
-17.09     23.37     34.36     931048
-17.09     23.48     34.36     932062
-17.09     23.37     34.36     933076
-17.09     23.48     34.36     934090
-17.09     23.48     34.36     935105
-17.09     23.48     34.36     936119
-17.09     23.48     34.36     937133
-17.09     23.48     34.36     938147
-17.09     23.48     34.36     939161
-17.09     23.48     34.36     940176
-17.09     23.48     34.36     941190
-17.09     23.48     34.36     942203
-17.09     23.48     34.36     943218
-17.09     23.48     34.36     944232
-17.09     23.48     34.36     945247
-17.09     23.37     34.36     946260
-17.09     23.37     34.24     947274
-17.09     23.37     34.24     948289
-17.09     23.37     34.24     949303
-17.25     23.37     34.24     950318
-17.09     23.37     34.24     951331
-17.09     23.48     34.24     952345
-17.25     23.37     34.36     953360
-17.25     23.37     34.24     954374
-17.09     23.48     34.24     955388
-17.09     23.37     34.24     956402
-17.09     23.37     34.24     957416
-17.25     23.37     34.36     958431
-17.09     23.37     34.24     959444
-17.09     23.37     34.24     960458
-17.25     23.37     34.24     961473
-17.09     23.37     34.24     962487
-17.25     23.37     34.24     963502
-17.09     23.37     34.24     964515
-17.09     23.37     34.24     965529
-17.09     23.37     34.24     966544
-17.25     23.37     34.11     967558
-17.25     23.37     34.24     968572
-17.09     23.37     34.36     969586
-17.09     23.37     34.24     970600
-17.25     23.37     34.24     971615
-17.25     23.37     34.24     972628
-17.25     23.37     34.24     973642
-17.25     23.37     34.24     974657
-17.25     23.37     34.24     975671
-17.09     23.37     34.24     976686
-17.09     23.37     34.24     977699
-17.25     23.37     34.24     978713
-17.25     23.37     34.36     979728
-17.25     23.37     34.36     980742
-17.09     23.37     34.36     981756
-17.09     23.37     34.36     982770
-17.25     23.37     34.36     983784
-17.25     23.37     34.36     984799
-17.25     23.37     34.36     985812
-17.25     23.37     34.48     986827
-17.25     23.37     34.36     987841
-17.25     23.37     34.48     988855
-17.25     23.37     34.36     989870
-17.25     23.37     34.36     990883
-17.25     23.37     34.36     991897
-17.25     23.37     34.36     992912
-17.25     23.37     34.36     993926
-17.25     23.37     34.36     994940
-17.25     23.37     34.36     995954
-17.09     23.37     34.36     996968
-17.09     23.37     34.36     997983
-17.09     23.37     34.36     998996
-17.25     23.37     34.36     1000011
-17.25     23.48     34.36     1001025
-17.25     23.37     34.36     1002039
-17.25     23.37     34.36     1003054
-17.25     23.37     34.36     1004067
-17.09     23.37     34.36     1005082
-17.25     23.37     34.36     1006096
-17.25     23.37     34.36     1007111
-17.25     23.37     34.48     1008124
-17.25     23.37     34.36     1009139
-17.25     23.37     34.36     1010153
-17.25     23.37     34.36     1011167
-17.25     23.37     34.36     1012182
-17.25     23.37     34.36     1013195
-17.25     23.37     34.36     1014210
-17.25     23.37     34.36     1015224
-17.25     23.37     34.36     1016239
-17.25     23.37     34.36     1017252
-17.25     23.37     34.48     1018266
-17.25     23.37     34.48     1019281
-17.25     23.37     34.36     1020295
-17.25     23.37     34.36     1021309
-17.25     23.37     34.36     1022323
-17.25     23.37     34.36     1023338
-17.25     23.37     34.36     1024352
-17.25     23.37     34.48     1025366
-17.25     23.37     34.48     1026380
-17.25     23.37     34.48     1027394
-17.25     23.37     34.36     1028409
-17.25     23.25     34.36     1029423
-17.25     23.37     34.36     1030437
-17.25     23.25     34.36     1031451
-17.25     23.37     34.36     1032465
-17.25     23.37     34.36     1033480
-17.25     23.37     34.36     1034493
-17.25     23.37     34.36     1035508
-17.25     23.37     34.36     1036522
-17.25     23.25     34.36     1037537
-17.25     23.37     34.36     1038551
-17.25     23.37     34.36     1039565
-17.25     23.37     34.36     1040579
-17.25     23.37     34.36     1041593
-17.25     23.37     34.36     1042608
-17.25     23.37     34.36     1043621
-17.25     23.37     34.36     1044636
-17.25     23.37     34.36     1045650
-17.25     23.37     34.36     1046664
-17.25     23.37     34.36     1047678
-17.25     23.37     34.36     1048692
-17.25     23.37     34.36     1049707
-17.41     23.37     34.36     1050721
-17.25     23.37     34.36     1051736
-17.25     23.25     34.36     1052749
-17.25     23.37     34.36     1053764
-17.25     23.37     34.36     1054778
-17.25     23.37     34.36     1055792
-17.25     23.37     34.36     1056806
-17.25     23.37     34.36     1057820
-17.25     23.37     34.36     1058835
-17.25     23.37     34.36     1059849
-17.25     23.37     34.36     1060862
-17.25     23.37     34.36     1061877
-17.25     23.37     34.36     1062891
-17.41     23.37     34.36     1063906
-17.25     23.37     34.36     1064920
-17.25     23.37     34.36     1065934
-17.25     23.37     34.24     1066948
-17.25     23.37     34.24     1067962
-17.25     23.37     34.36     1068977
-17.25     23.37     34.36     1069990
-17.41     23.37     34.24     1071005
-17.25     23.37     34.24     1072019
-17.25     23.37     34.36     1073034
-17.25     23.37     34.36     1074048
-17.25     23.37     34.36     1075061
-17.41     23.37     34.24     1076076
-17.25     23.37     34.36     1077090
-17.41     23.37     34.36     1078105
-17.41     23.37     34.36     1079118
-17.25     23.37     34.24     1080133
-17.41     23.37     34.24     1081147
-17.41     23.37     34.24     1082161
-17.41     23.37     34.24     1083175
-17.25     23.37     34.24     1084189
-17.41     23.37     34.24     1085204
-17.41     23.37     34.24     1086218
-17.41     23.37     34.24     1087233
-17.41     23.37     34.24     1088246
-17.41     23.37     34.24     1089261
-17.41     23.37     34.24     1090275
-17.41     23.37     34.24     1091289
-17.41     23.37     34.24     1092303
-17.41     23.37     34.24     1093317
-17.41     23.37     34.24     1094332
-17.41     23.37     34.36     1095346
-17.41     23.37     34.24     1096360
-17.41     23.37     34.24     1097374
-17.41     23.37     34.24     1098388
-17.41     23.37     34.24     1099403
-17.41     23.37     34.24     1100417
-17.41     23.37     34.24     1101431
-17.41     23.37     34.24     1102445
-17.41     23.25     34.24     1103459
-17.41     23.37     34.24     1104474
-17.41     23.37     34.24     1105487
-17.41     23.37     34.24     1106502
-17.41     23.37     34.24     1107516
-17.41     23.37     34.24     1108531
-17.41     23.25     34.24     1109544
-17.41     23.25     34.24     1110559
-17.41     23.25     34.24     1111573
-17.41     23.37     34.11     1112587
-17.25     23.25     34.11     1113602
-17.41     23.25     34.24     1114615
-17.41     23.25     34.11     1115630
-17.41     23.25     34.11     1116644
-17.41     23.25     34.11     1117659
-17.41     23.25     34.11     1118672
-17.41     23.25     34.11     1119687
-17.41     23.25     34.11     1120701
-17.41     23.25     34.11     1121716
-17.41     23.25     34.11     1122729
-17.41     23.25     34.11     1123744
-17.41     23.25     34.11     1124758
-17.25     23.25     34.11     1125772
-17.41     23.25     34.11     1126787
-17.41     23.25     34.11     1127800
-17.41     23.25     34.11     1128815
-17.41     23.25     34.11     1129829
-17.41     23.25     34.11     1130844
-17.41     23.25     34.11     1131857
-17.41     23.25     34.11     1132872
-17.41     23.25     34.11     1133886
-17.41     23.25     34.24     1134900
-17.41     23.25     34.24     1135915
-17.41     23.25     34.11     1136928
-17.41     23.25     34.11     1137943
-17.41     23.25     34.24     1138957
-17.41     23.25     34.24     1139972
-17.41     23.25     34.24     1140985
-17.41     23.25     34.24     1142000
-17.41     23.25     34.24     1143014
-17.41     23.25     34.24     1144028
-17.41     23.25     34.24     1145042
-17.41     23.25     34.24     1146056
-17.41     23.25     34.24     1147071
-17.41     23.25     34.24     1148085
-17.41     23.25     34.24     1149100
-17.41     23.25     34.24     1150113
-17.41     23.25     34.24     1151128
-17.41     23.25     34.24     1152142
-17.41     23.25     34.24     1153157
-17.41     23.25     34.24     1154170
-17.41     23.25     34.24     1155184
-17.41     23.25     34.24     1156199
-17.41     23.37     34.24     1157213
-17.41     23.25     34.24     1158227
-17.41     23.37     34.11     1159241
-17.41     23.25     34.24     1160256
-17.41     23.25     34.24     1161270
-17.41     23.25     34.24     1162285
-17.41     23.25     34.24     1163298
-17.41     23.25     34.24     1164312
-17.41     23.25     34.24     1165327
-17.41     23.25     34.24     1166341
-17.41     23.25     34.24     1167355
-17.41     23.25     34.24     1168369
-17.41     23.25     34.24     1169384
-17.41     23.25     34.24     1170398
-17.41     23.25     34.24     1171412
-17.41     23.25     34.24     1172426
-17.41     23.25     34.24     1173440
-17.41     23.25     34.24     1174455
-17.41     23.25     34.24     1175469
-17.41     23.25     34.24     1176483
-17.41     23.25     34.36     1177497
-17.41     23.25     34.24     1178512
-17.57     23.25     34.24     1179526
-17.41     23.25     34.24     1180540
-17.41     23.25     34.24     1181554
-17.41     23.25     34.24     1182568
-17.41     23.25     34.36     1183583
-17.41     23.25     34.24     1184596
-17.41     23.25     34.24     1185611
-17.41     23.25     34.36     1186625
-17.41     23.25     34.36     1187640
-17.41     23.25     34.24     1188654
-17.41     23.25     34.24     1189668
-17.41     23.25     34.36     1190682
-17.41     23.25     34.36     1191696
-17.41     23.25     34.24     1192711
-17.41     23.25     34.36     1193724
-17.41     23.25     34.36     1194739
-17.41     23.25     34.36     1195753
-17.41     23.25     34.36     1196768
-17.41     23.25     34.36     1197782
-17.41     23.37     34.36     1198796
-17.41     23.25     34.36     1199810
-17.41     23.37     34.36     1200824
-17.41     23.25     34.36     1201839
-17.41     23.25     34.24     1202852
-17.41     23.25     34.36     1203867
-17.41     23.25     34.36     1204881
-17.41     23.25     34.36     1205896
-17.41     23.25     34.36     1206909
-17.41     23.25     34.36     1207924
-17.41     23.25     34.36     1208938
-17.41     23.25     34.36     1209953
-17.41     23.25     34.36     1210967
-17.57     23.25     34.36     1211981
-17.41     23.25     34.36     1212995
-17.57     23.25     34.36     1214009
-17.57     23.25     34.36     1215024
-17.57     23.25     34.36     1216037
-17.41     23.25     34.36     1217052
-17.41     23.25     34.36     1218066
-17.41     23.25     34.36     1219081
-17.41     23.25     34.36     1220094
-17.41     23.25     34.36     1221109
-17.41     23.25     34.36     1222123
-17.57     23.25     34.36     1223137
-17.41     23.25     34.36     1224152
-17.57     23.25     34.36     1225165
-17.41     23.25     34.36     1226180
-17.57     23.37     34.36     1227194
-17.41     23.25     34.36     1228209
-17.57     23.37     34.36     1229222
-17.41     23.25     34.48     1230237
-17.41     23.25     34.36     1231251
-17.57     23.25     34.36     1232266
-17.41     23.25     34.36     1233280
-17.57     23.25     34.36     1234294
-17.57     23.25     34.36     1235308
-17.57     23.37     34.36     1236322
-17.57     23.25     34.36     1237337
-17.41     23.25     34.36     1238350
-17.57     23.37     34.36     1239365
-17.57     23.25     34.48     1240379
-17.41     23.37     34.36     1241394
-17.41     23.37     34.36     1242407
-17.57     23.25     34.36     1243422
-17.57     23.25     34.36     1244436
-17.41     23.25     34.36     1245451
-17.57     23.25     34.36     1246465
-17.57     23.25     34.36     1247478
-17.57     23.25     34.36     1248493
-17.57     23.25     34.36     1249507
-17.41     23.37     34.36     1250522
-17.41     23.25     34.36     1251535
-17.57     23.25     34.36     1252550
-17.41     23.25     34.36     1253564
-17.41     23.25     34.36     1254579
-17.57     23.25     34.24     1255592
-17.57     23.25     34.36     1256607
-17.41     23.25     34.24     1257621
-17.41     23.25     34.36     1258635
-17.57     23.37     34.36     1259650
-17.57     23.25     34.24     1260663
-17.41     23.25     34.24     1261678
-17.41     23.25     34.24     1262692
-17.57     23.25     34.24     1263707
-17.57     23.25     34.24     1264720
-17.41     23.25     34.36     1265735
-17.57     23.25     34.36     1266749
-17.57     23.25     34.24     1267764
-17.41     23.25     34.24     1268777
-17.57     23.25     34.24     1269791
-17.57     23.25     34.24     1270806
-17.57     23.25     34.24     1271820
-17.57     23.25     34.24     1272835
-17.57     23.25     34.36     1273848
-17.57     23.25     34.24     1274863
-17.57     23.25     34.36     1275877
-17.57     23.25     34.24     1276892
-17.57     23.25     34.36     1277905
-17.41     23.25     34.24     1278919
-17.57     23.25     34.36     1279934
-17.57     23.25     34.36     1280948
-17.57     23.25     34.36     1281963
-17.41     23.25     34.36     1282976
-17.57     23.25     34.36     1283991
-17.57     23.25     34.36     1285005
-17.57     23.25     34.36     1286020
-17.57     23.25     34.36     1287033
-17.57     23.25     34.36     1288047
-17.57     23.25     34.36     1289062
-17.41     23.25     34.24     1290076
-17.41     23.25     34.36     1291090
-17.57     23.25     34.36     1292104
-17.57     23.25     34.48     1293119
-17.57     23.25     34.36     1294133
-17.57     23.25     34.24     1295148
-17.57     23.25     34.36     1296161
-17.57     23.25     34.36     1297175
-17.41     23.25     34.36     1298190
-17.57     23.37     34.36     1299204
-17.57     23.25     34.24     1300218
-17.57     23.25     34.24     1301232
-17.41     23.37     34.36     1302247
-17.57     23.25     34.36     1303261
-17.41     23.25     34.36     1304275
-17.57     23.25     34.24     1305289
-17.57     23.25     34.36     1306304
-17.57     23.37     34.36     1307318
-17.57     23.25     34.36     1308332
-17.41     23.25     34.36     1309346
-17.41     23.25     34.36     1310360
-17.57     23.25     34.36     1311375
-17.57     23.25     34.36     1312389
-17.41     23.25     34.36     1313403
-17.57     23.25     34.36     1314417
-17.57     23.37     34.36     1315432
-17.57     23.25     34.24     1316446
-17.57     23.25     34.36     1317460
-17.57     23.25     34.36     1318474
-17.57     23.25     34.36     1319488
-17.41     23.25     34.36     1320503
-17.57     23.25     34.36     1321517
-17.57     23.25     34.24     1322531
-17.57     23.25     34.36     1323545
-17.57     23.25     34.36     1324560
-17.57     23.25     34.36     1325574
-17.57     23.25     34.36     1326588
-17.57     23.25     34.36     1327602
-17.57     23.25     34.36     1328617
-17.57     23.25     34.36     1329631
-17.57     23.25     34.36     1330644
-17.57     23.25     34.36     1331659
-17.57     23.25     34.36     1332673
-17.57     23.25     34.36     1333688
-17.57     23.25     34.36     1334702
-17.57     23.25     34.36     1335716
-17.57     23.25     34.36     1336730
-17.57     23.25     34.36     1337745
-17.57     23.25     34.36     1338759
-17.57     23.25     34.24     1339772
-17.41     23.25     34.24     1340787
-17.57     23.25     34.36     1341801
-17.57     23.25     34.36     1342816
-17.57     23.25     34.36     1343830
-17.57     23.25     34.36     1344844
-17.57     23.25     34.36     1345858
-17.57     23.25     34.36     1346873
-17.57     23.25     34.36     1347887
-17.57     23.25     34.36     1348900
-17.57     23.37     34.36     1349915
-17.57     23.25     34.36     1350929
-17.57     23.25     34.24     1351944
-17.57     23.25     34.24     1352957
-17.57     23.25     34.24     1353972
-17.41     23.25     34.24     1354986
-17.57     23.25     34.24     1356001
-17.57     23.25     34.24     1357015
-17.57     23.25     34.24     1358028
-17.57     23.25     34.24     1359043
-17.57     23.25     34.24     1360057
-17.57     23.25     34.24     1361072
-17.57     23.25     34.24     1362085
-17.57     23.25     34.36     1363100
-17.57     23.25     34.24     1364114
-17.57     23.25     34.24     1365129
-17.57     23.25     34.24     1366142
-17.57     23.25     34.36     1367156
-17.57     23.25     34.24     1368171
-17.57     23.25     34.36     1369185
-17.57     23.25     34.24     1370200
-17.57     23.37     34.24     1371213
-17.57     23.25     34.36     1372228
-17.57     23.25     34.24     1373242
-17.57     23.25     34.24     1374257
-17.57     23.25     34.24     1375270
-17.57     23.37     34.24     1376284
-17.57     23.37     34.24     1377299
-17.57     23.37     34.36     1378313
-17.57     23.37     34.36     1379328
-17.57     23.37     34.36     1380341
-17.57     23.25     34.24     1381356
-17.57     23.37     34.24     1382370
-17.57     23.37     34.24     1383385
-17.57     23.37     34.24     1384398
-17.57     23.37     34.36     1385412
-17.57     23.37     34.24     1386427
-17.57     23.37     34.24     1387441
-17.57     23.37     34.24     1388455
-17.57     23.37     34.24     1389469
-17.57     23.37     34.24     1390484
-17.73     23.37     34.24     1391498
-17.57     23.37     34.36     1392512
-17.57     23.37     34.24     1393526
-17.57     23.37     34.24     1394540
-17.57     23.37     34.24     1395555
-17.57     23.37     34.24     1396569
-17.57     23.25     34.24     1397583
-17.57     23.37     34.24     1398597
-17.57     23.37     34.24     1399611
-17.57     23.37     34.24     1400626
-17.57     23.37     34.24     1401639
-17.57     23.37     34.24     1402654
-17.57     23.37     34.24     1403668
-17.57     23.37     34.24     1404682
-17.57     23.37     34.36     1405697
-17.57     23.37     34.24     1406710
-17.73     23.37     34.24     1407725
-17.57     23.37     34.24     1408739
-17.73     23.37     34.24     1409754
-17.57     23.37     34.24     1410767
-17.57     23.37     34.24     1411782
-17.57     23.37     34.24     1412796
-17.57     23.37     34.24     1413810
-17.73     23.37     34.24     1414824
-17.57     23.37     34.36     1415838
-17.57     23.37     34.24     1416853
-17.57     23.37     34.24     1417867
-17.57     23.37     34.24     1418882
-17.57     23.37     34.24     1419895
-17.73     23.37     34.24     1420909
-17.57     23.37     34.24     1421924
-17.57     23.37     34.36     1422938
-17.57     23.37     34.24     1423952
-17.57     23.37     34.36     1424966
-17.57     23.37     34.36     1425981
-17.57     23.37     34.36     1426995
-17.57     23.37     34.36     1428008
-17.57     23.37     34.36     1429023
-17.57     23.48     34.36     1430037
-17.73     23.48     34.36     1431052
-17.73     23.37     34.36     1432066
-17.57     23.48     34.36     1433080
-17.57     23.37     34.36     1434094
-17.73     23.37     34.36     1435108
-17.57     23.37     34.36     1436123
-17.57     23.48     34.36     1437136
-17.57     23.48     34.36     1438151
-17.57     23.48     34.36     1439165
-17.57     23.48     34.36     1440180
-17.57     23.48     34.36     1441193
-17.57     23.48     34.36     1442208
-17.57     23.37     34.36     1443222
-17.57     23.48     34.36     1444236
-17.57     23.48     34.36     1445251
-17.57     23.48     34.36     1446264
-17.57     23.48     34.36     1447279
-17.57     23.48     34.36     1448293
-17.57     23.37     34.36     1449308
-17.73     23.48     34.36     1450321
-17.57     23.48     34.36     1451336
-17.73     23.48     34.36     1452350
-17.57     23.48     34.36     1453365
-17.73     23.48     34.36     1454379
-17.57     23.48     34.36     1455392
-17.57     23.48     34.36     1456407
-17.57     23.48     34.36     1457421
-17.57     23.48     34.36     1458436
-17.73     23.48     34.36     1459449
-17.57     23.48     34.48     1460464
-17.57     23.48     34.36     1461478
-17.73     23.48     34.36     1462493
-17.73     23.48     34.36     1463506
-17.57     23.48     34.36     1464521
-17.73     23.48     34.36     1465535
-17.57     23.48     34.36     1466549
-17.73     23.48     34.36     1467564
-17.73     23.48     34.36     1468577
-17.73     23.48     34.36     1469592
-17.57     23.48     34.36     1470606
-17.73     23.48     34.36     1471621
-17.57     23.48     34.36     1472634
-17.73     23.48     34.36     1473649
-17.57     23.48     34.36     1474663
-17.73     23.48     34.48     1475678
-17.73     23.48     34.36     1476691
-17.57     23.48     34.36     1477705
-17.57     23.48     34.36     1478720
-17.73     23.48     34.36     1479734
-17.73     23.48     34.36     1480749
-17.57     23.48     34.36     1481762
-17.57     23.48     34.36     1482777
-17.73     23.48     34.36     1483791
-17.57     23.48     34.36     1484806
-17.57     23.48     34.36     1485819
-17.73     23.48     34.36     1486833
-17.73     23.48     34.36     1487848
-17.57     23.48     34.36     1488862
-17.57     23.48     34.36     1489876
-17.57     23.48     34.36     1490890
-17.73     23.48     34.36     1491905
-17.57     23.48     34.36     1492919
-17.73     23.48     34.36     1493934
-17.73     23.48     34.36     1494947
-17.73     23.48     34.36     1495961
-17.73     23.48     34.36     1496976
-17.73     23.48     34.36     1497990
-17.57     23.48     34.36     1499004
-17.57     23.48     34.36     1500018
-17.73     23.48     34.36     1501033
-17.57     23.48     34.48     1502047
-17.57     23.48     34.36     1503062
-17.57     23.48     34.36     1504075
-17.57     23.48     34.36     1505089
-17.57     23.48     34.36     1506104
-17.57     23.48     34.36     1507118
-17.57     23.48     34.36     1508132
-17.57     23.48     34.36     1509146
-17.57     23.48     34.36     1510161
-17.57     23.48     34.36     1511175
-17.57     23.37     34.36     1512189
-17.57     23.48     34.36     1513203
-17.57     23.48     34.36     1514218
-17.57     23.48     34.36     1515232
-17.57     23.48     34.36     1516246
-17.57     23.48     34.36     1517260
-17.57     23.37     34.36     1518274
-17.57     23.37     34.36     1519289
-17.57     23.48     34.36     1520303
-17.57     23.37     34.36     1521317
-17.57     23.37     34.36     1522331
-17.57     23.37     34.36     1523345
-17.57     23.37     34.36     1524360
-17.57     23.37     34.36     1525373
-17.57     23.37     34.36     1526388
-17.57     23.37     34.36     1527402
-17.57     23.37     34.36     1528417
-17.57     23.37     34.36     1529431
-17.57     23.37     34.36     1530444
-17.57     23.37     34.36     1531459
-17.57     23.37     34.36     1532473
-17.57     23.37     34.36     1533488
-17.57     23.37     34.36     1534501
-17.57     23.37     34.36     1535516
-17.57     23.37     34.36     1536530
-17.57     23.37     34.36     1537544
-17.57     23.48     34.36     1538558
-17.57     23.37     34.48     1539572
-17.57     23.37     34.36     1540587
-17.57     23.37     34.36     1541601
-17.57     23.37     34.36     1542616
-17.57     23.37     34.36     1543629
-17.57     23.37     34.24     1544643
-17.57     23.37     34.36     1545658
-17.57     23.37     34.36     1546672
-17.57     23.37     34.36     1547686
-17.57     23.37     34.36     1548700
-17.57     23.37     34.36     1549715
-17.57     23.37     34.36     1550729
-17.57     23.37     34.36     1551742
-17.57     23.37     34.36     1552757
-17.57     23.37     34.36     1553771
-17.57     23.37     34.36     1554786
-17.57     23.37     34.36     1555800
-17.57     23.37     34.36     1556814
-17.57     23.37     34.36     1557828
-17.57     23.37     34.36     1558842
-17.57     23.37     34.36     1559857
-17.57     23.37     34.36     1560870
-17.57     23.37     34.36     1561885
-17.57     23.37     34.36     1562899
-17.57     23.37     34.36     1563914
-17.57     23.37     34.36     1564928
-17.57     23.37     34.36     1565941
-17.57     23.37     34.36     1566956
-17.57     23.37     34.36     1567970
-17.57     23.37     34.36     1568985
-17.57     23.37     34.36     1569998
-17.57     23.37     34.36     1571013
-17.57     23.25     34.36     1572027
-17.57     23.37     34.36     1573041
-17.57     23.25     34.36     1574055
-17.57     23.37     34.36     1575069
-17.57     23.25     34.48     1576084
-17.57     23.25     34.36     1577098
-17.57     23.25     34.36     1578113
-17.57     23.25     34.36     1579126
-17.57     23.25     34.36     1580141
-17.57     23.25     34.36     1581155
-17.57     23.25     34.36     1582169
-17.57     23.25     34.36     1583183
-17.57     23.25     34.36     1584197
-17.57     23.25     34.36     1585212
-17.57     23.25     34.36     1586226
-17.57     23.25     34.36     1587240
-17.57     23.37     34.36     1588254
-17.57     23.25     34.36     1589269
-17.57     23.25     34.24     1590283
-17.57     23.25     34.36     1591297
-17.57     23.25     34.36     1592311
-17.57     23.25     34.36     1593325
-17.57     23.25     34.36     1594340
-17.57     23.25     34.36     1595354
-17.57     23.25     34.36     1596368
-17.57     23.25     34.36     1597382
-17.57     23.25     34.36     1598397
-17.57     23.25     34.36     1599411
-17.57     23.25     34.36     1600424
-17.57     23.25     34.36     1601439
-17.57     23.25     34.36     1602453
-17.57     23.25     34.36     1603468
-17.57     23.25     34.36     1604482
-17.57     23.25     34.36     1605496
-17.57     23.25     34.36     1606510
-17.57     23.25     34.36     1607525
-17.57     23.25     34.36     1608539
-17.57     23.25     34.48     1609552
-17.57     23.25     34.36     1610567
-17.57     23.25     34.36     1611581
-17.57     23.25     34.36     1612596
-17.57     23.25     34.36     1613609
-17.57     23.25     34.48     1614624
-17.57     23.25     34.48     1615638
-17.57     23.25     34.48     1616652
-17.57     23.37     34.36     1617667
-17.57     23.25     34.36     1618680
-17.57     23.25     34.36     1619695
-17.57     23.25     34.48     1620709
-17.57     23.25     34.48     1621724
-17.57     23.25     34.36     1622737
-17.57     23.25     34.48     1623751
-17.57     23.25     34.48     1624766
-17.57     23.25     34.36     1625780
-17.57     23.25     34.48     1626795
-17.57     23.25     34.48     1627808
-17.57     23.25     34.36     1628823
-17.57     23.25     34.48     1629837
-17.73     23.37     34.48     1630852
-17.57     23.37     34.48     1631865
-17.57     23.37     34.48     1632879
-17.57     23.25     34.48     1633894
-17.73     23.37     34.48     1634908
-17.57     23.37     34.48     1635922
-17.57     23.25     34.48     1636936
-17.57     23.25     34.48     1637951
-17.57     23.25     34.48     1638965
-17.57     23.37     34.48     1639980
-17.57     23.37     34.48     1640993
-17.57     23.25     34.48     1642007
-17.57     23.37     34.48     1643022
-17.57     23.37     34.48     1644036
-17.57     23.25     34.48     1645050
-17.57     23.37     34.48     1646064
-17.57     23.37     34.48     1647079
-17.57     23.25     34.48     1648093
-17.57     23.25     34.48     1649107
-17.73     23.25     34.48     1650121
-17.57     23.37     34.48     1651135
-17.57     23.25     34.48     1652150
-17.57     23.37     34.48     1653164
-17.57     23.25     34.48     1654178
-17.57     23.37     34.61     1655192
-17.57     23.37     34.48     1656207
-17.57     23.37     34.48     1657221
-17.73     23.37     34.48     1658235
-17.57     23.37     34.48     1659249
-17.57     23.37     34.48     1660263
-17.57     23.37     34.48     1661278
-17.57     23.37     34.48     1662291
-17.57     23.37     34.48     1663306
-17.57     23.37     34.48     1664320
-17.57     23.37     34.48     1665335
-17.57     23.25     34.48     1666349
-17.57     23.25     34.48     1667362
-17.73     23.37     34.48     1668377
-17.57     23.25     34.48     1669391
-17.57     23.37     34.48     1670406
-17.57     23.25     34.48     1671419
-17.73     23.25     34.48     1672434
-17.57     23.25     34.48     1673448
-17.57     23.25     34.48     1674463
-17.57     23.25     34.48     1675476
-17.57     23.25     34.48     1676491
-17.57     23.25     34.48     1677505
-17.57     23.25     34.48     1678519
-17.57     23.25     34.48     1679534
-17.57     23.25     34.61     1680547
-17.73     23.25     34.48     1681562
-17.57     23.25     34.48     1682576
-17.57     23.25     34.48     1683591
-17.57     23.25     34.48     1684604
-17.57     23.25     34.48     1685619
-17.57     23.25     34.48     1686633
-17.57     23.37     34.48     1687647
-17.57     23.25     34.48     1688662
-17.57     23.37     34.36     1689675
-17.57     23.37     34.48     1690690
-17.73     23.25     34.48     1691704
-17.57     23.25     34.48     1692719
-17.57     23.37     34.48     1693732
-17.57     23.25     34.48     1694747
-17.57     23.25     34.48     1695761
-17.57     23.37     34.48     1696776
-17.57     23.37     34.48     1697789
-17.57     23.37     34.48     1698803
-17.57     23.25     34.48     1699818
-17.57     23.25     34.48     1700832
-17.57     23.37     34.48     1701847
-17.73     23.37     34.48     1702860
-17.57     23.25     34.48     1703875
-17.57     23.25     34.48     1704889
-17.57     23.37     34.48     1705903
-17.57     23.37     34.48     1706917
-17.57     23.37     34.48     1707931
-17.57     23.37     34.48     1708946
-17.57     23.37     34.48     1709960
-17.57     23.37     34.48     1710974
-17.73     23.37     34.48     1711988
-17.57     23.25     34.61     1713002
-17.57     23.37     34.48     1714017
-17.57     23.37     34.48     1715031
-17.73     23.37     34.48     1716045
-17.57     23.37     34.48     1717059
-17.57     23.25     34.61     1718074
-17.57     23.25     34.48     1719088
-17.57     23.25     34.48     1720102
-17.57     23.25     34.48     1721116
-17.57     23.37     34.48     1722130
-17.57     23.25     34.48     1723145
-17.57     23.37     34.48     1724158
-17.57     23.37     34.48     1725173
-17.57     23.37     34.48     1726187
-17.57     23.37     34.48     1727202
-17.57     23.25     34.48     1728216
-17.57     23.37     34.48     1729230
-17.57     23.25     34.48     1730244
-17.57     23.25     34.48     1731258
-17.57     23.25     34.48     1732273
-17.57     23.25     34.48     1733286
-17.57     23.25     34.36     1734301
-17.57     23.25     34.48     1735315
-17.57     23.25     34.48     1736330
-17.57     23.25     34.48     1737344
-17.57     23.25     34.48     1738358
-17.57     23.25     34.48     1739372
-17.57     23.25     34.48     1740386
-17.57     23.25     34.48     1741401
-17.57     23.37     34.48     1742414
-17.57     23.25     34.36     1743429
-17.57     23.25     34.36     1744443
-17.57     23.25     34.36     1745458
-17.57     23.37     34.36     1746471
-17.57     23.25     34.36     1747486
-17.57     23.25     34.48     1748500
-17.57     23.37     34.36     1749514
-17.57     23.37     34.36     1750529
-17.57     23.37     34.36     1751542
-17.57     23.25     34.36     1752557
-17.57     23.25     34.36     1753571
-17.57     23.25     34.36     1754586
-17.57     23.25     34.36     1755599
-17.57     23.25     34.36     1756614
-17.57     23.25     34.36     1757628
-17.73     23.25     34.36     1758642
-17.57     23.25     34.36     1759656
-17.57     23.25     34.48     1760670
-17.57     23.25     34.36     1761685
-17.57     23.25     34.36     1762699
-17.57     23.25     34.36     1763714
-17.57     23.25     34.36     1764727
-17.57     23.25     34.24     1765742
-17.57     23.25     34.24     1766756
-17.57     23.25     34.36     1767770
-17.57     23.25     34.36     1768784
-17.57     23.25     34.24     1769798
-17.57     23.25     34.36     1770813
-17.57     23.25     34.36     1771827
-17.57     23.25     34.24     1772841
-17.57     23.25     34.24     1773855
-17.57     23.25     34.24     1774870
-17.57     23.25     34.24     1775884
-17.57     23.25     34.36     1776898
-17.57     23.25     34.24     1777912
-17.57     23.25     34.24     1778926
-17.57     23.25     34.24     1779941
-17.57     23.25     34.36     1780955
-17.73     23.25     34.24     1781969
-17.57     23.25     34.24     1782983
-17.57     23.25     34.24     1783998
-17.57     23.25     34.24     1785012
-17.57     23.25     34.11     1786025
-17.57     23.25     34.24     1787040
-17.57     23.25     34.24     1788054
-17.57     23.14     34.24     1789069
-17.57     23.25     34.24     1790083
-17.57     23.25     34.11     1791097
-17.57     23.25     34.11     1792111
-17.57     23.25     34.11     1793126
-17.57     23.25     34.24     1794140
-17.57     23.25     34.24     1795153
-17.57     23.25     34.24     1796168
-17.57     23.25     34.24     1797182
-17.57     23.25     34.24     1798197
-17.57     23.25     34.24     1799211
-17.57     23.25     34.24     1800225
-17.57     23.25     34.24     1801239
-17.57     23.25     34.24     1802254
-17.57     23.25     34.11     1803268
-17.57     23.25     34.24     1804281
-17.57     23.25     34.24     1805296
-17.57     23.25     34.24     1806310
-17.73     23.25     34.24     1807325
-17.73     23.25     34.24     1808338
-17.57     23.25     34.24     1809353
-17.73     23.25     34.24     1810367
-17.57     23.25     34.24     1811382
-17.57     23.25     34.24     1812396
-17.57     23.25     34.11     1813410
-17.57     23.25     34.24     1814424
-17.57     23.25     34.24     1815438
-17.57     23.25     34.24     1816453
-17.73     23.25     34.24     1817466
-17.57     23.14     34.24     1818481
-17.57     23.25     34.24     1819495
-17.57     23.25     34.24     1820510
-17.73     23.14     34.24     1821523
-17.73     23.14     34.24     1822538
-17.57     23.14     34.24     1823552
-17.57     23.14     34.24     1824566
-17.57     23.14     34.24     1825581
-17.57     23.14     34.24     1826594
-17.57     23.14     34.24     1827609
-17.57     23.14     34.24     1828623
-17.57     23.25     34.24     1829638
-17.57     23.25     34.24     1830651
-17.57     23.14     34.24     1831666
-17.57     23.25     34.24     1832680
-17.57     23.14     34.24     1833694
-17.57     23.14     34.24     1834708
-17.57     23.25     34.24     1835722
-17.73     23.25     34.24     1836737
-17.57     23.25     34.24     1837751
-17.73     23.14     34.24     1838766
-17.57     23.25     34.24     1839779
-17.73     23.25     34.24     1840794
-17.57     23.25     34.24     1841808
-17.57     23.14     34.24     1842823
-17.57     23.14     34.11     1843836
-17.57     23.25     34.24     1844851
-17.73     23.25     34.24     1845865
-17.57     23.14     34.24     1846879
-17.57     23.25     34.36     1847894
-17.57     23.14     34.36     1848907
-17.73     23.14     34.24     1849922
-17.57     23.14     34.24     1850936
-17.57     23.25     34.36     1851951
-17.57     23.25     34.24     1852964
-17.57     23.14     34.24     1853979
-17.73     23.14     34.24     1854993
-17.73     23.25     34.24     1856007
-17.73     23.14     34.24     1857021
-17.73     23.14     34.24     1858035
-17.57     23.14     34.24     1859050
-17.57     23.14     34.36     1860064
-17.57     23.14     34.24     1861079
-17.73     23.14     34.24     1862092
-17.73     23.14     34.24     1863107
-17.57     23.14     34.24     1864121
-17.73     23.14     34.24     1865136
-17.57     23.25     34.24     1866149
-17.73     23.14     34.24     1867164
-17.73     23.14     34.24     1868178
-17.73     23.14     34.24     1869192
-17.73     23.14     34.24     1870206
-17.73     23.25     34.24     1871220
-17.73     23.14     34.24     1872235
-17.73     23.14     34.24     1873249
-17.73     23.14     34.24     1874264
-17.73     23.14     34.24     1875277
-17.73     23.14     34.24     1876291
-17.57     23.14     34.24     1877306
-17.73     23.14     34.24     1878320
-17.73     23.14     34.24     1879334
-17.57     23.14     34.24     1880348
-17.73     23.14     34.24     1881363
-17.73     23.14     34.24     1882377
-17.73     23.14     34.24     1883392
-17.73     23.14     34.24     1884405
-17.73     23.14     34.24     1885420
-17.57     23.14     34.24     1886434
-17.73     23.14     34.24     1887448
-17.73     23.14     34.24     1888462
-17.73     23.14     34.24     1889476
-17.73     23.25     34.24     1890491
-17.73     23.14     34.24     1891505
-17.57     23.14     34.24     1892519
-17.73     23.14     34.36     1893533
-17.73     23.14     34.24     1894548
-17.73     23.14     34.24     1895562
-17.57     23.25     34.24     1896577
-17.73     23.14     34.24     1897590
-17.73     23.25     34.36     1898604
-17.73     23.14     34.36     1899619
-17.73     23.14     34.36     1900633
-17.73     23.14     34.36     1901647
-17.57     23.14     34.36     1902661
-17.73     23.14     34.36     1903676
-17.57     23.25     34.36     1904690
-17.73     23.25     34.36     1905704
-17.73     23.25     34.36     1906718
-17.73     23.14     34.36     1907733
-17.73     23.14     34.36     1908747
-17.73     23.14     34.36     1909761
-17.73     23.14     34.36     1910775
-17.73     23.25     34.36     1911789
-17.73     23.14     34.36     1912804
-17.73     23.14     34.24     1913818
-17.73     23.25     34.24     1914832
-17.73     23.14     34.24     1915846
-17.73     23.14     34.24     1916861
-17.73     23.14     34.24     1917875
-17.73     23.14     34.24     1918889
-17.73     23.25     34.24     1919903
-17.73     23.14     34.24     1920917
-17.73     23.14     34.24     1921932
-17.73     23.14     34.24     1922946
-17.57     23.14     34.24     1923960
-17.73     23.14     34.24     1924974
-17.73     23.14     34.24     1925989
-17.73     23.14     34.36     1927003
-17.73     23.14     34.24     1928017
-17.73     23.14     34.24     1929031
-17.73     23.14     34.24     1930046
-17.73     23.14     34.24     1931060
-17.73     23.14     34.24     1932073
-17.73     23.14     34.24     1933088
-17.73     23.14     34.24     1934102
-17.73     23.14     34.36     1935117
-17.57     23.25     34.24     1936131
-17.57     23.14     34.24     1937145
-17.57     23.14     34.24     1938159
-17.73     23.14     34.24     1939174
-17.57     23.14     34.24     1940188
-17.73     23.14     34.24     1941202
-17.73     23.14     34.36     1942216
-17.73     23.14     34.24     1943230
-17.73     23.14     34.24     1944245
-17.73     23.14     34.24     1945259
-17.73     23.14     34.24     1946273
-17.57     23.14     34.24     1947287
-17.73     23.14     34.24     1948302
-17.73     23.14     34.24     1949316
-17.73     23.14     34.24     1950330
-17.73     23.14     34.24     1951344
-17.73     23.14     34.24     1952358
-17.73     23.14     34.24     1953373
-17.73     23.14     34.24     1954386
-17.73     23.14     34.24     1955401
-17.73     23.14     34.24     1956415
-17.57     23.25     34.24     1957430
-17.73     23.14     34.24     1958444
-17.73     23.25     34.24     1959458
-17.57     23.25     34.24     1960472
-17.73     23.14     34.24     1961487
-17.73     23.14     34.24     1962501
-17.57     23.14     34.36     1963514
-17.73     23.14     34.24     1964529
-17.57     23.14     34.24     1965543
-17.57     23.14     34.36     1966558
-17.57     23.14     34.24     1967571
-17.73     23.14     34.36     1968586
-17.57     23.14     34.36     1969600
-17.73     23.14     34.36     1970615
-17.73     23.14     34.24     1971629
-17.73     23.14     34.24     1972643
-17.73     23.14     34.36     1973657
-17.73     23.14     34.36     1974671
-17.57     23.14     34.24     1975686
-17.73     23.14     34.24     1976699
-17.73     23.14     34.24     1977714
-17.73     23.14     34.24     1978728
-17.73     23.14     34.24     1979743
-17.73     23.14     34.24     1980756
-17.73     23.14     34.36     1981771
-17.73     23.14     34.24     1982785
-17.73     23.14     34.24     1983799
-17.73     23.14     34.36     1984814
-17.73     23.14     34.36     1985827
-17.73     23.25     34.36     1986842
-17.73     23.14     34.24     1987856
-17.57     23.14     34.36     1988871
-17.73     23.14     34.36     1989884
-17.57     23.14     34.36     1990899
-17.73     23.14     34.24     1991913
-17.57     23.14     34.36     1992928
-17.73     23.14     34.24     1993942
-17.73     23.14     34.36     1994955
-17.73     23.14     34.24     1995970
-17.57     23.14     34.24     1996984
-17.73     23.14     34.24     1997999
-17.73     23.14     34.24     1999012
-17.73     23.14     34.24     2000027
-17.73     23.14     34.36     2001041
-17.73     23.14     34.24     2002056
-17.73     23.14     34.24     2003069
-17.57     23.14     34.24     2004084
-17.57     23.14     34.24     2005098
-17.57     23.25     34.24     2006113
-17.73     23.14     34.24     2007127
-17.73     23.14     34.24     2008140
-17.57     23.14     34.24     2009155
-17.73     23.14     34.24     2010169
-17.73     23.14     34.24     2011184
-17.73     23.14     34.24     2012197
-17.73     23.14     34.24     2013212
-17.73     23.14     34.24     2014226
-17.57     23.25     34.24     2015241
-17.73     23.14     34.24     2016254
-17.57     23.14     34.24     2017269
-17.73     23.14     34.36     2018283
-17.73     23.14     34.36     2019297
-17.57     23.14     34.36     2020312
-17.73     23.14     34.36     2021325
-17.73     23.14     34.36     2022340
-17.73     23.14     34.36     2023354
-17.73     23.14     34.36     2024369
-17.57     23.14     34.36     2025382
-17.73     23.14     34.36     2026396
-17.73     23.14     34.36     2027411
-17.73     23.14     34.36     2028425
-17.73     23.14     34.36     2029440
-17.57     23.14     34.36     2030453
-17.57     23.14     34.36     2031468
-17.73     23.25     34.36     2032482
-17.73     23.14     34.36     2033497
-17.73     23.25     34.36     2034510
-17.73     23.14     34.36     2035525
-17.73     23.25     34.36     2036539
-17.73     23.14     34.36     2037553
-17.73     23.14     34.36     2038567
-17.73     23.14     34.36     2039581
-17.73     23.25     34.36     2040596
-17.73     23.14     34.36     2041610
-17.73     23.14     34.36     2042625
-17.73     23.14     34.36     2043638
-17.73     23.14     34.36     2044653
-17.73     23.25     34.36     2045667
-17.57     23.14     34.36     2046682
-17.73     23.14     34.36     2047695
-17.73     23.14     34.36     2048710
-17.73     23.25     34.48     2049724
-17.73     23.14     34.36     2050739
-17.73     23.14     34.36     2051752
-17.73     23.14     34.36     2052766
-17.73     23.14     34.36     2053781
-17.73     23.14     34.36     2054795
-17.73     23.25     34.36     2055810
-17.73     23.14     34.36     2056823
-17.73     23.25     34.36     2057838
-17.57     23.14     34.48     2058852
-17.73     23.14     34.36     2059867
-17.73     23.25     34.36     2060880
-17.73     23.25     34.36     2061894
-17.57     23.14     34.48     2062909
-17.73     23.14     34.36     2063923
-17.73     23.25     34.36     2064937
-17.73     23.25     34.36     2065951
-17.73     23.14     34.36     2066966
-17.57     23.14     34.36     2067980
-17.73     23.14     34.36     2068995
-17.73     23.25     34.36     2070008
-17.73     23.25     34.36     2071023
-17.73     23.14     34.36     2072037
-17.73     23.14     34.36     2073052
-17.73     23.14     34.48     2074065
-17.73     23.14     34.36     2075079
-17.57     23.25     34.36     2076094
-17.73     23.14     34.48     2077108
-17.73     23.25     34.48     2078123
-17.73     23.14     34.36     2079136
-17.73     23.14     34.36     2080151
-17.73     23.25     34.36     2081165
-17.73     23.25     34.48     2082180
-17.73     23.14     34.48     2083193
-17.73     23.14     34.48     2084208
-17.73     23.25     34.48     2085222
-17.73     23.14     34.36     2086236
-17.73     23.14     34.48     2087250
-17.73     23.25     34.48     2088264
-17.73     23.25     34.48     2089279
-17.73     23.25     34.36     2090293
-17.73     23.25     34.48     2091308
-17.73     23.14     34.48     2092321
-17.73     23.25     34.48     2093336
-17.73     23.25     34.36     2094350
-17.73     23.25     34.36     2095365
-17.73     23.14     34.36     2096378
-17.73     23.14     34.36     2097392
-17.73     23.25     34.36     2098407
-17.73     23.25     34.36     2099421
-17.73     23.25     34.48     2100435
-17.73     23.25     34.36     2101449
-17.57     23.25     34.36     2102464
-17.57     23.25     34.36     2103478
-17.73     23.25     34.36     2104493
-17.73     23.25     34.36     2105506
-17.73     23.25     34.36     2106520
-17.73     23.25     34.36     2107535
-17.73     23.25     34.48     2108549
-17.73     23.25     34.36     2109563
-17.73     23.25     34.36     2110577
-17.73     23.25     34.36     2111592
-17.57     23.25     34.48     2112606
-17.57     23.25     34.36     2113620
-17.73     23.25     34.36     2114634
-17.73     23.25     34.36     2115648
-17.73     23.25     34.36     2116663
-17.73     23.25     34.48     2117677
-17.73     23.25     34.36     2118691
-17.73     23.25     34.48     2119705
-17.57     23.14     34.48     2120720
-17.57     23.25     34.36     2121734
-17.73     23.14     34.36     2122748
-17.73     23.25     34.36     2123762
-17.73     23.25     34.36     2124777
-17.73     23.25     34.48     2125791
-17.73     23.25     34.36     2126804
-17.73     23.14     34.36     2127819
-17.73     23.25     34.36     2128833
-17.73     23.25     34.36     2129848
-17.73     23.25     34.36     2130862
-17.73     23.25     34.36     2131876
-17.73     23.25     34.36     2132890
-17.73     23.25     34.36     2133905
-17.73     23.25     34.36     2134919
-17.73     23.25     34.36     2135933
-17.73     23.25     34.36     2136947
-17.73     23.25     34.36     2137961
-17.73     23.25     34.36     2138976
-17.73     23.25     34.36     2139990
-17.73     23.25     34.36     2141004
-17.73     23.25     34.36     2142018
-17.73     23.25     34.36     2143033
-17.73     23.25     34.36     2144047
-17.73     23.25     34.36     2145061
-17.73     23.25     34.36     2146075
-17.73     23.25     34.36     2147089
-17.73     23.25     34.36     2148104
-17.73     23.14     34.36     2149117
-17.73     23.25     34.36     2150132
-17.73     23.25     34.36     2151146
-17.73     23.25     34.36     2152161
-17.73     23.25     34.36     2153175
-17.73     23.25     34.48     2154189
-17.73     23.25     34.36     2155203
-17.73     23.25     34.36     2156217
-17.57     23.25     34.36     2157232

