23.37     23.72     22.85     21.97     23.62     58
23.37     23.62     21.78     22.46     23.62     1841
23.25     23.62     22.85     22.95     23.69     3623
23.25     23.62     22.85     23.44     23.62     5405
23.25     23.62     22.85     22.46     23.62     7188
23.25     23.62     22.85     23.44     23.69     8970
23.25     23.62     22.85     22.95     23.69     10753
23.25     23.62     22.85     21.97     23.62     12535
23.25     23.62     22.85     22.95     23.62     14317
23.25     23.62     22.85     22.46     23.62     16100
23.25     23.62     22.85     23.44     23.62     17883
23.25     23.72     22.85     22.95     23.69     19664
23.25     23.62     22.85     23.44     23.62     21447
23.25     23.62     22.85     23.44     23.62     23230
23.25     23.62     22.85     22.46     23.62     25012
23.25     23.62     22.85     22.95     23.62     26795
23.25     23.62     22.85     21.97     23.69     28577
23.25     23.62     21.78     22.46     23.62     30359
23.25     23.62     22.85     22.46     23.62     32142
23.25     23.62     22.85     23.44     23.69     33925
23.25     23.62     22.85     22.95     23.69     35706
23.25     23.62     22.85     23.44     23.62     37489
23.25     23.62     22.85     22.95     23.69     39272
23.25     23.62     22.85     23.44     23.69     41054
23.25     23.72     22.85     22.95     23.69     42836
23.25     23.62     22.85     22.46     23.69     44618
23.25     23.62     22.85     22.95     23.69     46401
23.37     23.62     22.85     22.46     23.69     48184
23.25     23.62     22.85     22.95     23.69     49966
23.25     23.62     22.85     21.97     23.62     51748
23.25     23.52     22.85     21.97     23.62     53531
23.25     23.52     22.85     22.95     23.56     55313
23.25     23.41     22.85     22.95     23.50     57096
23.25     23.41     22.85     22.46     23.50     58878
23.25     23.41     22.85     22.46     23.50     60660
23.25     23.41     22.85     23.44     23.44     62443
23.25     23.41     22.85     21.97     23.44     64226
23.14     23.31     22.85     22.46     23.44     66008
23.14     23.41     22.85     21.97     23.44     67790
23.14     23.41     22.85     21.97     23.44     69573
23.14     23.41     22.85     21.97     23.44     71355
23.25     23.41     22.85     22.46     23.44     73138
23.14     23.41     22.85     22.95     23.44     74920
23.14     23.41     22.85     22.46     23.44     76702
23.14     23.41     22.85     21.97     23.44     78485
23.14     23.41     22.85     22.95     23.37     80268
23.14     23.41     22.85     23.44     23.44     82050
23.14     23.41     22.85     22.46     23.44     83832
23.14     23.41     22.85     22.46     23.44     85615
23.14     23.41     22.85     22.46     23.44     87397
23.14     23.41     22.85     21.97     23.44     89180
23.14     23.41     22.85     22.46     23.37     90962
23.14     23.41     22.85     23.44     23.44     92744
23.14     23.41     22.85     21.97     23.37     94527
23.14     23.41     22.85     21.97     23.44     96310
23.14     23.41     22.85     22.46     23.37     98092
23.14     23.41     22.85     21.97     23.37     99874
23.14     23.41     22.85     21.97     23.37     101657
23.14     23.41     22.85     23.44     23.37     103439
23.14     23.31     22.85     21.97     23.37     105222
23.14     23.21     21.78     23.44     23.31     107004
23.03     23.21     21.78     22.46     23.31     108786
23.03     23.01     21.78     22.46     23.25     110569
22.92     22.91     21.78     21.48     23.19     112352
22.92     22.70     21.78     22.46     23.12     114134
22.81     22.50     21.78     22.46     23.06     115916
22.70     22.20     21.78     22.46     22.94     117699
22.58     21.99     21.78     21.97     22.81     119482
22.47     21.69     20.71     21.48     22.75     121264
22.36     21.49     20.71     21.97     22.62     123046
22.25     21.19     20.71     21.48     22.50     124829
22.14     20.98     20.71     21.97     22.44     126611
21.92     20.68     20.71     21.97     22.31     128394
21.80     20.58     20.71     21.97     22.25     130177
21.69     20.48     20.71     22.46     22.12     131958
21.69     20.28     19.64     21.00     22.06     133741
21.58     20.18     19.64     21.97     21.94     135524
21.47     20.18     19.64     21.00     21.94     137307
21.36     20.18     19.64     20.51     21.87     139088
21.25     20.18     19.64     20.51     21.87     140871
21.25     20.08     19.64     20.51     21.81     142654
21.25     20.18     19.64     21.00     21.75     144436
21.14     20.18     19.64     21.48     21.75     146219
21.03     20.28     19.64     20.51     21.75     148001
21.03     20.38     19.64     21.00     21.75     149783
20.92     20.48     19.64     21.48     21.81     151566
20.92     20.58     19.64     20.02     21.81     153349
20.81     20.58     20.71     21.48     21.81     155130
20.81     20.68     19.64     21.00     21.81     156913
20.81     20.78     19.64     21.00     21.87     158696
20.81     20.88     19.64     21.00     21.87     160479
20.81     20.98     19.64     20.51     21.94     162260
20.81     20.98     19.64     21.00     22.00     164043
20.81     21.09     19.64     20.51     21.94     165826
20.81     21.19     19.64     21.48     22.00     167608
20.92     21.29     19.64     20.51     22.00     169391
20.92     21.29     19.64     21.00     22.00     171173
20.81     21.39     19.64     21.00     22.06     172955
20.92     21.39     20.71     21.48     22.06     174738
20.81     21.39     20.71     20.51     22.06     176521
20.92     21.49     19.64     20.51     22.12     178302
20.92     21.49     20.71     21.97     22.12     180085
20.92     21.59     19.64     21.00     22.12     181868
20.92     21.59     20.71     21.00     22.12     183651
20.92     21.59     20.71     21.00     22.12     185433
20.92     21.59     20.71     21.97     22.12     187215
20.92     21.59     20.71     21.48     22.19     188998
20.92     21.59     20.71     21.97     22.12     190780
20.92     21.59     20.71     20.51     22.12     192563
20.92     21.59     20.71     21.00     22.12     194345
21.03     21.59     20.71     20.02     22.12     196127
20.92     21.39     19.64     20.51     22.06     197910
20.92     21.09     19.64     21.00     22.00     199693
20.81     20.78     20.71     20.51     21.81     201476
20.70     20.28     19.64     21.00     21.62     203257
20.59     19.88     19.64     20.02     21.44     205040
20.36     19.38     18.57     19.53     21.25     206823
20.25     18.88     18.57     21.00     21.06     208605
20.03     18.48     18.57     20.02     20.87     210387
19.81     17.98     18.57     20.02     20.69     212170
19.59     17.58     17.50     19.53     20.44     213952
19.37     17.18     17.50     19.53     20.25     215735
19.26     16.78     17.50     19.53     20.12     217518
19.04     16.38     17.50     19.53     19.94     219299
18.82     16.18     16.43     18.55     19.75     221082
18.49     15.98     16.43     19.53     19.56     222865
18.38     15.88     16.43     19.04     19.44     224647
18.05     15.88     15.37     19.04     19.37     226429
18.05     15.78     15.37     18.55     19.25     228212
17.94     15.78     15.37     19.53     19.25     229994
17.83     15.88     16.43     19.04     19.25     231777
17.83     15.98     15.37     18.07     19.19     233560
17.73     16.08     15.37     18.55     19.12     235342
17.73     16.18     15.37     18.07     19.12     237124
17.62     16.38     16.43     18.07     19.19     238907
17.62     16.48     15.37     18.55     19.19     240690
17.62     16.68     16.43     18.55     19.19     242471
17.62     16.88     16.43     19.04     19.25     244254
17.62     16.98     16.43     19.04     19.25     246037
17.62     17.18     15.37     18.07     19.37     247819
17.62     17.28     16.43     19.04     19.37     249602
17.62     17.38     16.43     18.07     19.44     251384
17.62     17.58     16.43     18.07     19.44     253166
17.62     17.68     16.43     18.07     19.50     254949
17.62     17.78     15.37     18.55     19.50     256732
17.62     17.88     16.43     18.07     19.56     258513
17.73     17.88     16.43     19.04     19.56     260296
17.73     17.88     16.43     18.55     19.56     262079
17.73     17.88     16.43     18.07     19.56     263862
17.73     17.98     16.43     18.07     19.56     265644
17.73     17.98     16.43     19.53     19.56     267426
17.73     17.98     16.43     18.07     19.56     269209
17.83     17.98     16.43     18.55     19.56     270991
17.73     17.98     16.43     18.55     19.56     272774
17.73     17.98     16.43     18.55     19.56     274556
17.73     17.98     16.43     18.07     19.56     276338
17.73     17.98     16.43     19.04     19.50     278121
17.73     17.88     16.43     18.07     19.50     279904
17.73     17.88     16.43     18.07     19.50     281686
17.73     17.88     16.43     18.55     19.44     283468
17.73     17.78     16.43     18.55     19.44     285251
17.73     17.78     16.43     18.07     19.37     287033
17.62     17.78     16.43     18.07     19.37     288816
17.62     17.78     16.43     19.04     19.37     290598
17.51     17.68     16.43     18.07     19.31     292380
17.51     17.38     16.43     19.04     19.19     294163
17.40     17.08     16.43     18.55     19.06     295946
17.40     16.88     16.43     18.07     18.94     297729
17.18     16.38     16.43     17.58     18.81     299510
17.07     15.88     15.37     18.55     18.56     301293
16.96     15.48     15.37     18.07     18.37     303076
16.85     15.08     15.37     18.07     18.25     304858
16.74     14.68     14.30     17.09     18.00     306640
16.52     14.29     14.30     16.60     17.75     308423
16.41     13.89     14.30     16.60     17.56     310205
16.19     13.69     13.23     17.58     17.37     311988
15.98     13.29     13.23     17.09     17.19     313771
15.76     12.88     13.23     15.63     17.12     315552
15.65     12.58     13.23     16.11     16.94     317335
15.43     12.18     12.16     16.11     16.75     319118
15.21     11.88     12.16     16.11     16.50     320900
14.99     11.68     12.16     15.63     16.31     322682
14.88     11.58     12.16     15.14     16.19     324465
14.66     11.38     12.16     15.14     16.00     326247
14.45     11.38     12.16     16.11     15.94     328030
14.34     11.28     11.10     15.14     15.81     329812
14.23     11.28     11.10     16.11     15.81     331594
14.12     11.38     10.03     15.14     15.75     333377
13.90     11.48     12.16     14.65     15.63     335160
13.90     11.58     11.10     14.65     15.63     336942
13.79     11.68     11.10     15.14     15.63     338724
13.68     11.88     11.10     14.65     15.63     340507
13.68     12.08     11.10     15.14     15.69     342289
13.57     12.08     11.10     15.14     15.69     344072
13.57     12.28     11.10     15.14     15.75     345854
13.46     12.48     11.10     15.63     15.75     347636
13.57     12.58     12.16     15.14     15.81     349419
13.57     12.78     12.16     15.14     15.88     351202
13.57     12.88     12.16     15.63     15.88     352984
13.68     13.08     12.16     15.14     15.88     354766
13.57     13.18     12.16     15.63     15.94     356549
13.57     13.29     12.16     14.65     15.94     358331
13.57     13.39     12.16     15.14     16.00     360114
13.57     13.39     12.16     14.65     16.00     361896
13.57     13.39     12.16     15.14     16.00     363678
13.68     13.49     11.10     14.65     16.00     365461
13.68     13.49     12.16     14.65     16.00     367244
13.57     13.49     12.16     15.14     16.00     369026
13.57     13.49     12.16     15.14     15.94     370808
13.57     13.49     12.16     15.63     16.00     372591
13.57     13.49     12.16     15.14     15.94     374373
13.57     13.49     12.16     14.65     15.94     376156
13.57     13.49     12.16     15.63     15.88     377938
13.57     13.49     12.16     14.65     15.88     379720
13.46     13.39     12.16     15.14     15.81     381503
13.46     13.29     13.23     15.14     15.75     383286
13.46     12.98     12.16     14.65     15.69     385069
13.35     12.68     12.16     15.14     15.56     386850
13.25     12.28     11.10     14.65     15.38     388633
13.14     11.88     11.10     14.16     15.19     390416
13.03     11.48     11.10     15.14     15.00     392198
12.92     11.18     12.16     14.65     14.81     393980
12.70     10.77     11.10     13.67     14.63     395763
12.48     10.37     10.03     14.16     14.50     397545
12.37     10.06     10.03     14.16     14.31     399328
12.15     9.76     10.03     13.18     14.13     401111
11.93     9.46     10.03     13.67     13.88     402892
11.72     9.15     8.96     12.70     13.75     404675
11.61     8.95     8.96     13.18     13.56     406458
11.50     8.74     8.96     13.67     13.50     408240
11.28     8.64     8.96     13.18     13.38     410022
11.06     8.44     8.96     12.21     13.19     411804
11.06     8.33     8.96     13.18     13.13     413587
10.84     8.23     7.90     11.72     12.88     415370
10.62     8.03     7.90     12.21     12.75     417152
10.51     7.82     7.90     12.70     12.50     418934
10.40     7.72     7.90     12.21     12.44     420716
10.18     7.62     7.90     12.21     12.25     422499
10.07     7.41     7.90     11.72     12.19     424282
10.07     7.31     7.90     11.72     12.13     426063
9.96     7.20     6.83     11.72     12.06     427846
9.74     7.10     6.83     11.23     12.00     429628
9.63     7.00     6.83     11.23     11.94     431411
9.52     6.89     6.83     11.72     11.81     433193
9.41     6.79     6.83     10.74     11.69     434975
9.30     6.69     6.83     11.72     11.69     436758
9.19     6.58     6.83     11.23     11.56     438540
8.97     6.48     5.77     10.25     11.44     440323
8.86     6.37     5.77     10.74     11.31     442104
8.75     6.37     6.83     10.74     11.19     443887
8.53     6.27     5.77     10.74     11.19     445670
8.53     6.27     5.77     11.23     11.13     447452
8.42     6.27     5.77     10.74     11.06     449234
8.42     6.37     5.77     10.25     11.00     451016
8.42     6.37     5.77     10.74     11.00     452799
8.31     6.37     5.77     10.25     11.00     454582
8.20     6.48     5.77     10.74     10.94     456364
8.09     6.58     5.77     10.74     10.94     458146
8.09     6.69     5.77     10.25     10.88     459928
8.09     6.69     5.77     10.74     10.88     461711
7.98     6.79     5.77     10.74     10.88     463493
8.09     6.89     5.77     10.25     10.94     465275
7.98     7.00     6.83     10.25     10.94     467058
7.98     7.10     5.77     10.25     10.94     468840
7.86     7.20     5.77     10.25     11.00     470623
7.86     7.31     5.77     10.25     11.00     472404
7.86     7.31     5.77     9.77     11.00     474187
7.86     7.31     5.77     10.25     11.00     475969
7.75     7.41     5.77     9.77     10.94     477752
7.75     7.41     5.77     10.25     10.94     479535
7.75     7.41     5.77     10.25     10.88     481316
7.75     7.41     6.83     10.25     10.88     483099
7.75     7.41     5.77     10.25     10.81     484881
7.75     7.41     6.83     9.77     10.81     486664
7.75     7.41     6.83     9.77     10.81     488445
7.75     7.41     5.77     9.77     10.81     490228
7.75     7.41     6.83     9.77     10.75     492011
7.75     7.31     6.83     10.25     10.69     493793
7.75     7.31     6.83     10.25     10.63     495576
7.75     7.31     6.83     9.77     10.63     497357
7.75     7.31     5.77     10.25     10.56     499140
7.64     7.20     5.77     10.25     10.50     500922
7.64     7.20     5.77     10.25     10.50     502705
7.75     7.20     5.77     9.28     10.50     504487
7.64     7.20     5.77     10.25     10.44     506269
7.53     7.00     5.77     9.77     10.38     508052
7.53     6.79     5.77     9.28     10.25     509834
7.42     6.48     5.77     9.28     10.13     511617
7.31     6.27     5.77     9.28     10.00     513398
7.31     5.96     5.77     10.25     9.88     515181
7.09     5.75     5.77     9.28     9.69     516963
6.98     5.44     4.70     9.28     9.63     518746
6.75     5.23     4.70     8.79     9.50     520527
6.64     5.02     4.70     8.79     9.31     522310
6.42     4.80     4.70     8.30     9.13     524092
6.31     4.59     4.70     8.79     8.94     525875
6.20     4.38     4.70     7.81     8.81     527656
6.08     4.28     3.63     8.30     8.69     529439
5.97     4.17     3.63     8.30     8.63     531221
5.75     3.96     3.63     8.30     8.44     533004
5.64     3.85     3.63     8.30     8.31     534786
5.64     3.64     3.63     7.81     8.19     536568
5.52     3.53     2.57     7.32     8.13     538350
5.41     3.42     3.63     7.81     8.00     540133
5.41     3.21     3.63     7.81     7.94     541915
5.19     3.10     2.57     6.84     7.88     543697
5.19     3.00     2.57     7.32     7.75     545479
5.07     3.00     2.57     7.32     7.69     547262
4.85     2.78     2.57     7.32     7.56     549044
4.74     2.78     2.57     6.84     7.44     550827
4.62     2.57     2.57     6.84     7.44     552608
4.51     2.57     1.51     6.84     7.31     554391
4.51     2.46     2.57     7.32     7.25     556173
4.40     2.35     2.57     6.84     7.13     557956
4.28     2.24     1.51     6.35     7.00     559737
4.17     2.24     2.57     6.84     6.88     561520
4.06     2.13     1.51     6.35     6.81     563302
3.94     2.02     1.51     6.35     6.81     565085
3.83     1.91     2.57     6.35     6.69     566866
3.72     1.91     1.51     6.84     6.69     568649
3.60     1.81     1.51     6.35     6.63     570431
3.49     1.81     2.57     6.35     6.56     572214
3.37     1.70     1.51     6.35     6.50     573996
3.37     1.81     1.51     5.86     6.44     575777
3.26     1.81     0.44     5.37     6.38     577560
3.15     1.91     1.51     5.86     6.31     579342
3.15     1.91     1.51     5.37     6.25     581125
3.15     1.91     2.57     5.37     6.25     582906
3.15     2.02     1.51     5.86     6.19     584689
3.03     2.13     1.51     5.86     6.19     586471
3.03     2.13     1.51     5.86     6.19     588254
2.92     2.24     1.51     5.37     6.19     590035
2.92     2.24     1.51     5.86     6.19     591818
2.92     2.35     1.51     5.86     6.19     593600
2.92     2.35     1.51     5.37     6.19     595383
2.92     2.35     1.51     5.86     6.19     597165
2.92     2.24     1.51     5.37     6.13     598947
2.80     2.13     1.51     5.37     6.00     600729
2.69     1.91     0.44     4.88     5.88     602512
2.69     1.81     1.51     5.37     5.75     604294
2.57     1.59     0.44     5.37     5.69     606076
2.57     1.37     0.44     4.88     5.56     607858
2.46     1.15     1.51     4.88     5.44     609641
2.46     0.93     0.44     4.88     5.31     611423
2.34     0.82     0.44     4.88     5.19     613204
2.23     0.82     0.44     4.88     5.13     614987
2.11     0.60     0.44     4.88     5.00     616769
2.00     0.49     0.44     4.39     4.94     618552
1.88     0.26     0.44     4.39     4.88     620334
1.88     0.26     -0.62     3.91     4.81     622116
1.77     0.04     0.44     3.91     4.75     623898
1.65     -0.07     -0.62     3.91     4.69     625681
1.65     -0.18     -0.62     3.91     4.56     627463
1.42     -0.29     -0.62     3.91     4.44     629245
1.42     -0.29     -0.62     3.91     4.31     631027
1.30     -0.41     -0.62     3.91     4.25     632810
1.19     -0.41     -0.62     3.91     4.13     634592
1.07     -0.52     -0.62     3.91     4.19     636375
0.95     -0.63     -0.62     3.42     4.06     638156
0.95     -0.63     -1.69     3.42     4.06     639938
0.84     -0.75     -0.62     3.42     3.94     641721
0.72     -0.86     -0.62     2.93     3.88     643503
0.60     -0.86     -1.69     2.93     3.75     645285
0.49     -1.08     -1.69     3.42     3.63     647067
0.49     -1.08     -1.69     2.93     3.56     648850
0.37     -1.08     -1.69     2.93     3.44     650632
0.25     -1.20     -1.69     2.93     3.38     652414
0.25     -1.20     -1.69     2.93     3.31     654196
0.25     -1.31     -1.69     2.93     3.25     655979
0.13     -1.31     -1.69     2.93     3.19     657761
0.02     -1.54     -1.69     2.44     3.13     659544
-0.10     -1.43     -1.69     2.44     3.06     661325
-0.34     -1.54     -1.69     2.44     3.06     663108
-0.34     -1.65     -2.75     2.44     3.00     664890
-0.46     -1.77     -2.75     1.95     2.94     666673
-0.57     -1.88     -2.75     2.44     2.81     668454
-0.57     -2.00     -2.75     1.95     2.69     670237
-0.69     -2.00     -2.75     1.95     2.56     672019
-0.69     -2.00     -2.75     1.95     2.50     673801
-0.81     -2.11     -2.75     1.95     2.38     675584
-0.93     -2.11     -2.75     1.46     2.31     677365
-0.93     -2.23     -2.75     1.95     2.25     679148
-1.05     -2.23     -2.75     1.46     2.19     680930
-1.05     -2.35     -2.75     1.46     2.13     682713
-1.17     -2.46     -2.75     1.46     2.13     684494
-1.29     -2.58     -2.75     1.95     2.00     686277
-1.29     -2.58     -2.75     1.46     1.94     688059
-1.29     -2.58     -2.75     1.46     1.88     689842
-1.41     -2.69     -2.75     0.98     1.81     691623
-1.53     -2.69     -2.75     0.98     1.75     693406
-1.65     -2.69     -2.75     1.46     1.69     695188
-1.65     -2.81     -2.75     1.46     1.63     696971
-1.65     -2.69     -3.81     1.46     1.56     698753
-1.77     -2.69     -3.81     1.46     1.56     700535
-1.77     -2.69     -2.75     1.46     1.50     702317
-1.77     -2.69     -2.75     0.98     1.50     704100
-1.77     -2.58     -2.75     0.98     1.44     705882
-1.89     -2.46     -3.81     0.98     1.37     707664
-1.89     -2.46     -2.75     0.98     1.37     709446
-1.89     -2.46     -3.81     0.98     1.44     711229
-1.89     -2.46     -2.75     0.49     1.37     713011
-2.01     -2.35     -2.75     0.98     1.31     714793
-2.01     -2.46     -2.75     0.98     1.37     716575
-2.01     -2.46     -2.75     0.00     1.31     718358
-2.01     -2.58     -3.81     0.98     1.25     720140
-2.13     -2.69     -2.75     0.49     1.19     721922
-2.13     -2.81     -2.75     0.49     1.19     723704
-2.25     -2.93     -3.81     0.49     1.12     725486
-2.37     -3.04     -3.81     0.49     1.00     727269
-2.37     -3.16     -3.81     0.00     0.94     729051
-2.49     -3.28     -3.81     0.49     0.81     730833
-2.61     -3.40     -3.81     0.00     0.75     732615
-2.61     -3.52     -3.81     0.00     0.63     734398
-2.86     -3.63     -4.88     0.00     0.56     736180
-2.86     -3.75     -4.88     0.00     0.44     737963
-2.98     -3.87     -4.88     0.00     0.37     739744
-2.98     -3.99     -4.88     0.00     0.31     741527
-3.10     -3.99     -4.88     0.00     0.19     743309
-3.10     -4.11     -3.81     0.00     0.19     745091
-3.22     -4.23     -4.88     0.00     0.19     746873
-3.34     -4.35     -4.88     0.00     0.00     748655
-3.34     -4.47     -4.88     0.00     -0.06     750438
-3.34     -4.47     -4.88     0.00     -0.12     752220
-3.59     -4.47     -4.88     0.00     -0.19     754002
-3.71     -4.71     -4.88     0.00     -0.31     755784
-3.71     -4.71     -4.88     0.00     -0.37     757566
-3.84     -4.83     -5.94     0.00     -0.50     759349
-3.84     -4.83     -4.88     0.00     -0.56     761131
-3.96     -4.83     -4.88     0.00     -0.63     762913
-3.96     -4.95     -5.94     0.00     -0.69     764695
-4.08     -4.95     -5.94     0.00     -0.75     766478
-4.08     -4.95     -5.94     0.00     -0.81     768260
-4.08     -5.07     -5.94     0.00     -0.88     770042
-4.21     -5.19     -5.94     0.00     -1.00     771824
-4.33     -5.19     -5.94     0.00     -1.00     773606
-4.46     -5.19     -5.94     0.00     -1.00     775389
-4.46     -5.32     -7.00     0.00     -1.12     777170
-4.58     -5.32     -5.94     0.00     -1.25     778953
-4.58     -5.32     -5.94     0.00     -1.25     780735
-4.71     -5.44     -5.94     0.00     -1.37     782518
-4.71     -5.56     -5.94     0.00     -1.44     784300
-4.83     -5.56     -5.94     0.00     -1.44     786082
-4.83     -5.68     -5.94     0.00     -1.56     787864
-4.96     -5.81     -5.94     0.00     -1.63     789647
-5.08     -5.93     -7.00     0.00     -1.69     791429
-5.21     -5.93     -7.00     0.00     -1.81     793211
-5.21     -5.93     -7.00     0.00     -1.88     794993
-5.21     -5.93     -7.00     0.00     -2.00     796776
-5.33     -6.05     -7.00     0.00     -2.06     798558
-5.46     -6.18     -7.00     0.00     -2.13     800339
-5.46     -6.18     -7.00     0.00     -2.13     802122
-5.59     -6.30     -7.00     0.00     -2.19     803904
-5.59     -6.30     -7.00     0.00     -2.19     805687
-5.71     -6.43     -7.00     0.00     -2.25     807469
-5.71     -6.30     -7.00     0.00     -2.38     809251
-5.84     -6.43     -7.00     0.00     -2.38     811033
-5.84     -6.55     -8.06     0.00     -2.44     812816
-5.84     -6.55     -7.00     0.00     -2.44     814598
-5.97     -6.68     -8.06     0.00     -2.56     816380
-5.97     -6.80     -7.00     0.00     -2.69     818162
-6.09     -6.80     -8.06     0.00     -2.69     819945
-6.09     -6.80     -8.06     0.00     -2.75     821727
-6.22     -6.80     -8.06     0.00     -2.81     823508
-6.22     -6.80     -8.06     0.00     -3.00     825291
-6.35     -6.93     -8.06     0.00     -2.94     827073
-6.35     -6.93     -8.06     0.00     -3.00     828856
-6.48     -7.05     -8.06     0.00     -3.13     830638
-6.61     -7.05     -8.06     0.00     -3.13     832420
-6.61     -7.18     -8.06     0.00     -3.25     834202
-6.74     -7.18     -8.06     0.00     -3.38     835985
-6.61     -7.18     -8.06     0.00     -3.44     837767
-6.86     -7.31     -8.06     0.00     -3.50     839549
-6.74     -7.44     -9.13     0.00     -3.50     841331
-6.86     -7.44     -8.06     0.00     -3.63     843114
-6.99     -7.44     -8.06     0.00     -3.69     844896
-6.99     -7.44     -9.13     0.00     -3.69     846679
-7.12     -7.56     -8.06     0.00     -3.75     848460
-7.12     -7.56     -9.13     0.00     -3.75     850242
-7.25     -7.56     -8.06     0.00     -3.75     852025
-7.12     -7.56     -8.06     0.00     -3.81     853807
-7.25     -7.56     -8.06     0.00     -3.81     855589
-7.25     -7.56     -8.06     0.00     -3.88     857371
-7.38     -7.44     -8.06     0.00     -3.88     859154
-7.38     -7.44     -8.06     0.00     -3.88     860936
-7.51     -7.56     -9.13     0.00     -3.88     862718
-7.51     -7.56     -9.13     0.00     -3.94     864500
-7.64     -7.69     -9.13     0.00     -4.00     866283
-7.64     -7.69     -9.13     0.00     -4.06     868065
-7.78     -7.82     -9.13     0.00     -4.13     869848
-7.64     -7.82     -9.13     0.00     -4.25     871629
-7.91     -7.95     -9.13     0.00     -4.31     873412
-7.91     -7.95     -9.13     0.00     -4.38     875194
-7.91     -8.21     -9.13     0.00     -4.50     876977
-8.04     -8.21     -9.13     0.00     -4.50     878758
-8.04     -8.34     -10.19     0.00     -4.63     880541
-8.04     -8.47     -9.13     0.00     -4.75     882323
-8.04     -8.47     -9.13     0.00     -4.75     884106
-8.17     -8.47     -9.13     0.00     -4.88     885888
-8.17     -8.60     -9.13     0.00     -5.00     887669
-8.30     -8.60     -9.13     0.00     -5.06     889452
-8.30     -8.60     -9.13     0.00     -5.13     891234
-8.43     -8.86     -10.19     0.00     -5.19     893017
-8.43     -8.73     -10.19     0.00     -5.25     894798
-8.57     -8.86     -10.19     0.00     -5.25     896581
-8.57     -8.86     -10.19     0.00     -5.25     898363
-8.70     -8.99     -10.19     0.00     -5.31     900146
-8.70     -8.99     -9.13     0.00     -5.38     901928
-8.83     -8.99     -10.19     0.00     -5.44     903710
-8.83     -9.12     -9.13     0.00     -5.50     905493
-8.97     -9.26     -10.19     0.00     -5.56     907275
-8.97     -9.26     -10.19     0.00     -5.56     909058
-8.97     -9.26     -10.19     0.00     -5.63     910839
-9.10     -9.39     -10.19     0.00     -5.69     912622
-9.10     -9.39     -9.13     0.00     -5.69     914404
-9.24     -9.52     -10.19     0.00     -5.75     916187
-9.24     -9.65     -10.19     0.00     -5.88     917968
-9.37     -9.65     -11.25     0.00     -5.88     919751
-9.51     -9.65     -10.19     0.00     -5.88     921533
-9.51     -9.79     -10.19     0.00     -6.00     923316
-9.51     -9.79     -11.25     0.00     -6.06     925097
-9.64     -9.79     -10.19     0.00     -6.06     926880
-9.64     -9.79     -11.25     0.00     -6.13     928662
-9.78     -9.92     -10.19     0.00     -6.19     930445
-9.91     -10.06     -11.25     0.00     -6.25     932227
-9.78     -10.06     -10.19     0.00     -6.31     934009
-9.91     -10.19     -11.25     0.00     -6.50     935791
-9.91     -10.19     -11.25     0.00     -6.50     937574
-10.05     -10.19     -11.25     0.00     -6.50     939357
-10.05     -10.19     -11.25     0.00     -6.63     941138
-10.19     -10.33     -12.31     0.00     -6.63     942921
-10.19     -10.33     -11.25     0.00     -6.75     944703
-10.19     -10.33     -11.25     0.00     -6.81     946486
-10.19     -10.33     -11.25     0.00     -6.88     948269
-10.32     -10.33     -11.25     0.00     -6.94     950050
-10.32     -10.47     -11.25     0.00     -7.00     951833
-10.46     -10.60     -11.25     0.00     -7.06     953615
-10.46     -10.47     -11.25     0.00     -7.13     955398
-10.60     -10.60     -11.25     0.00     -7.19     957180
-10.60     -10.74     -11.25     0.00     -7.19     958962
-10.60     -10.74     -11.25     0.00     -7.25     960745
-10.60     -10.74     -11.25     0.00     -7.25     962527
-10.74     -10.74     -12.31     0.00     -7.31     964310
-10.87     -10.88     -12.31     0.00     -7.38     966092
-10.87     -10.88     -12.31     0.00     -7.44     967874
-11.01     -11.02     -12.31     0.00     -7.50     969657
-10.87     -11.02     -11.25     0.00     -7.56     971439
-10.87     -11.15     -12.31     0.00     -7.63     973221
-11.01     -11.15     -12.31     0.00     -7.69     975004
-11.15     -11.15     -12.31     0.00     -7.75     976786
-11.29     -11.29     -12.31     0.00     -7.75     978569
-11.29     -11.29     -12.31     0.00     -7.81     980352
-11.29     -11.43     -12.31     0.00     -7.94     982133
-11.43     -11.43     -12.31     0.00     -8.00     983916
-11.43     -11.43     -12.31     0.00     -8.06     985698
-11.43     -11.57     -12.31     0.00     -8.13     987481
-11.57     -11.57     -12.31     0.00     -8.19     989263
-11.57     -11.57     -12.31     0.00     -8.25     991045
-11.57     -11.57     -12.31     0.00     -8.31     992828
-11.57     -11.71     -12.31     0.00     -8.38     994610
-11.71     -11.57     -12.31     0.00     -8.44     996392
-11.86     -11.85     -12.31     0.00     -8.50     998175
-12.00     -11.85     -12.31     0.00     -8.50     999957
-12.00     -11.85     -12.31     0.00     -8.63     1001740
-12.00     -11.99     -12.31     0.00     -8.69     1003522
-12.00     -11.85     -13.37     0.00     -8.69     1005304
-12.00     -11.99     -12.31     0.00     -8.75     1007087
-12.14     -11.99     -13.37     0.00     -8.81     1008869
-12.14     -11.99     -13.37     0.00     -8.81     1010652
-12.14     -12.14     -13.37     0.00     -8.88     1012434
-12.28     -12.28     -13.37     0.00     -8.88     1014216
-12.42     -12.28     -13.37     0.00     -8.88     1015999
-12.42     -12.28     -13.37     0.00     -8.94     1017781
-12.42     -12.28     -13.37     0.00     -9.06     1019564
-12.57     -12.42     -13.37     0.00     -9.06     1021346
-12.57     -12.42     -13.37     0.00     -9.13     1023128
-12.57     -12.57     -13.37     0.00     -9.13     1024911
-12.71     -12.42     -13.37     0.00     -9.19     1026694
-12.71     -12.57     -13.37     0.00     -9.19     1028475
-12.71     -12.42     -13.37     0.00     -9.25     1030258
-12.71     -12.42     -13.37     0.00     -9.31     1032041
-12.71     -12.42     -14.43     0.00     -9.38     1033823
-12.86     -12.42     -13.37     0.00     -9.44     1035606
-12.86     -12.28     -13.37     0.00     -9.50     1037388
-12.86     -12.42     -13.37     0.00     -9.50     1039170
-12.86     -12.42     -13.37     0.00     -9.50     1040953
-13.00     -12.42     -13.37     0.00     -9.44     1042736
-12.86     -12.42     -13.37     0.00     -9.50     1044517
-13.00     -12.42     -13.37     0.00     -9.50     1046300
-13.00     -12.42     -13.37     0.00     -9.56     1048082
-13.00     -12.28     -12.31     0.00     -9.56     1049865
-13.00     -12.28     -13.37     0.00     -9.63     1051648
-13.00     -12.42     -14.43     0.00     -9.63     1053429
-13.15     -12.42     -13.37     0.00     -9.69     1055212
-13.15     -12.57     -13.37     0.00     -9.69     1056995
-13.15     -12.57     -13.37     0.00     -9.75     1058777
-13.29     -12.85     -14.43     0.00     -9.81     1060559
-13.29     -12.85     -14.43     0.00     -9.88     1062342
-13.29     -12.85     -14.43     0.00     -9.94     1064124
-13.44     -13.00     -14.43     0.00     -10.00     1065907
-13.44     -13.00     -14.43     0.00     -10.06     1067688
-13.58     -13.15     -14.43     0.00     -10.13     1069471
-13.58     -13.15     -15.49     0.00     -10.19     1071254
-13.73     -13.29     -14.43     0.00     -10.25     1073036
-13.58     -13.29     -15.49     0.00     -10.38     1074819
-13.73     -13.44     -14.43     0.00     -10.44     1076601
-13.73     -13.44     -14.43     0.00     -10.44     1078384
-13.88     -13.59     -14.43     0.00     -10.50     1080166
-13.88     -13.59     -14.43     0.00     -10.56     1081949
-13.88     -13.59     -14.43     0.00     -10.63     1083731
-13.88     -13.59     -14.43     0.00     -10.69     1085513
-14.03     -13.73     -14.43     0.00     -10.75     1087296
-14.03     -13.73     -14.43     0.00     -10.75     1089079
-14.03     -13.88     -15.49     0.00     -10.88     1090861
-14.03     -14.03     -15.49     0.00     -10.94     1092643
-14.17     -14.03     -13.37     0.00     -11.00     1094426
-14.17     -14.03     -15.49     0.00     -11.06     1096208
-14.32     -14.03     -15.49     0.00     -11.06     1097991
-14.32     -14.18     -15.49     0.00     -11.19     1099773
-14.47     -14.18     -14.43     0.00     -11.19     1101555
-14.47     -14.33     -14.43     0.00     -11.25     1103338
-14.47     -14.33     -15.49     0.00     -11.25     1105121
-14.62     -14.33     -15.49     0.00     -11.25     1106903
-14.62     -14.33     -15.49     0.00     -11.31     1108685
-14.62     -14.48     -15.49     0.00     -11.44     1110468
-14.77     -14.48     -15.49     0.00     -11.44     1112250
-14.77     -14.48     -15.49     0.00     -11.50     1114033
-14.77     -14.63     -14.43     0.00     -11.50     1115815
-14.92     -14.48     -14.43     0.00     -11.56     1117597
-14.92     -14.63     -14.43     0.00     -11.56     1119380
-15.07     -14.79     -15.49     0.00     -11.63     1121163
-15.07     -14.79     -15.49     0.00     -11.63     1122945
-15.07     -14.79     -16.55     0.00     -11.69     1124727
-15.07     -14.94     -16.55     0.00     -11.81     1126510
-15.23     -14.94     -16.55     0.00     -11.94     1128292
-15.38     -14.94     -15.49     0.00     -11.94     1130075
-15.23     -15.09     -16.55     0.00     -12.00     1131857
-15.38     -14.94     -16.55     0.00     -12.13     1133639
-15.38     -14.94     -15.49     0.00     -12.13     1135422
-15.38     -15.09     -17.61     0.00     -12.19     1137205
-15.53     -15.09     -16.55     0.00     -12.25     1138987
-15.69     -14.94     -16.55     0.00     -12.31     1140769
-15.69     -15.25     -16.55     0.00     -12.38     1142552
-15.69     -15.25     -16.55     0.00     -12.38     1144334
-15.69     -15.25     -16.55     0.00     -12.44     1146117
-15.84     -15.40     -17.61     0.00     -12.50     1147899
-15.84     -15.40     -16.55     0.00     -12.56     1149681
-15.99     -15.40     -16.55     0.00     -12.63     1151464
-15.99     -15.40     -16.55     0.00     -12.63     1153247
-16.15     -15.40     -16.55     0.00     -12.69     1155028
-15.99     -15.56     -16.55     0.00     -12.69     1156811
-16.15     -15.71     -17.61     0.00     -12.81     1158594
-16.15     -15.56     -16.55     0.00     -12.81     1160376
-16.30     -15.56     -16.55     0.00     -12.88     1162159
-16.30     -15.71     -16.55     0.00     -12.94     1163941
-16.30     -15.87     -16.55     0.00     -13.00     1165723
-16.30     -15.87     -17.61     0.00     -13.00     1167506
-16.46     -15.87     -16.55     0.00     -13.06     1169289
-16.46     -15.87     -16.55     0.00     -13.13     1171070
-16.62     -16.03     -17.61     0.00     -13.13     1172853
-16.62     -16.03     -16.55     0.00     -13.19     1174636
-16.46     -16.03     -17.61     0.00     -13.25     1176418
-16.62     -16.19     -16.55     0.00     -13.25     1178201
-16.78     -16.19     -17.61     0.00     -13.31     1179983
-16.78     -16.19     -16.55     0.00     -13.31     1181765
-16.78     -16.19     -17.61     0.00     -13.38     1183548
-16.93     -16.35     -16.55     0.00     -13.44     1185331
-16.93     -16.35     -17.61     0.00     -13.50     1187112
-16.78     -16.19     -17.61     0.00     -13.56     1188895
-16.93     -16.35     -17.61     0.00     -13.56     1190678
-16.93     -16.35     -17.61     0.00     -13.63     1192460
-17.09     -16.35     -17.61     0.00     -13.63     1194243
-17.09     -16.35     -17.61     0.00     -13.75     1196025
-17.25     -16.51     -17.61     0.00     -13.81     1197807
-17.25     -16.67     -17.61     0.00     -13.81     1199590
-17.25     -16.67     -17.61     0.00     -13.88     1201373
-17.41     -16.67     -18.67     0.00     -13.88     1203154
-17.25     -16.67     -17.61     0.00     -13.88     1204937
-17.41     -16.83     -17.61     0.00     -13.94     1206720
-17.41     -16.83     -18.67     0.00     -14.00     1208502
-17.41     -16.83     -17.61     0.00     -14.06     1210285
-17.41     -16.83     -18.67     0.00     -14.06     1212067
-17.57     -16.99     -18.67     0.00     -14.06     1213849
-17.57     -16.83     -17.61     0.00     -14.13     1215632
-17.57     -16.99     -17.61     0.00     -14.13     1217415
-17.73     -16.99     -16.55     0.00     -14.19     1219196
-17.90     -17.15     -18.67     0.00     -14.19     1220979
-17.73     -17.15     -18.67     0.00     -14.31     1222762
-17.73     -17.15     -18.67     0.00     -14.31     1224544
-17.90     -17.15     -18.67     0.00     -14.44     1226327
-17.90     -17.15     -18.67     0.00     -14.44     1228109
-18.06     -17.15     -18.67     0.00     -14.50     1229891
-18.06     -17.32     -18.67     0.00     -14.56     1231674
-18.06     -17.32     -18.67     0.00     -14.56     1233457
-18.22     -17.32     -18.67     0.00     -14.69     1235238
-18.22     -17.32     -18.67     0.00     -14.81     1237021
-18.22     -17.48     -18.67     0.00     -14.81     1238804
-18.22     -17.48     -18.67     0.00     -14.81     1240586
-18.39     -17.48     -17.61     0.00     -14.88     1242369
-18.55     -17.65     -18.67     0.00     -14.88     1244151
-18.55     -17.48     -17.61     0.00     -14.94     1245933
-18.39     -17.48     -18.67     0.00     -14.94     1247716
-18.39     -17.65     -18.67     0.00     -14.94     1249499
-18.55     -17.81     -18.67     0.00     -14.94     1251280
-18.55     -17.65     -19.73     0.00     -15.00     1253063
-18.55     -17.48     -18.67     0.00     -15.00     1254846
-18.55     -17.65     -18.67     0.00     -15.06     1256628
-18.55     -17.48     -18.67     0.00     -15.06     1258411
-18.55     -17.65     -18.67     0.00     -15.06     1260193
-18.55     -17.15     -19.73     0.00     -15.13     1261975
-18.55     -17.32     -18.67     0.00     -15.13     1263758
-18.72     -17.32     -18.67     0.00     -15.13     1265541
-18.55     -17.32     -18.67     0.00     -15.13     1267322
-18.72     -17.48     -19.73     0.00     -15.13     1269105
-18.72     -17.15     -19.73     0.00     -15.19     1270888
-18.72     -17.32     -18.67     0.00     -15.19     1272670
-18.88     -17.32     -18.67     0.00     -15.19     1274452
-18.88     -17.48     -18.67     0.00     -15.31     1276235
-18.88     -17.48     -19.73     0.00     -15.38     1278017
-18.88     -17.65     -18.67     0.00     -15.44     1279800
-18.88     -17.81     -18.67     0.00     -15.50     1281583
-18.88     -17.81     -18.67     0.00     -15.56     1283364
-19.05     -17.98     -18.67     0.00     -15.63     1285147
-19.05     -17.81     -19.73     0.00     -15.63     1286930
-19.22     -18.15     -19.73     0.00     -15.69     1288712
-19.22     -18.15     -19.73     0.00     -15.81     1290494
-19.22     -18.15     -19.73     0.00     -15.88     1292277
-19.38     -18.49     -18.67     0.00     -15.81     1294059
-19.38     -18.32     -19.73     0.00     -15.94     1295842
-19.38     -18.49     -19.73     0.00     -16.00     1297625
-19.38     -18.49     -19.73     0.00     -16.06     1299406
-19.55     -18.66     -19.73     0.00     -16.12     1301189
-19.55     -18.49     -20.79     0.00     -16.12     1302972
-19.55     -18.49     -20.79     0.00     -16.19     1304754
-19.72     -18.66     -19.73     0.00     -16.25     1306536
-19.72     -18.83     -20.79     0.00     -16.31     1308319
-19.72     -18.83     -19.73     0.00     -16.37     1310101
-19.55     -18.83     -20.79     0.00     -16.44     1311884
-19.72     -18.83     -20.79     0.00     -16.56     1313667
-19.89     -18.83     -20.79     0.00     -16.56     1315448
-19.89     -19.00     -20.79     0.00     -16.56     1317231
-19.89     -19.00     -20.79     0.00     -16.62     1319014
-20.06     -19.00     -20.79     0.00     -16.69     1320796
-20.06     -19.00     -20.79     0.00     -16.69     1322578
-20.06     -19.18     -19.73     0.00     -16.75     1324361
-20.06     -19.18     -20.79     0.00     -16.75     1326143
-20.24     -19.18     -20.79     0.00     -16.81     1327926
-20.41     -19.18     -20.79     0.00     -16.87     1329709
-20.24     -19.18     -19.73     0.00     -16.87     1331490
-20.24     -19.53     -20.79     0.00     -16.87     1333273
-20.24     -19.18     -20.79     0.00     -16.94     1335056
-20.41     -19.18     -20.79     0.00     -17.00     1336838
-20.58     -19.53     -20.79     0.00     -17.00     1338620
-20.41     -19.53     -20.79     0.00     -17.06     1340403
-20.41     -19.53     -20.79     0.00     -17.06     1342185
-20.58     -19.53     -20.79     0.00     -17.12     1343968
-20.76     -19.70     -20.79     0.00     -17.19     1345751
-20.41     -19.53     -20.79     0.00     -17.25     1347532
-20.58     -19.70     -20.79     0.00     -17.25     1349315
-20.76     -19.53     -21.85     0.00     -17.31     1351098
-20.76     -19.88     -20.79     0.00     -17.37     1352880
-20.76     -19.70     -20.79     0.00     -17.37     1354662
-20.93     -19.88     -21.85     0.00     -17.37     1356445
-20.93     -19.88     -20.79     0.00     -17.44     1358228
-20.93     -19.88     -21.85     0.00     -17.44     1360010
-20.93     -20.06     -20.79     0.00     -17.56     1361793
-21.11     -20.06     -21.85     0.00     -17.62     1363575
-21.29     -20.06     -20.79     0.00     -17.62     1365357
-21.11     -20.06     -20.79     0.00     -17.69     1367140
-21.29     -20.24     -21.85     0.00     -17.69     1368923
-21.29     -20.24     -21.85     0.00     -17.75     1370704
-21.46     -20.24     -21.85     0.00     -17.75     1372487
-21.29     -20.24     -21.85     0.00     -17.81     1374270
-21.46     -20.24     -21.85     0.00     -17.87     1376052
-21.29     -20.24     -21.85     0.00     -17.94     1377835
-21.46     -20.24     -21.85     0.00     -18.00     1379617
-21.46     -20.42     -21.85     0.00     -18.06     1381399
-21.64     -20.42     -21.85     0.00     -18.06     1383182
-21.64     -20.42     -21.85     0.00     -18.06     1384965
-21.82     -20.60     -21.85     0.00     -18.12     1386746
-21.82     -20.60     -21.85     0.00     -18.19     1388529
-21.82     -20.42     -21.85     0.00     -18.19     1390312
-21.82     -20.60     -21.85     0.00     -18.25     1392094
-21.82     -20.60     -21.85     0.00     -18.31     1393876
-21.82     -20.60     -21.85     0.00     -18.31     1395659
-22.00     -20.60     -21.85     0.00     -18.31     1397442
-22.00     -20.78     -22.91     0.00     -18.31     1399224
-22.18     -20.78     -21.85     0.00     -18.37     1401007
-22.18     -20.97     -21.85     0.00     -18.50     1402789
-22.18     -20.78     -22.91     0.00     -18.62     1404571
-22.37     -20.97     -22.91     0.00     -18.62     1406354
-22.18     -20.97     -21.85     0.00     -18.69     1408137
-22.37     -21.15     -22.91     0.00     -18.75     1409918
-22.37     -21.15     -22.91     0.00     -18.75     1411701
-22.37     -20.97     -22.91     0.00     -18.81     1413484
-22.37     -21.15     -22.91     0.00     -18.81     1415266
-22.37     -21.34     -22.91     0.00     -18.87     1417049
-22.37     -20.97     -21.85     0.00     -18.94     1418831
-22.55     -21.34     -22.91     0.00     -18.94     1420613
-22.73     -21.34     -22.91     0.00     -19.00     1422396
-22.55     -21.34     -21.85     0.00     -19.06     1424179
-22.55     -21.34     -22.91     0.00     -19.12     1425960
-22.55     -21.34     -22.91     0.00     -19.12     1427743
-22.55     -21.52     -23.97     0.00     -19.25     1429526
-22.73     -21.34     -23.97     0.00     -19.25     1431309
-22.92     -21.52     -22.91     0.00     -19.25     1433091
-22.73     -21.52     -22.91     0.00     -19.31     1434873
-22.73     -21.52     -22.91     0.00     -19.31     1436656
-22.73     -21.52     -22.91     0.00     -19.37     1438438
-22.92     -21.52     -22.91     0.00     -19.37     1440221
-22.92     -21.71     -22.91     0.00     -19.44     1442003
-22.92     -21.52     -22.91     0.00     -19.44     1443785
-22.92     -21.71     -22.91     0.00     -19.50     1445568
-22.92     -21.71     -22.91     0.00     -19.56     1447351
-23.11     -21.71     -23.97     0.00     -19.56     1449133
-23.11     -21.90     -22.91     0.00     -19.62     1450915
-22.92     -21.71     -23.97     0.00     -19.69     1452698
-23.29     -21.71     -23.97     0.00     -19.69     1454481
-23.11     -21.90     -23.97     0.00     -19.69     1456263
-23.11     -21.90     -21.85     0.00     -19.69     1458045
-23.29     -21.90     -23.97     0.00     -19.81     1459828
-23.29     -22.09     -23.97     0.00     -19.87     1461610
-23.11     -22.09     -23.97     0.00     -19.87     1463393
-23.11     -22.09     -23.97     0.00     -19.87     1465176
-23.48     -22.28     -23.97     0.00     -20.00     1466957
-23.48     -22.09     -23.97     0.00     -20.00     1468740
-23.48     -22.09     -23.97     0.00     -20.00     1470523
-23.48     -22.09     -23.97     0.00     -20.06     1472306
-23.67     -22.28     -23.97     0.00     -20.06     1474087
-23.67     -22.28     -23.97     0.00     -20.12     1475870
-23.67     -22.09     -23.97     0.00     -20.12     1477653
-23.67     -22.48     -23.97     0.00     -20.25     1479435
-23.86     -22.48     -23.97     0.00     -20.25     1481218
-23.86     -22.48     -23.97     0.00     -20.31     1483000
-23.86     -22.48     -25.02     0.00     -20.31     1484782
-24.05     -22.48     -25.02     0.00     -20.37     1486565
-23.86     -22.67     -22.91     0.00     -20.37     1488348
-24.05     -22.28     -23.97     0.00     -20.37     1490129
-24.05     -22.67     -22.91     0.00     -20.44     1491912
-24.05     -22.67     -23.97     0.00     -20.50     1493695
-24.05     -22.48     -23.97     0.00     -20.50     1495478
-24.05     -22.48     -23.97     0.00     -20.50     1497260
-24.05     -22.48     -23.97     0.00     -20.50     1499042
-24.05     -22.48     -25.02     0.00     -20.50     1500825
-24.25     -22.48     -25.02     0.00     -20.50     1502607
-24.05     -22.48     -23.97     0.00     -20.56     1504390
-24.05     -22.28     -23.97     0.00     -20.56     1506172
-24.25     -22.28     -23.97     0.00     -20.56     1507954
-24.25     -22.28     -23.97     0.00     -20.56     1509737
-24.25     -22.09     -23.97     0.00     -20.50     1511520
-23.86     -22.28     -23.97     0.00     -20.56     1513302
-24.05     -21.90     -23.97     0.00     -20.56     1515084
-24.05     -22.09     -22.91     0.00     -20.56     1516867
-24.25     -22.09     -22.91     0.00     -20.56     1518650
-23.86     -22.09     -23.97     0.00     -20.62     1520432
-24.25     -22.09     -23.97     0.00     -20.62     1522214
-24.44     -22.28     -23.97     0.00     -20.69     1523997
-24.25     -22.48     -23.97     0.00     -20.69     1525779
-24.25     -22.28     -23.97     0.00     -20.69     1527562
-24.25     -22.48     -23.97     0.00     -20.75     1529345
-24.44     -22.67     -23.97     0.00     -20.81     1531126
-24.64     -22.67     -23.97     0.00     -20.87     1532909
-24.64     -22.87     -25.02     0.00     -20.94     1534692
-24.44     -22.87     -23.97     0.00     -21.00     1536474
-24.44     -22.87     -22.91     0.00     -21.00     1538256
-24.64     -23.07     -23.97     0.00     -21.06     1540039
-24.64     -23.07     -23.97     0.00     -21.12     1541822
-24.83     -23.07     -23.97     0.00     -21.19     1543604
-24.83     -23.26     -23.97     0.00     -21.19     1545387
-24.64     -23.26     -23.97     0.00     -21.25     1547169
-25.03     -23.26     -25.02     0.00     -21.31     1548951
-24.83     -23.47     -25.02     0.00     -21.37     1550734
-24.83     -23.47     -25.02     0.00     -21.37     1552517
-24.83     -23.47     -25.02     0.00     -21.44     1554298
-25.03     -23.67     -23.97     0.00     -21.56     1556081
-25.03     -23.47     -25.02     0.00     -21.56     1557864
-25.23     -23.47     -25.02     0.00     -21.62     1559646
-25.23     -23.26     -25.02     0.00     -21.62     1561428
-25.23     -23.67     -25.02     0.00     -21.75     1563211
-25.43     -23.67     -23.97     0.00     -21.75     1564993
-25.43     -23.87     -25.02     0.00     -21.81     1566776
-25.23     -23.67     -25.02     0.00     -21.87     1568559
-25.43     -23.67     -25.02     0.00     -21.94     1570341
-25.43     -23.87     -25.02     0.00     -21.94     1572123
-25.23     -23.67     -26.08     0.00     -21.94     1573906
-25.43     -23.87     -25.02     0.00     -22.00     1575689
-25.23     -23.87     -23.97     0.00     -22.00     1577470
-25.43     -24.07     -25.02     0.00     -22.06     1579253
-25.63     -23.87     -26.08     0.00     -22.06     1581036
-25.63     -23.87     -26.08     0.00     -22.06     1582818
-25.83     -24.07     -25.02     0.00     -22.12     1584601
-25.63     -24.07     -26.08     0.00     -22.19     1586383
-25.83     -23.87     -25.02     0.00     -22.25     1588165
-25.83     -24.07     -26.08     0.00     -22.31     1589948
-26.03     -24.28     -26.08     0.00     -22.31     1591731
-25.83     -24.28     -26.08     0.00     -22.37     1593512
-26.24     -24.28     -26.08     0.00     -22.44     1595295
-26.03     -24.49     -26.08     0.00     -22.44     1597078
-25.83     -24.28     -26.08     0.00     -22.50     1598860
-26.03     -24.49     -27.14     0.00     -22.50     1600643
-26.03     -24.28     -26.08     0.00     -22.56     1602425
-26.24     -24.70     -26.08     0.00     -22.62     1604208
-26.03     -24.49     -26.08     0.00     -22.62     1605990
-26.24     -24.49     -26.08     0.00     -22.69     1607773
-26.24     -24.70     -26.08     0.00     -22.69     1609555
-26.24     -24.70     -26.08     0.00     -22.69     1611337
-26.24     -24.70     -26.08     0.00     -22.75     1613120
-26.24     -24.70     -28.20     0.00     -22.81     1614903
-26.45     -24.70     -27.14     0.00     -22.81     1616685
-26.45     -24.70     -26.08     0.00     -22.81     1618467
-26.24     -24.70     -26.08     0.00     -22.87     1620250
-26.45     -24.70     -26.08     0.00     -22.94     1622032
-26.65     -24.91     -26.08     0.00     -23.00     1623815
-26.65     -24.91     -26.08     0.00     -23.06     1625597
-26.86     -24.91     -26.08     0.00     -23.06     1627379
-26.65     -24.70     -26.08     0.00     -23.12     1629162
-26.65     -24.91     -26.08     0.00     -23.12     1630945
-26.65     -25.12     -26.08     0.00     -23.19     1632727
-26.45     -24.91     -27.14     0.00     -23.19     1634509
-26.65     -24.91     -27.14     0.00     -23.19     1636292
-26.65     -25.12     -25.02     0.00     -23.25     1638074
-26.86     -25.12     -27.14     0.00     -23.31     1639857
-27.07     -25.12     -27.14     0.00     -23.31     1641639
-26.86     -25.12     -27.14     0.00     -23.31     1643422
-26.86     -25.12     -27.14     0.00     -23.37     1645204
-27.07     -25.12     -27.14     0.00     -23.37     1646987
-27.07     -24.91     -26.08     0.00     -23.44     1648770
-27.07     -25.33     -26.08     0.00     -23.50     1650551
-27.07     -25.33     -27.14     0.00     -23.44     1652334
-27.07     -25.33     -27.14     0.00     -23.50     1654117
-27.07     -25.33     -27.14     0.00     -23.56     1655899
-27.28     -25.12     -27.14     0.00     -23.56     1657681
-27.07     -25.33     -27.14     0.00     -23.62     1659464
-27.28     -25.55     -27.14     0.00     -23.69     1661246
-27.50     -25.33     -27.14     0.00     -23.69     1663029
-27.07     -25.55     -27.14     0.00     -23.75     1664812
-27.28     -25.55     -28.20     0.00     -23.81     1666593
-27.50     -25.77     -27.14     0.00     -23.87     1668376
-27.50     -25.55     -27.14     0.00     -23.87     1670159
-27.71     -25.55     -28.20     0.00     -23.94     1671941
-27.50     -25.55     -27.14     0.00     -23.94     1673723
-27.50     -25.77     -27.14     0.00     -23.94     1675506
-27.71     -25.55     -28.20     0.00     -24.00     1677288
-27.71     -25.77     -27.14     0.00     -24.06     1679071
-27.50     -25.55     -27.14     0.00     -24.12     1680854
-27.50     -25.77     -26.08     0.00     -24.12     1682636
-27.71     -25.99     -28.20     0.00     -24.12     1684418
-27.71     -25.77     -27.14     0.00     -24.19     1686201
-27.93     -25.55     -27.14     0.00     -24.19     1687984
-27.93     -25.99     -28.20     0.00     -24.25     1689765
-27.71     -25.99     -27.14     0.00     -24.25     1691548
-27.93     -25.99     -27.14     0.00     -24.31     1693331
-28.15     -25.99     -27.14     0.00     -24.31     1695113
-27.93     -26.21     -27.14     0.00     -24.37     1696896
-27.93     -26.21     -28.20     0.00     -24.37     1698678
-27.93     -25.99     -29.25     0.00     -24.44     1700460
-28.15     -25.99     -27.14     0.00     -24.50     1702243
-28.15     -25.99     -28.20     0.00     -24.50     1704026
-28.15     -26.21     -27.14     0.00     -24.50     1705807
-28.37     -26.21     -28.20     0.00     -24.56     1707590
-28.37     -25.99     -27.14     0.00     -24.56     1709373
-28.37     -26.43     -28.20     0.00     -24.56     1711155
-28.15     -26.21     -27.14     0.00     -24.62     1712937
-28.15     -26.21     -27.14     0.00     -24.69     1714720
-28.37     -26.21     -28.20     0.00     -24.69     1716503
-28.37     -26.43     -28.20     0.00     -24.75     1718285
-28.37     -26.43     -27.14     0.00     -24.75     1720068
-28.37     -26.43     -28.20     0.00     -24.75     1721850
-28.59     -26.21     -28.20     0.00     -24.75     1723632
-28.37     -26.66     -29.25     0.00     -24.81     1725415
-28.59     -26.43     -28.20     0.00     -24.87     1727198
-28.59     -26.66     -28.20     0.00     -24.87     1728979
-28.59     -26.66     -28.20     0.00     -24.94     1730762
-28.81     -26.66     -29.25     0.00     -25.00     1732545
-28.81     -26.66     -28.20     0.00     -25.00     1734327
-28.81     -26.66     -27.14     0.00     -25.06     1736110
-28.81     -26.88     -29.25     0.00     -25.06     1737892
-29.03     -26.88     -28.20     0.00     -25.06     1739674
-28.81     -26.66     -28.20     0.00     -25.12     1741457
-28.81     -26.88     -29.25     0.00     -25.19     1743240
-29.03     -26.88     -28.20     0.00     -25.19     1745021
-28.81     -26.88     -28.20     0.00     -25.25     1746804
-28.81     -26.66     -28.20     0.00     -25.25     1748587
-28.81     -26.88     -29.25     0.00     -25.31     1750369
-29.03     -26.88     -28.20     0.00     -25.31     1752152
-29.03     -26.88     -28.20     0.00     -25.37     1753934
-29.03     -26.88     -29.25     0.00     -25.37     1755717
-29.03     -26.88     -29.25     0.00     -25.44     1757499
-29.26     -26.88     -29.25     0.00     -25.50     1759282
-29.03     -27.11     -29.25     0.00     -25.50     1761064
-29.03     -26.88     -29.25     0.00     -25.50     1762846
-29.03     -26.88     -28.20     0.00     -25.56     1764629
-29.26     -27.11     -29.25     0.00     -25.62     1766412
-29.26     -27.11     -28.20     0.00     -25.62     1768194
-29.26     -27.11     -29.25     0.00     -25.69     1769976
-29.26     -27.11     -29.25     0.00     -25.69     1771759
-29.26     -27.34     -29.25     0.00     -25.69     1773541
-29.49     -27.34     -29.25     0.00     -25.75     1775324
-29.26     -27.34     -29.25     0.00     -25.75     1777106
-29.49     -26.88     -29.25     0.00     -25.81     1778889
-29.49     -27.11     -28.20     0.00     -25.81     1780671
-29.49     -27.11     -29.25     0.00     -25.81     1782454
-29.72     -27.34     -29.25     0.00     -25.87     1784237
-29.49     -27.11     -30.31     0.00     -25.87     1786018
-29.26     -27.34     -29.25     0.00     -25.87     1787801
-29.49     -27.34     -29.25     0.00     -25.87     1789584
-29.72     -27.34     -28.20     0.00     -25.94     1791367
-29.72     -27.34     -28.20     0.00     -25.94     1793148
-29.49     -27.57     -29.25     0.00     -26.00     1794931
-29.72     -27.34     -29.25     0.00     -26.00     1796714
-29.72     -27.34     -29.25     0.00     -26.00     1798496
-29.72     -27.34     -28.20     0.00     -26.00     1800279
-29.72     -27.34     -29.25     0.00     -26.00     1802061
-29.72     -27.34     -29.25     0.00     -26.00     1803843
-29.49     -27.34     -29.25     0.00     -26.00     1805626
-29.72     -27.34     -29.25     0.00     -26.06     1807409
-29.95     -27.34     -30.31     0.00     -26.06     1809190
-29.72     -27.34     -29.25     0.00     -26.12     1810973
-29.72     -27.11     -29.25     0.00     -26.19     1812756
-29.72     -27.34     -28.20     0.00     -26.19     1814539
-29.95     -27.57     -29.25     0.00     -26.25     1816321
-30.18     -28.05     -28.20     0.00     -26.25     1818103
-30.18     -27.57     -29.25     0.00     -26.31     1819886
-29.95     -27.81     -29.25     0.00     -26.37     1821668
-29.95     -27.57     -30.31     0.00     -26.37     1823451
-30.42     -27.81     -29.25     0.00     -26.37     1825233
-29.95     -27.81     -29.25     0.00     -26.44     1827016
-30.18     -28.05     -30.31     0.00     -26.50     1828798
-30.18     -27.81     -30.31     0.00     -26.50     1830581
-30.18     -28.05     -29.25     0.00     -26.56     1832364
-30.42     -28.05     -30.31     0.00     -26.56     1834145
-30.65     -27.81     -30.31     0.00     -26.62     1835928
-30.42     -28.05     -29.25     0.00     -26.69     1837711
-30.42     -28.29     -30.31     0.00     -26.69     1839494
-30.65     -28.29     -29.25     0.00     -26.75     1841275
-30.42     -28.29     -30.31     0.00     -26.81     1843058
-30.65     -28.29     -31.37     0.00     -26.81     1844841
-30.42     -28.29     -30.31     0.00     -26.87     1846623
-30.42     -28.29     -30.31     0.00     -26.87     1848406
-30.42     -28.29     -30.31     0.00     -26.87     1850188
-30.42     -28.29     -30.31     0.00     -26.94     1851970
-30.65     -28.29     -30.31     0.00     -27.00     1853753
-30.65     -28.53     -31.37     0.00     -27.00     1855536
-30.65     -28.53     -30.31     0.00     -27.00     1857318
-30.89     -28.53     -30.31     0.00     -27.06     1859100
-30.65     -28.29     -31.37     0.00     -27.06     1860883
-30.65     -28.53     -30.31     0.00     -27.12     1862666
-30.89     -28.53     -30.31     0.00     -27.12     1864448
-30.89     -28.53     -30.31     0.00     -27.19     1866230
-30.65     -28.53     -29.25     0.00     -27.25     1868013
-31.14     -28.77     -30.31     0.00     -27.19     1869796
-30.89     -29.02     -30.31     0.00     -27.25     1871578
-30.89     -28.53     -31.37     0.00     -27.31     1873360
-31.14     -28.77     -31.37     0.00     -27.31     1875143
-31.14     -29.02     -31.37     0.00     -27.31     1876925
-31.14     -28.77     -30.31     0.00     -27.37     1878708
-31.14     -28.77     -30.31     0.00     -27.44     1880491
-31.14     -28.77     -28.20     0.00     -27.44     1882273
-31.14     -28.77     -30.31     0.00     -27.44     1884055
-31.14     -28.77     -31.37     0.00     -27.50     1885838
-31.14     -28.77     -30.31     0.00     -27.50     1887621
-31.38     -28.77     -31.37     0.00     -27.50     1889402
-31.38     -28.77     -31.37     0.00     -27.56     1891185
-31.62     -29.27     -32.42     0.00     -27.62     1892968
-31.38     -29.02     -31.37     0.00     -27.62     1894751
-31.38     -29.02     -30.31     0.00     -27.69     1896532
-31.38     -29.02     -31.37     0.00     -27.75     1898315
-31.62     -29.02     -30.31     0.00     -27.75     1900098
-31.62     -29.02     -30.31     0.00     -27.81     1901880
-31.62     -29.27     -30.31     0.00     -27.81     1903663
-31.62     -29.27     -30.31     0.00     -27.81     1905445
-31.62     -29.27     -31.37     0.00     -27.94     1907227
-32.12     -29.27     -31.37     0.00     -27.94     1909010
-31.62     -29.27     -31.37     0.00     -27.94     1910793
-31.87     -29.27     -30.31     0.00     -27.94     1912576
-31.62     -29.27     -31.37     0.00     -27.94     1914357
-31.87     -29.52     -31.37     0.00     -28.00     1916140
-31.62     -29.27     -31.37     0.00     -28.06     1917923
-31.87     -29.27     -31.37     0.00     -28.06     1919705
-31.87     -29.52     -31.37     0.00     -28.06     1921487
-31.38     -29.02     -31.37     0.00     -28.12     1923270
-31.87     -29.27     -31.37     0.00     -28.12     1925053
-31.62     -29.27     -31.37     0.00     -28.19     1926835
-31.87     -29.27     -31.37     0.00     -28.19     1928617
-31.87     -29.52     -32.42     0.00     -28.25     1930400
-31.87     -29.52     -31.37     0.00     -28.31     1932182
-31.87     -29.52     -31.37     0.00     -28.31     1933965
-32.12     -29.52     -31.37     0.00     -28.31     1935748
-32.12     -29.52     -31.37     0.00     -28.37     1937530
-31.87     -29.77     -31.37     0.00     -28.37     1939312
-31.87     -30.03     -31.37     0.00     -28.37     1941095
-32.12     -29.77     -31.37     0.00     -28.44     1942878
-32.12     -29.52     -31.37     0.00     -28.44     1944659
-32.12     -29.77     -31.37     0.00     -28.50     1946442
-32.12     -29.52     -31.37     0.00     -28.50     1948225
-32.12     -29.77     -31.37     0.00     -28.50     1950008
-32.37     -29.52     -31.37     0.00     -28.56     1951790
-32.12     -29.77     -32.42     0.00     -28.56     1953572
-32.63     -29.77     -31.37     0.00     -28.62     1955355
-32.37     -29.77     -32.42     0.00     -28.62     1957137
-32.12     -30.03     -32.42     0.00     -28.69     1958920
-32.37     -30.03     -31.37     0.00     -28.75     1960702
-32.37     -30.03     -32.42     0.00     -28.75     1962485
-32.37     -30.03     -31.37     0.00     -28.75     1964267
-32.37     -30.03     -32.42     0.00     -28.75     1966050
-32.63     -30.03     -31.37     0.00     -28.81     1967833
-32.12     -30.03     -32.42     0.00     -28.81     1969614
-32.37     -30.29     -30.31     0.00     -28.81     1971397
-32.88     -30.29     -32.42     0.00     -28.87     1973180
-32.63     -30.29     -32.42     0.00     -28.81     1974962
-32.63     -30.29     -32.42     0.00     -28.94     1976744
-32.63     -30.03     -33.48     0.00     -28.94     1978527
-32.63     -30.29     -32.42     0.00     -28.94     1980310
-32.63     -30.29     -31.37     0.00     -29.00     1982092
-32.88     -30.29     -32.42     0.00     -29.06     1983875
-32.37     -30.03     -32.42     0.00     -29.06     1985657
-32.63     -30.29     -32.42     0.00     -29.12     1987439
-32.88     -30.03     -32.42     0.00     -29.12     1989222
-32.88     -30.29     -32.42     0.00     -29.12     1991005
-32.88     -30.03     -32.42     0.00     -29.19     1992787
-32.63     -30.29     -32.42     0.00     -29.19     1994569
-33.14     -30.55     -32.42     0.00     -29.19     1996352
-32.88     -30.29     -32.42     0.00     -29.25     1998135
-32.88     -30.55     -32.42     0.00     -29.25     1999917
-32.88     -30.29     -32.42     0.00     -29.31     2001699
-32.88     -30.55     -31.37     0.00     -29.31     2003482
-33.14     -30.55     -32.42     0.00     -29.31     2005265
-33.14     -30.55     -32.42     0.00     -29.37     2007047
-32.88     -30.55     -32.42     0.00     -29.37     2008829
-33.14     -30.55     -32.42     0.00     -29.37     2010612
-33.40     -30.55     -32.42     0.00     -29.37     2012394
-33.14     -30.82     -32.42     0.00     -29.44     2014177
-33.14     -30.55     -32.42     0.00     -29.44     2015960
-33.14     -30.82     -31.37     0.00     -29.50     2017742
-33.14     -30.55     -32.42     0.00     -29.56     2019524
-33.14     -30.55     -32.42     0.00     -29.56     2021307
-33.40     -30.82     -31.37     0.00     -29.62     2023090
-32.88     -30.82     -32.42     0.00     -29.56     2024871
-33.40     -30.55     -32.42     0.00     -29.62     2026654
-33.40     -30.82     -32.42     0.00     -29.62     2028437
-33.67     -30.82     -32.42     0.00     -29.69     2030219
-33.40     -30.82     -32.42     0.00     -29.75     2032002
-33.40     -30.82     -34.54     0.00     -29.81     2033784
-33.14     -31.08     -33.48     0.00     -29.75     2035567
-33.67     -30.82     -32.42     0.00     -29.87     2037349
-33.67     -31.08     -32.42     0.00     -29.81     2039132
-33.40     -31.08     -33.48     0.00     -29.81     2040914
-33.67     -31.08     -32.42     0.00     -29.87     2042696
-33.67     -31.08     -34.54     0.00     -29.94     2044479
-33.67     -30.82     -33.48     0.00     -29.94     2046262
-33.67     -31.08     -32.42     0.00     -29.94     2048045
-33.67     -31.08     -32.42     0.00     -30.00     2049826
-33.40     -31.08     -33.48     0.00     -30.00     2051609
-33.40     -31.08     -32.42     0.00     -30.00     2053392
-33.94     -31.35     -32.42     0.00     -30.00     2055174
-33.67     -31.08     -33.48     0.00     -30.06     2056956
-33.94     -31.08     -33.48     0.00     -30.06     2058739
-33.94     -31.35     -33.48     0.00     -30.12     2060521
-33.94     -31.08     -33.48     0.00     -30.12     2062304
-33.67     -31.35     -34.54     0.00     -30.19     2064087
-33.94     -31.35     -33.48     0.00     -30.19     2065869
-33.94     -31.63     -33.48     0.00     -30.19     2067651
-34.21     -31.08     -32.42     0.00     -30.25     2069434
-33.94     -31.35     -33.48     0.00     -30.25     2071217
-33.94     -31.35     -32.42     0.00     -30.31     2072998
-33.94     -31.63     -32.42     0.00     -30.31     2074781
-34.48     -31.35     -33.48     0.00     -30.37     2076564
-33.94     -31.35     -32.42     0.00     -30.44     2078347
-34.21     -31.35     -33.48     0.00     -30.44     2080129
-34.48     -31.63     -33.48     0.00     -30.44     2081911
-33.94     -31.63     -33.48     0.00     -30.50     2083694
-34.21     -31.91     -33.48     0.00     -30.50     2085476
-34.21     -31.63     -32.42     0.00     -30.56     2087259
-33.94     -31.63     -33.48     0.00     -30.56     2089041
-34.21     -31.91     -34.54     0.00     -30.56     2090824
-34.21     -31.63     -33.48     0.00     -30.62     2092606
-34.21     -31.63     -32.42     0.00     -30.62     2094389
-34.21     -31.35     -33.48     0.00     -30.69     2096172
-34.21     -31.63     -33.48     0.00     -30.75     2097954
-34.21     -31.35     -33.48     0.00     -30.75     2099736
-34.21     -31.91     -34.54     0.00     -30.81     2101519
-34.48     -31.91     -32.42     0.00     -30.81     2103302
-34.48     -31.91     -33.48     0.00     -30.87     2105083
-34.75     -32.19     -33.48     0.00     -30.87     2106866
-34.48     -31.91     -33.48     0.00     -30.87     2108649
-34.48     -31.91     -34.54     0.00     -30.87     2110432
-34.75     -32.19     -33.48     0.00     -30.94     2112214
-34.48     -31.91     -32.42     0.00     -30.94     2113996
-34.48     -31.91     -33.48     0.00     -30.94     2115779
-34.48     -31.91     -33.48     0.00     -31.00     2117561
-34.75     -32.19     -34.54     0.00     -31.00     2119344
-34.48     -31.91     -33.48     0.00     -31.00     2121126
-34.75     -31.91     -33.48     0.00     -30.94     2122909
-34.75     -31.91     -33.48     0.00     -31.06     2124691
-34.75     -32.19     -33.48     0.00     -31.06     2126474
-34.75     -32.19     -34.54     0.00     -31.06     2128257
-34.75     -32.19     -34.54     0.00     -31.06     2130038
-35.03     -31.91     -33.48     0.00     -31.12     2131821
-35.03     -31.91     -33.48     0.00     -31.12     2133604
-34.75     -32.19     -33.48     0.00     -31.19     2135387
-34.75     -32.19     -33.48     0.00     -31.19     2137168
-35.03     -32.19     -34.54     0.00     -31.19     2138951
-35.03     -32.19     -34.54     0.00     -31.19     2140734
-35.03     -32.19     -32.42     0.00     -31.25     2142516
-35.03     -32.19     -34.54     0.00     -31.25     2144299
-34.75     -32.47     -34.54     0.00     -31.25     2146081
-34.75     -31.63     -33.48     0.00     -31.31     2147864
-35.03     -32.19     -33.48     0.00     -31.25     2149646
-35.31     -32.19     -35.59     0.00     -31.31     2151429
-35.03     -32.19     -33.48     0.00     -31.31     2153211
-35.03     -31.91     -34.54     0.00     -31.31     2154993
-35.03     -32.19     -34.54     0.00     -31.31     2156776
-35.31     -32.47     -34.54     0.00     -31.37     2158559
-35.03     -32.19     -34.54     0.00     -31.37     2160342
-34.75     -32.19     -34.54     0.00     -31.37     2162123
-35.31     -32.19     -34.54     0.00     -31.44     2163906
-35.31     -32.19     -34.54     0.00     -31.44     2165689
-35.03     -32.19     -34.54     0.00     -31.50     2167472
-35.31     -32.47     -34.54     0.00     -31.50     2169253
-35.31     -32.47     -34.54     0.00     -31.56     2171036
-35.31     -32.47     -34.54     0.00     -31.62     2172819
-35.31     -32.47     -34.54     0.00     -31.62     2174601
-35.31     -32.47     -34.54     0.00     -31.62     2176384
-35.03     -31.91     -34.54     0.00     -31.62     2178166
-35.03     -32.19     -34.54     0.00     -31.69     2179949
-35.31     -32.47     -36.65     0.00     -31.69     2181731
-35.31     -32.47     -34.54     0.00     -31.75     2183514
-35.60     -32.76     -34.54     0.00     -31.75     2185296
-35.60     -32.76     -34.54     0.00     -31.81     2187078
-35.60     -32.76     -34.54     0.00     -31.81     2188861
-35.60     -32.76     -34.54     0.00     -31.87     2190644
-35.60     -32.76     -34.54     0.00     -31.87     2192427
-35.60     -33.34     -34.54     0.00     -31.87     2194208
-35.31     -32.76     -34.54     0.00     -31.87     2195991
-35.60     -32.76     -34.54     0.00     -31.94     2197774
-35.60     -33.05     -35.59     0.00     -31.94     2199557
-35.60     -32.76     -34.54     0.00     -32.00     2201338
-35.88     -33.05     -34.54     0.00     -32.06     2203121
-35.60     -32.76     -34.54     0.00     -32.06     2204904
-35.88     -33.05     -35.59     0.00     -32.13     2206686
-35.60     -33.05     -34.54     0.00     -32.13     2208468
-35.88     -33.34     -35.59     0.00     -32.13     2210251
-35.60     -32.76     -34.54     0.00     -32.19     2212034
-35.60     -33.05     -34.54     0.00     -32.19     2213816
-35.88     -33.05     -35.59     0.00     -32.19     2215599
-35.88     -33.05     -35.59     0.00     -32.25     2217381
-35.88     -33.05     -35.59     0.00     -32.25     2219163
-35.88     -33.34     -35.59     0.00     -32.25     2220946
-36.17     -33.34     -35.59     0.00     -32.31     2222729
-36.17     -33.34     -34.54     0.00     -32.38     2224512
-36.17     -33.34     -35.59     0.00     -32.38     2226293
-36.17     -33.34     -34.54     0.00     -32.44     2228076
-36.17     -33.34     -35.59     0.00     -32.38     2229859
-36.17     -33.05     -35.59     0.00     -32.44     2231642
-36.47     -33.34     -35.59     0.00     -32.44     2233423
-36.47     -33.34     -35.59     0.00     -32.44     2235206
-36.17     -33.34     -35.59     0.00     -32.50     2236989
-36.17     -33.34     -33.48     0.00     -32.50     2238772
-36.17     -33.05     -35.59     0.00     -32.50     2240553
-36.47     -33.05     -34.54     0.00     -32.50     2242336
-36.17     -33.34     -35.59     0.00     -32.56     2244119
-36.17     -33.64     -35.59     0.00     -32.63     2245902
-36.47     -33.34     -35.59     0.00     -32.63     2247684
-36.47     -33.64     -34.54     0.00     -32.69     2249466
-36.17     -33.64     -34.54     0.00     -32.69     2251249
-36.47     -33.64     -35.59     0.00     -32.69     2253031
-36.47     -33.34     -34.54     0.00     -32.69     2254814
-36.47     -33.64     -35.59     0.00     -32.75     2256596
-36.47     -33.64     -36.65     0.00     -32.75     2258379
-36.47     -33.64     -35.59     0.00     -32.75     2260161
-36.17     -33.64     -35.59     0.00     -32.81     2261944
-36.47     -33.34     -36.65     0.00     -32.81     2263727
-36.77     -33.64     -35.59     0.00     -32.88     2265509
-36.47     -33.34     -34.54     0.00     -32.88     2267291
-36.47     -33.64     -35.59     0.00     -32.94     2269074
-36.77     -33.64     -35.59     0.00     -33.00     2270857
-36.77     -33.94     -35.59     0.00     -33.00     2272638
-36.77     -33.94     -36.65     0.00     -33.00     2274421
-36.77     -33.64     -35.59     0.00     -33.00     2276204
-36.77     -33.94     -35.59     0.00     -33.06     2277987
-36.77     -33.94     -35.59     0.00     -33.19     2279769
-37.07     -33.94     -35.59     0.00     -33.13     2281551
-37.07     -33.94     -36.65     0.00     -33.13     2283334
-36.77     -33.94     -36.65     0.00     -33.13     2285117
-36.77     -33.94     -35.59     0.00     -33.19     2286899
-37.07     -33.64     -36.65     0.00     -33.19     2288681
-37.07     -33.94     -36.65     0.00     -33.25     2290464
-37.07     -33.94     -36.65     0.00     -33.31     2292247
-37.07     -34.56     -36.65     0.00     -33.31     2294029
-37.07     -34.56     -36.65     0.00     -33.31     2295812
-37.37     -34.25     -36.65     0.00     -33.31     2297594
-37.37     -34.25     -36.65     0.00     -33.31     2299377
-37.07     -34.25     -36.65     0.00     -33.38     2301159
-36.77     -34.25     -36.65     0.00     -33.38     2302942
-37.07     -34.25     -36.65     0.00     -33.44     2304724
-37.07     -34.56     -36.65     0.00     -33.38     2306507
-37.07     -33.64     -36.65     0.00     -33.44     2308289
-37.07     -34.25     -35.59     0.00     -33.44     2310072
-37.07     -34.25     -36.65     0.00     -33.50     2311855
-37.07     -33.94     -37.70     0.00     -33.50     2313636
-37.37     -34.56     -36.65     0.00     -33.50     2315419
-37.37     -34.25     -36.65     0.00     -33.50     2317202
-37.07     -34.25     -36.65     0.00     -33.50     2318985
-37.37     -34.25     -36.65     0.00     -33.56     2320766
-37.07     -34.56     -37.70     0.00     -33.63     2322549
-37.37     -34.56     -36.65     0.00     -33.69     2324332
-37.37     -34.56     -36.65     0.00     -33.69     2326115
-37.37     -34.25     -36.65     0.00     -33.69     2327897
-37.37     -34.56     -36.65     0.00     -33.75     2329679
-37.68     -34.56     -36.65     0.00     -33.75     2331462
-37.37     -33.94     -35.59     0.00     -33.81     2333245
-37.68     -34.88     -36.65     0.00     -33.81     2335027
-37.68     -34.56     -36.65     0.00     -33.81     2336809
-37.99     -34.56     -36.65     0.00     -33.81     2338592
-37.68     -34.25     -36.65     0.00     -33.88     2340375
-37.37     -34.25     -36.65     0.00     -33.88     2342157
-37.68     -34.56     -36.65     0.00     -33.88     2343940
-37.68     -34.88     -36.65     0.00     -33.94     2345722
-37.68     -34.88     -36.65     0.00     -33.94     2347505
-37.99     -34.88     -37.70     0.00     -33.94     2349287
-37.68     -34.88     -36.65     0.00     -34.00     2351070
-37.68     -34.88     -36.65     0.00     -34.00     2352852
-37.99     -34.88     -36.65     0.00     -34.00     2354634
-37.68     -34.56     -36.65     0.00     -34.06     2356417
-37.99     -34.56     -36.65     0.00     -34.06     2358200
-37.68     -34.56     -34.54     0.00     -34.06     2359983
-37.68     -34.88     -37.70     0.00     -34.13     2361764
-37.99     -34.88     -36.65     0.00     -34.13     2363547
-37.99     -35.20     -36.65     0.00     -34.13     2365330
-37.99     -34.56     -36.65     0.00     -34.13     2367113
-37.99     -34.88     -36.65     0.00     -34.19     2368894
-37.99     -34.88     -36.65     0.00     -34.19     2370677
-37.99     -34.88     -36.65     0.00     -34.25     2372460
-37.99     -34.88     -37.70     0.00     -34.25     2374243
-37.99     -34.88     -36.65     0.00     -34.25     2376025
-37.99     -34.88     -38.76     0.00     -34.25     2377807
-38.31     -34.88     -37.70     0.00     -34.31     2379590
-37.68     -34.88     -36.65     0.00     -34.31     2381373
-37.99     -35.20     -37.70     0.00     -34.38     2383155
-37.99     -34.88     -37.70     0.00     -34.38     2384937
-37.99     -35.20     -37.70     0.00     -34.38     2386720
-37.99     -35.52     -35.59     0.00     -34.44     2388503
-38.31     -35.20     -37.70     0.00     -34.44     2390285
-38.31     -34.88     -37.70     0.00     -34.50     2392068
-38.31     -35.85     -37.70     0.00     -34.50     2393850
-37.99     -35.20     -38.76     0.00     -34.50     2395632
-38.63     -35.20     -37.70     0.00     -34.50     2397415
-38.31     -35.52     -37.70     0.00     -34.50     2399198
-38.31     -35.20     -37.70     0.00     -34.63     2400980
-38.31     -35.85     -37.70     0.00     -34.63     2402762
-38.31     -35.52     -37.70     0.00     -34.69     2404545
-38.31     -35.20     -37.70     0.00     -34.69     2406328
-38.31     -35.20     -37.70     0.00     -34.69     2408111
-38.31     -35.52     -37.70     0.00     -34.69     2409892
-38.31     -35.52     -37.70     0.00     -34.75     2411675
-38.63     -35.52     -37.70     0.00     -34.75     2413458
-38.31     -35.52     -37.70     0.00     -34.75     2415240
-38.31     -35.85     -37.70     0.00     -34.75     2417022
-38.63     -35.52     -36.65     0.00     -34.75     2418805
-38.63     -35.20     -37.70     0.00     -34.75     2420588
-38.31     -35.52     -37.70     0.00     -34.81     2422370
-38.31     -35.52     -37.70     0.00     -34.81     2424153
-38.31     -35.85     -36.65     0.00     -34.88     2425935
-38.63     -35.52     -37.70     0.00     -34.88     2427718
-38.63     -35.85     -37.70     0.00     -34.88     2429500
-38.63     -35.85     -37.70     0.00     -34.88     2431283
-38.63     -35.52     -36.65     0.00     -34.94     2433065
-38.95     -35.20     -37.70     0.00     -34.94     2434848
-38.63     -35.52     -37.70     0.00     -35.00     2436630
-38.63     -35.85     -37.70     0.00     -35.00     2438413
-38.63     -35.52     -37.70     0.00     -35.00     2440196
-38.95     -35.52     -37.70     0.00     -35.06     2441978
-38.63     -35.52     -36.65     0.00     -35.06     2443760
-38.95     -35.52     -37.70     0.00     -35.13     2445543
-38.63     -35.85     -37.70     0.00     -35.13     2447326
-38.95     -35.85     -37.70     0.00     -35.13     2449107
-38.95     -35.85     -37.70     0.00     -35.13     2450890
-38.63     -35.52     -37.70     0.00     -35.19     2452673
-38.95     -36.18     -37.70     0.00     -35.19     2454456
-38.95     -35.85     -37.70     0.00     -35.19     2456238
-38.95     -36.18     -38.76     0.00     -35.19     2458020
-38.95     -35.85     -37.70     0.00     -35.25     2459803
-38.95     -35.85     -37.70     0.00     -35.31     2461586
-38.63     -35.52     -37.70     0.00     -35.31     2463368
-38.95     -35.85     -37.70     0.00     -35.31     2465150
-38.95     -35.85     -37.70     0.00     -35.31     2466933
-38.95     -35.85     -38.76     0.00     -35.38     2468715
-39.28     -35.85     -37.70     0.00     -35.38     2470498
-38.95     -36.18     -37.70     0.00     -35.44     2472281
-39.28     -35.85     -38.76     0.00     -35.44     2474063
-39.28     -36.18     -38.76     0.00     -35.44     2475845
-39.61     -36.18     -38.76     0.00     -35.44     2477628
-38.63     -35.85     -38.76     0.00     -35.50     2479411
-39.28     -36.18     -37.70     0.00     -35.50     2481193
-39.28     -36.18     -38.76     0.00     -35.56     2482975
-39.28     -36.52     -38.76     0.00     -35.56     2484758
-38.63     -36.18     -38.76     0.00     -35.56     2486541
-39.28     -36.18     -37.70     0.00     -35.56     2488324
-39.28     -36.52     -38.76     0.00     -35.63     2490105
-39.28     -36.52     -38.76     0.00     -35.63     2491888
-39.28     -36.18     -37.70     0.00     -35.63     2493671
-38.95     -36.18     -36.65     0.00     -35.69     2495453
-39.28     -35.85     -38.76     0.00     -35.69     2497235
-39.28     -36.18     -38.76     0.00     -35.69     2499018
-39.28     -36.52     -38.76     0.00     -35.69     2500801
-39.61     -36.18     -38.76     0.00     -35.75     2502583
-39.61     -36.52     -38.76     0.00     -35.75     2504366
-39.28     -36.52     -39.81     0.00     -35.75     2506148
-39.61     -36.52     -38.76     0.00     -35.75     2507931
-39.61     -36.52     -38.76     0.00     -35.81     2509713
-39.61     -36.52     -38.76     0.00     -35.81     2511496
-39.95     -36.52     -38.76     0.00     -35.88     2513278
-39.61     -36.52     -38.76     0.00     -35.88     2515060
-39.61     -36.52     -38.76     0.00     -35.94     2516843
-39.61     -36.52     -38.76     0.00     -35.94     2518626
-39.61     -36.52     -38.76     0.00     -35.94     2520409
-39.61     -36.52     -38.76     0.00     -35.94     2522190
-39.61     -35.85     -38.76     0.00     -36.00     2523973
-39.95     -36.52     -38.76     0.00     -36.00     2525756
-39.95     -36.18     -38.76     0.00     -36.06     2527539
-39.95     -36.87     -38.76     0.00     -36.06     2529320
-39.28     -36.87     -38.76     0.00     -36.06     2531103
-39.61     -36.52     -38.76     0.00     -36.06     2532886
-39.95     -36.87     -39.81     0.00     -36.13     2534668
-39.95     -36.87     -38.76     0.00     -36.13     2536451
-39.61     -36.52     -38.76     0.00     -36.19     2538233
-39.95     -36.87     -38.76     0.00     -36.19     2540016
-39.95     -36.18     -38.76     0.00     -36.25     2541798
-39.95     -36.52     -39.81     0.00     -36.25     2543581
-39.28     -36.87     -39.81     0.00     -36.25     2545363
-39.95     -36.87     -36.65     0.00     -36.25     2547146
-39.95     -36.87     -38.76     0.00     -36.25     2548928
-39.95     -36.52     -38.76     0.00     -36.31     2550711
-39.28     -36.87     -38.76     0.00     -36.31     2552494
-39.95     -36.87     -38.76     0.00     -36.31     2554275
-39.95     -36.87     -39.81     0.00     -36.38     2556058
-39.61     -36.87     -40.87     0.00     -36.38     2557841
-39.95     -36.87     -39.81     0.00     -36.38     2559624
-39.61     -36.52     -38.76     0.00     -36.44     2561405
-39.95     -36.87     -37.70     0.00     -36.50     2563188
-40.29     -37.22     -38.76     0.00     -36.50     2564971
-39.95     -37.22     -38.76     0.00     -36.50     2566753
-40.29     -36.87     -39.81     0.00     -36.50     2568536
-40.29     -37.22     -38.76     0.00     -36.56     2570318
-39.95     -37.22     -40.87     0.00     -36.56     2572101
-40.29     -37.22     -39.81     0.00     -36.56     2573883
-39.95     -36.87     -37.70     0.00     -36.50     2575666
-39.95     -36.87     -39.81     0.00     -36.56     2577448
-40.64     -36.87     -39.81     0.00     -36.56     2579231
-40.29     -36.87     -39.81     0.00     -36.56     2581013
-39.95     -36.87     -38.76     0.00     -36.63     2582796
-40.29     -36.87     -38.76     0.00     -36.63     2584579
-40.29     -36.87     -39.81     0.00     -36.63     2586360
-40.29     -36.87     -38.76     0.00     -36.63     2588143
-40.29     -36.87     -39.81     0.00     -36.63     2589926
-40.29     -36.87     -40.87     0.00     -36.63     2591709
-40.64     -36.87     -38.76     0.00     -36.63     2593490
-40.29     -36.87     -39.81     0.00     -36.63     2595273
-40.29     -36.87     -39.81     0.00     -36.63     2597056
-40.29     -37.22     -38.76     0.00     -36.63     2598838
-40.29     -36.87     -38.76     0.00     -36.69     2600621
-40.29     -37.22     -39.81     0.00     -36.69     2602403
-40.29     -37.22     -38.76     0.00     -36.69     2604186
-40.29     -36.87     -38.76     0.00     -36.69     2605968
-40.29     -36.87     -39.81     0.00     -36.69     2607751
-40.29     -36.52     -39.81     0.00     -36.69     2609533
-40.29     -36.87     -39.81     0.00     -36.69     2611315
-40.64     -36.87     -39.81     0.00     -36.69     2613098
-40.64     -36.87     -39.81     0.00     -36.75     2614881
-40.29     -36.87     -39.81     0.00     -36.75     2616664
-40.29     -36.87     -39.81     0.00     -36.75     2618445
-40.29     -36.87     -38.76     0.00     -36.69     2620228
-40.29     -36.87     -39.81     0.00     -36.75     2622011
-40.29     -36.87     -38.76     0.00     -36.75     2623793
-40.29     -37.22     -39.81     0.00     -36.75     2625575
-40.29     -36.87     -38.76     0.00     -36.75     2627358
-40.29     -36.52     -39.81     0.00     -36.75     2629141
-40.29     -36.87     -39.81     0.00     -36.75     2630923
-39.95     -36.87     -39.81     0.00     -36.75     2632706
-40.64     -36.87     -39.81     0.00     -36.75     2634488
-40.29     -36.87     -39.81     0.00     -36.75     2636270
-40.29     -36.87     -39.81     0.00     -36.81     2638053
-40.64     -36.87     -38.76     0.00     -36.81     2639836
-40.64     -36.87     -38.76     0.00     -36.81     2641618
-40.29     -36.87     -39.81     0.00     -36.81     2643400
-40.29     -36.87     -38.76     0.00     -36.81     2645183
-40.29     -36.87     -39.81     0.00     -36.88     2646966
-40.64     -36.87     -38.76     0.00     -36.88     2648748
-40.64     -36.87     -38.76     0.00     -36.88     2650530
-40.64     -37.22     -38.76     0.00     -36.88     2652313
-40.64     -37.57     -39.81     0.00     -36.88     2654096
-40.64     -37.22     -40.87     0.00     -36.94     2655878
-40.64     -37.22     -39.81     0.00     -36.94     2657660
-40.64     -37.57     -38.76     0.00     -36.94     2659443
-40.29     -36.87     -39.81     0.00     -36.94     2661225
-40.64     -37.22     -39.81     0.00     -36.94     2663008
-40.64     -36.87     -38.76     0.00     -36.94     2664791
-40.64     -37.22     -39.81     0.00     -36.94     2666573
-40.64     -37.22     -37.70     0.00     -36.94     2668355
-40.29     -37.22     -39.81     0.00     -36.94     2670138
-40.64     -37.22     -38.76     0.00     -36.94     2671921
-40.64     -37.22     -39.81     0.00     -36.88     2673702
-40.64     -36.87     -39.81     0.00     -36.94     2675485
-40.29     -36.87     -36.65     0.00     -36.94     2677268
-40.64     -36.52     -39.81     0.00     -36.88     2679051
-40.29     -36.87     -37.70     0.00     -36.88     2680833
-40.64     -36.87     -38.76     0.00     -36.88     2682615
-40.64     -36.87     -39.81     0.00     -36.94     2684398
-40.99     -37.22     -39.81     0.00     -36.94     2686180
-40.64     -37.22     -38.76     0.00     -36.94     2687963
-40.64     -37.22     -38.76     0.00     -36.94     2689745
-40.29     -36.87     -39.81     0.00     -37.00     2691528
-40.64     -36.87     -39.81     0.00     -37.00     2693310
-40.64     -36.87     -39.81     0.00     -37.00     2695093
-40.64     -37.22     -38.76     0.00     -37.00     2696876
-40.29     -36.87     -37.70     0.00     -37.00     2698657
-40.99     -36.87     -39.81     0.00     -37.06     2700440
-40.99     -36.87     -40.87     0.00     -37.06     2702223
-40.99     -37.22     -39.81     0.00     -37.06     2704006
-40.64     -37.22     -39.81     0.00     -37.06     2705787
-40.64     -37.22     -37.70     0.00     -37.13     2707570
-40.64     -37.22     -39.81     0.00     -37.13     2709353
-40.64     -36.87     -39.81     0.00     -37.19     2711135
-40.64     -37.22     -39.81     0.00     -37.13     2712918
-40.99     -37.22     -38.76     0.00     -37.19     2714700
-40.64     -37.22     -38.76     0.00     -37.13     2716483
-40.64     -37.22     -39.81     0.00     -37.19     2718265
-40.64     -37.22     -39.81     0.00     -37.13     2720048
-40.64     -37.57     -38.76     0.00     -37.13     2721830
-40.99     -37.22     -38.76     0.00     -37.19     2723612
-40.64     -37.22     -40.87     0.00     -37.13     2725395
-40.64     -36.87     -38.76     0.00     -37.13     2727178
-40.64     -36.87     -39.81     0.00     -37.13     2728961
-40.29     -36.87     -38.76     0.00     -37.06     2730742
-40.29     -36.87     -39.81     0.00     -37.06     2732525
-40.99     -37.22     -39.81     0.00     -37.06     2734308
-40.64     -36.52     -38.76     0.00     -37.06     2736090
-40.64     -36.52     -39.81     0.00     -37.13     2737872
-40.64     -36.87     -37.70     0.00     -37.06     2739655
-40.64     -36.87     -39.81     0.00     -37.13     2741438
-40.99     -36.87     -38.76     0.00     -37.13     2743220
-40.64     -36.87     -38.76     0.00     -37.13     2745003
-40.29     -37.22     -39.81     0.00     -37.06     2746785
-40.99     -36.87     -38.76     0.00     -37.13     2748567
-40.99     -36.87     -38.76     0.00     -37.13     2750350
-40.64     -36.52     -38.76     0.00     -37.13     2752133
-40.64     -37.22     -39.81     0.00     -37.13     2753915
-40.99     -37.22     -39.81     0.00     -37.19     2755697
-40.99     -37.22     -39.81     0.00     -37.19     2757480
-40.64     -36.87     -38.76     0.00     -37.19     2759263
-40.64     -37.22     -39.81     0.00     -37.19     2761044
-40.64     -37.22     -38.76     0.00     -37.19     2762827
-40.64     -36.87     -39.81     0.00     -37.19     2764610
-40.64     -36.87     -39.81     0.00     -37.19     2766393
-40.64     -36.87     -39.81     0.00     -37.25     2768175
-40.64     -36.52     -38.76     0.00     -37.25     2769957
-40.64     -37.22     -37.70     0.00     -37.25     2771740
-40.64     -36.87     -39.81     0.00     -37.25     2773522
-39.95     -37.22     -36.65     0.00     -37.25     2775305
-40.99     -37.22     -39.81     0.00     -37.31     2777088
-40.64     -37.22     -38.76     0.00     -37.31     2778870
-40.64     -37.22     -39.81     0.00     -37.31     2780652
-40.99     -37.22     -39.81     0.00     -37.31     2782435
-40.99     -37.57     -38.76     0.00     -37.38     2784218
-40.64     -37.57     -38.76     0.00     -37.31     2786000
-41.35     -37.22     -39.81     0.00     -37.38     2787782
-40.99     -37.22     -39.81     0.00     -37.38     2789565
-40.64     -36.87     -39.81     0.00     -37.38     2791348
-40.64     -36.87     -39.81     0.00     -37.38     2793129
-40.99     -37.22     -39.81     0.00     -37.31     2794912
-40.99     -37.22     -39.81     0.00     -37.31     2796695
-40.64     -37.22     -39.81     0.00     -37.31     2798478
-40.64     -37.22     -39.81     0.00     -37.31     2800260
-40.64     -36.87     -39.81     0.00     -37.31     2802042
-40.64     -36.87     -39.81     0.00     -37.31     2803825
-40.99     -36.87     -39.81     0.00     -37.31     2805607
-40.64     -36.87     -37.70     0.00     -37.31     2807390
-40.29     -36.87     -39.81     0.00     -37.31     2809172
-40.99     -36.87     -39.81     0.00     -37.31     2810955
-40.99     -36.87     -39.81     0.00     -37.31     2812737
-40.64     -36.87     -39.81     0.00     -37.31     2814520
-40.29     -37.22     -39.81     0.00     -37.31     2816303
-40.64     -37.57     -38.76     0.00     -37.31     2818084
-40.64     -36.87     -39.81     0.00     -37.31     2819867
-40.64     -36.87     -39.81     0.00     -37.38     2821650
-40.64     -37.22     -38.76     0.00     -37.38     2823433
-40.99     -37.22     -39.81     0.00     -37.31     2825214
-40.99     -37.57     -38.76     0.00     -37.38     2826997
-40.99     -37.22     -38.76     0.00     -37.38     2828780
-40.64     -36.87     -39.81     0.00     -37.44     2830562
-41.35     -37.22     -39.81     0.00     -37.44     2832345
-40.99     -37.57     -38.76     0.00     -37.38     2834127
-40.64     -36.87     -39.81     0.00     -37.44     2835910
-40.99     -36.87     -39.81     0.00     -37.44     2837692
-40.99     -36.87     -39.81     0.00     -37.44     2839475
-40.64     -37.22     -39.81     0.00     -37.44     2841257
-40.99     -37.57     -39.81     0.00     -37.44     2843039
-40.64     -37.22     -39.81     0.00     -37.44     2844822
-40.99     -36.87     -39.81     0.00     -37.44     2846605
-40.99     -37.22     -39.81     0.00     -37.44     2848388
-40.99     -37.22     -38.76     0.00     -37.44     2850169
-40.99     -37.57     -38.76     0.00     -37.44     2851952
-40.99     -37.22     -39.81     0.00     -37.44     2853735
-40.29     -36.87     -39.81     0.00     -37.44     2855517
-40.99     -37.22     -39.81     0.00     -37.44     2857299
-40.99     -37.22     -39.81     0.00     -37.44     2859082
-40.64     -36.87     -38.76     0.00     -37.38     2860865
-40.99     -37.22     -39.81     0.00     -37.44     2862647
-40.99     -36.87     -39.81     0.00     -37.38     2864430
-40.99     -36.87     -39.81     0.00     -37.44     2866212
-40.99     -36.52     -39.81     0.00     -37.38     2867994
-40.64     -36.87     -39.81     0.00     -37.44     2869777
-40.99     -36.52     -39.81     0.00     -37.38     2871560
-40.99     -37.22     -39.81     0.00     -37.44     2873342
-40.99     -36.87     -38.76     0.00     -37.38     2875124
-41.35     -37.57     -38.76     0.00     -37.44     2876907
-40.64     -36.87     -39.81     0.00     -37.44     2878690
-40.99     -36.87     -39.81     0.00     -37.44     2880472
-40.64     -37.22     -37.70     0.00     -37.44     2882254
-40.99     -37.22     -39.81     0.00     -37.44     2884037
-40.99     -37.22     -37.70     0.00     -37.44     2885820
-40.99     -37.22     -39.81     0.00     -37.50     2887602
-40.99     -36.52     -38.76     0.00     -37.44     2889384
-40.99     -37.22     -38.76     0.00     -37.44     2891167
-40.64     -36.87     -39.81     0.00     -37.50     2892949
-40.99     -37.22     -39.81     0.00     -37.50     2894732
-40.99     -37.57     -38.76     0.00     -37.50     2896515
-41.35     -37.57     -38.76     0.00     -37.56     2898297
-40.99     -37.22     -39.81     0.00     -37.56     2900079
-40.99     -36.87     -39.81     0.00     -37.50     2901862
-40.99     -37.22     -38.76     0.00     -37.56     2903645
-40.99     -37.22     -39.81     0.00     -37.50     2905426
-40.99     -37.22     -36.65     0.00     -37.56     2907209
-40.64     -37.57     -39.81     0.00     -37.56     2908992
-40.99     -37.22     -39.81     0.00     -37.56     2910775
-40.99     -37.22     -39.81     0.00     -37.56     2912557
-40.99     -37.22     -39.81     0.00     -37.50     2914339
-40.99     -37.22     -39.81     0.00     -37.50     2916122
-40.99     -37.22     -40.87     0.00     -37.50     2917904
-41.35     -37.22     -39.81     0.00     -37.50     2919687
-40.99     -36.87     -38.76     0.00     -37.50     2921469
-40.99     -36.52     -39.81     0.00     -37.44     2923252
-40.99     -37.22     -40.87     0.00     -37.50     2925034
-41.35     -37.22     -39.81     0.00     -37.50     2926817
-40.99     -37.22     -39.81     0.00     -37.50     2928600
-40.99     -37.22     -39.81     0.00     -37.44     2930381
-40.99     -36.87     -38.76     0.00     -37.44     2932164
-40.99     -36.87     -39.81     0.00     -37.50     2933947
-40.64     -36.87     -39.81     0.00     -37.50     2935730
-40.99     -36.87     -39.81     0.00     -37.50     2937511
-40.99     -36.87     -39.81     0.00     -37.50     2939294
-40.99     -37.22     -38.76     0.00     -37.50     2941077

