24.04     24.15     24.38     0
24.04     24.27     24.38     1013
24.04     24.15     24.38     2027
24.04     24.27     24.49     3041
23.93     24.27     24.49     4055
23.93     24.27     24.49     5068
23.82     24.38     24.60     6083
23.82     24.49     24.72     7097
23.59     24.60     24.83     8111
23.59     24.72     24.94     9124
23.37     24.83     25.06     10138
23.25     24.94     25.06     11152
23.14     25.06     25.17     12166
23.03     25.06     25.28     13179
22.81     25.28     25.40     14194
22.58     25.51     25.40     15208
22.36     25.62     25.62     16222
22.25     25.74     25.62     17236
22.03     25.85     25.74     18250
21.80     25.97     25.74     19264
21.69     26.08     25.85     20278
21.47     26.19     25.97     21292
21.25     26.31     25.97     22305
21.03     26.42     26.08     23320
20.81     26.54     26.19     24334
20.59     26.65     26.19     25348
20.47     26.77     26.31     26361
20.14     26.88     26.31     27375
20.03     27.00     26.42     28389
19.81     27.11     26.54     29403
19.59     27.23     26.54     30417
19.37     27.34     26.54     31431
19.15     27.34     26.65     32445
18.93     27.46     26.77     33459
18.71     27.57     26.77     34472
18.49     27.69     26.88     35486
18.27     27.80     26.88     36500
18.05     27.80     27.00     37514
17.94     27.92     27.00     38528
17.73     27.92     27.00     39542
17.51     28.03     27.11     40556
17.29     28.15     27.11     41570
17.07     28.27     27.23     42584
16.85     28.27     27.23     43597
16.74     28.38     27.34     44611
16.52     28.50     27.34     45625
16.30     28.50     27.34     46639
16.08     28.50     27.46     47652
15.87     28.61     27.34     48666
15.76     28.61     27.57     49680
15.54     28.73     27.57     50694
15.32     28.73     27.57     51707
15.10     28.85     27.69     52721
14.99     28.85     27.69     53735
14.77     28.85     27.69     54749
14.56     28.96     27.80     55762
14.34     28.96     27.92     56776
14.23     28.96     27.80     57790
14.01     29.08     27.92     58804
13.90     29.08     27.92     59817
13.68     29.08     27.92     60831
13.46     29.20     28.03     61845
13.35     29.20     28.03     62859
13.14     29.20     28.15     63872
12.92     29.20     28.15     64885
12.81     29.31     28.15     65899
12.59     29.31     28.27     66913
12.48     29.31     28.27     67927
12.26     29.31     28.27     68940
12.04     29.31     28.27     69955
11.93     29.43     28.27     70969
11.72     29.43     28.38     71983
11.61     29.43     28.38     72995
11.39     29.43     28.38     74009
11.28     29.43     28.38     75023
11.06     29.43     28.50     76037
10.95     29.43     28.50     77050
10.84     29.55     28.50     78064
10.62     29.55     28.50     79078
10.51     29.55     28.61     80092
10.29     29.43     28.61     81105
10.18     29.55     28.61     82119
9.96     29.55     28.61     83133
9.85     29.55     28.61     84147
9.74     29.55     28.73     85160
9.52     29.55     28.73     86174
9.41     29.55     28.73     87188
9.30     29.55     28.85     88202
9.19     29.55     28.73     89216
9.08     29.55     28.85     90229
8.86     29.55     28.85     91243
8.75     29.55     28.85     92257
8.53     29.55     28.96     93271
8.42     29.55     28.85     94285
8.31     29.55     28.96     95299
8.20     29.55     28.85     96313
7.98     29.55     28.96     97327
7.86     29.55     28.96     98340
7.75     29.55     28.96     99354
7.64     29.55     28.96     100369
7.53     29.55     28.96     101383
7.42     29.55     28.96     102396
7.20     29.55     29.08     103410
7.09     29.43     29.08     104424
6.98     29.43     29.08     105439
6.86     29.43     29.08     106452
6.75     29.43     29.08     107466
6.64     29.43     29.20     108480
6.53     29.43     29.20     109495
6.42     29.43     29.20     110509
6.20     29.43     29.20     111522
6.08     29.43     29.20     112536
5.97     29.31     29.20     113550
5.86     29.31     29.31     114564
5.75     29.31     29.43     115577
5.64     29.31     29.31     116592
5.52     29.31     29.31     117606
5.41     29.31     29.31     118620
5.30     29.31     29.31     119633
5.19     29.31     29.31     120648
5.07     29.20     29.31     121662
4.96     29.20     29.31     122676
4.85     29.20     29.43     123689
4.74     29.08     29.43     124703
4.62     29.20     29.43     125717
4.51     29.08     29.43     126732
4.40     29.20     29.43     127746
4.28     29.08     29.43     128759
4.17     29.08     29.43     129773
4.17     29.08     29.55     130787
4.06     29.08     29.55     131801
3.83     28.96     29.55     132814
3.83     29.08     29.43     133829
3.72     29.08     29.55     134843
3.60     28.96     29.55     135857
3.49     28.85     29.55     136870
3.37     28.96     29.55     137884
3.26     28.96     29.55     138898
3.15     28.85     29.55     139912
3.15     28.85     29.67     140925
3.03     28.85     29.67     141939
2.92     28.85     29.67     142953
2.80     28.85     29.67     143968
2.69     28.85     29.67     144982
2.57     28.85     29.67     145995
2.57     28.73     29.67     147009
2.46     28.73     29.67     148023
2.34     28.73     29.67     149037
2.23     28.73     29.78     150050
2.11     28.73     29.67     151064
2.11     28.61     29.78     152078
2.00     28.61     29.78     153092
1.88     28.61     29.67     154105
1.77     28.61     29.78     155119
1.77     28.61     29.78     156134
1.65     28.50     29.78     157148
1.53     28.50     29.78     158161
1.42     28.50     29.78     159175
1.42     28.50     29.78     160189
1.30     28.50     29.78     161203
1.30     28.50     29.78     162216
1.19     28.50     29.78     163230
1.07     28.38     29.78     164244
0.95     28.38     29.78     165258
0.95     28.38     29.78     166272
0.84     28.38     29.78     167285
0.72     28.27     29.78     168299
0.60     28.27     29.78     169313
0.60     28.27     29.78     170328
0.49     28.38     29.78     171341
0.37     28.27     29.78     172355
0.37     28.27     29.90     173369
0.25     28.15     29.90     174383
0.25     28.15     29.78     175396
0.13     28.27     29.90     176410
0.02     28.15     29.78     177424
0.02     28.15     29.78     178438
-0.10     28.03     29.90     179451
-0.22     28.03     29.90     180465
-0.22     28.03     29.90     181480
-0.34     28.03     29.90     182494
-0.46     28.03     29.90     183507
-0.46     27.92     29.90     184521
-0.57     27.92     29.90     185535
-0.57     27.92     29.90     186549
-0.69     27.92     29.90     187564
-0.69     27.92     29.90     188577
-0.81     27.80     29.90     189591
-0.93     27.80     29.90     190605
-0.93     27.80     29.90     191619
-1.05     27.80     30.02     192632
-1.05     27.69     29.90     193646
-1.17     27.69     29.90     194660
-1.29     27.69     29.90     195674
-1.29     27.69     30.02     196688
-1.29     27.69     30.02     197702
-1.41     27.69     29.90     198716
-1.53     27.57     29.90     199730
-1.53     27.57     29.90     200743
-1.65     27.57     30.02     201757
-1.77     27.57     30.02     202771
-1.77     27.57     29.90     203786
-1.89     27.46     30.02     204800
-1.89     27.46     30.02     205813
-2.01     27.46     30.02     206827
-2.01     27.46     30.02     207841
-2.13     27.46     30.02     208855
-2.13     27.57     30.02     209868
-2.25     27.34     30.02     210883
-2.25     27.34     30.02     211897
-2.37     27.34     30.02     212911
-2.37     27.34     30.02     213924
-2.37     27.34     30.02     214938
-2.49     27.23     30.02     215952
-2.61     27.23     30.02     216966
-2.61     27.23     30.02     217980
-2.61     27.23     30.02     218994
-2.73     27.23     30.02     220008
-2.86     27.23     30.02     221022
-2.86     27.11     30.02     222035
-2.86     27.11     30.02     223049
-2.98     27.11     30.14     224063
-2.98     27.11     30.14     225077
-3.10     27.11     30.14     226091
-3.10     27.00     30.14     227105
-3.22     27.00     30.14     228119
-3.22     27.00     30.14     229133
-3.34     27.00     30.14     230147
-3.34     27.00     30.14     231160
-3.34     27.00     30.14     232174
-3.47     26.88     30.14     233188
-3.47     26.88     30.14     234202
-3.59     26.88     30.14     235215
-3.59     26.88     30.14     236229
-3.71     26.88     30.14     237244
-3.71     26.88     30.14     238258
-3.71     26.77     30.14     239271
-3.84     26.88     30.14     240285
-3.84     26.77     30.14     241299
-3.84     26.77     30.14     242313
-3.96     26.77     30.14     243326
-3.96     26.77     30.14     244340
-4.08     26.77     30.14     245354
-4.08     26.65     30.14     246368
-4.08     26.65     30.14     247382
-4.21     26.65     30.14     248396
-4.21     26.65     30.14     249410
-4.33     26.65     30.14     250424
-4.33     26.65     30.14     251438
-4.33     26.54     30.14     252451
-4.46     26.54     30.26     253465
-4.46     26.54     30.14     254479
-4.46     26.54     30.14     255493
-4.58     26.54     30.14     256506
-4.58     26.54     30.14     257521
-4.58     26.54     30.14     258535
-4.71     26.54     30.14     259549
-4.71     26.42     30.14     260562
-4.71     26.42     30.14     261576
-4.83     26.42     30.14     262590
-4.83     26.42     30.14     263604
-4.83     26.42     30.14     264617
-4.96     26.42     30.14     265631
-4.96     26.31     30.14     266645
-4.96     26.31     30.14     267659
-5.08     26.31     30.14     268673
-5.08     26.31     30.14     269686
-5.08     26.31     30.14     270700
-5.21     26.31     30.14     271715
-5.21     26.31     30.14     272729
-5.21     26.31     30.14     273742
-5.21     26.19     30.14     274756
-5.33     26.19     30.14     275770
-5.46     26.19     30.14     276784
-5.46     26.19     30.14     277797
-5.46     26.19     30.14     278811
-5.46     26.08     30.14     279826
-5.46     26.08     30.26     280840
-5.59     26.08     30.14     281853
-5.59     26.19     30.14     282867
-5.59     26.08     30.14     283881
-5.71     26.08     30.14     284895
-5.71     25.97     30.14     285908
-5.71     26.08     30.14     286922
-5.84     25.97     30.14     287936
-5.84     25.97     30.14     288950
-5.84     25.97     30.14     289964
-5.97     25.97     30.02     290977
-5.97     25.97     30.14     291991
-5.97     25.97     30.14     293005
-5.97     25.85     30.14     294020
-6.09     25.85     30.14     295033
-6.09     25.85     30.14     296047
-6.09     25.85     30.14     297061
-6.09     25.85     30.14     298075
-6.22     25.85     30.14     299088
-6.22     25.74     30.14     300102
-6.35     25.74     30.14     301116
-6.35     25.74     30.14     302130
-6.35     25.74     30.14     303143
-6.48     25.74     30.14     304157
-6.35     25.74     30.14     305171
-6.48     25.74     30.14     306185
-6.48     25.74     30.14     307198
-6.48     25.74     30.14     308212
-6.48     25.62     30.14     309227
-6.61     25.62     30.14     310241
-6.61     25.62     30.14     311255
-6.74     25.62     30.14     312268
-6.74     25.62     30.02     313282
-6.74     25.62     30.14     314296
-6.74     25.62     30.14     315311
-6.74     25.62     30.14     316324
-6.86     25.51     30.14     317338
-6.86     25.51     30.14     318352
-6.86     25.51     30.02     319366
-6.86     25.51     30.14     320379
-6.99     25.51     30.02     321393
-6.99     25.51     30.14     322408
-6.99     25.51     30.02     323422
-6.99     25.40     30.02     324435
-7.12     25.40     30.14     325449
-7.12     25.40     30.02     326463
-7.12     25.40     30.14     327477
-7.12     25.40     30.14     328491
-7.12     25.40     30.14     329504
-7.25     25.40     30.14     330518
-7.25     25.40     30.14     331532
-7.25     25.40     30.02     332547
-7.25     25.40     30.02     333560
-7.25     25.28     30.02     334574
-7.38     25.28     30.02     335588
-7.38     25.28     30.02     336602
-7.38     25.28     30.02     337615
-7.38     25.28     30.02     338630
-7.51     25.28     30.02     339644
-7.51     25.17     30.02     340658
-7.51     25.17     30.02     341671
-7.51     25.28     30.02     342685
-7.64     25.17     30.02     343699
-7.64     25.17     30.02     344713
-7.64     25.17     30.02     345726
-7.64     25.17     30.02     346740
-7.64     25.17     30.02     347755
-7.78     25.17     30.02     348769
-7.78     25.06     30.02     349783
-7.78     25.17     30.02     350796
-7.78     25.06     30.02     351810
-7.78     25.06     30.02     352824
-7.78     25.06     30.02     353838
-7.91     25.06     30.02     354851
-7.91     25.06     30.02     355865
-7.91     25.06     30.02     356880
-7.91     25.06     30.02     357894
-7.91     25.06     30.02     358907
-8.04     24.94     30.02     359921
-8.04     25.06     30.02     360935
-8.04     24.94     30.02     361949
-8.04     24.94     29.90     362962
-8.04     24.94     30.02     363976
-8.04     24.94     30.02     364990
-8.17     24.94     30.02     366005
-8.17     24.83     30.02     367019
-8.17     24.94     30.02     368032
-8.17     24.83     30.02     369046
-8.30     24.83     29.90     370060
-8.30     24.83     30.02     371074
-8.30     24.83     29.90     372087
-8.30     24.83     29.90     373101
-8.30     24.83     29.90     374115
-8.43     24.83     29.90     375129
-8.43     24.83     29.90     376142
-8.43     24.83     29.90     377157
-8.43     24.83     29.90     378171
-8.43     24.83     29.90     379185
-8.43     24.83     30.02     380198
-8.57     24.72     29.90     381212
-8.57     24.83     29.90     382226
-8.57     24.72     29.90     383241
-8.57     24.72     30.14     384254
-8.57     24.72     30.02     385268
-8.70     24.72     29.90     386282
-8.70     24.72     29.90     387296
-8.70     24.60     29.90     388311
-8.70     24.60     29.90     389324
-8.70     24.60     29.90     390338
-8.70     24.60     29.90     391352
-8.70     24.60     29.78     392367
-8.83     24.60     29.90     393380
-8.83     24.60     29.90     394394
-8.83     24.60     29.90     395408
-8.83     24.60     29.90     396423
-8.83     24.60     29.90     397436
-8.97     24.60     29.90     398450
-8.97     24.49     29.78     399464
-8.97     24.60     29.90     400478
-8.97     24.60     29.90     401492
-8.97     24.49     29.90     402506
-8.97     24.60     29.90     403520
-8.97     24.49     29.90     404534
-9.10     24.49     29.90     405548
-9.10     24.49     29.90     406562
-9.10     24.49     29.90     407576
-9.10     24.49     29.90     408590
-9.10     24.49     29.90     409605
-9.24     24.49     29.90     410618
-9.24     24.49     29.90     411632
-9.24     24.38     29.90     412646
-9.24     24.38     29.90     413661
-9.24     24.38     29.67     414674
-9.24     24.49     29.90     415688
-9.24     24.38     29.90     416702
-9.24     24.38     29.90     417717
-9.37     24.38     29.90     418731
-9.37     24.38     29.90     419744
-9.37     24.38     29.90     420758
-9.37     24.38     29.90     421772
-9.37     24.38     29.90     422787
-9.51     24.38     29.90     423800
-9.51     24.27     29.90     424814
-9.51     24.15     29.90     425828
-9.51     24.27     29.90     426843
-9.51     24.27     29.90     427856
-9.51     24.27     29.78     428870
-9.51     24.27     29.90     429884
-9.51     24.27     29.90     430899
-9.51     24.38     29.90     431912
-9.64     24.27     29.90     432926
-9.64     24.15     29.90     433940
-9.64     24.27     29.90     434955
-9.64     24.27     29.90     435969
-9.64     24.27     29.90     436982
-9.78     24.15     29.90     437996
-9.64     24.27     29.90     439011
-9.78     24.15     29.90     440025
-9.78     24.15     29.90     441038
-9.78     24.15     29.90     442053
-9.78     24.15     29.90     443067
-9.78     24.15     29.90     444081
-9.78     24.15     29.90     445094
-9.78     24.15     29.90     446109
-9.91     24.15     29.90     447123
-9.91     24.15     29.90     448137
-9.91     24.15     29.90     449152
-9.91     24.15     29.90     450165
-9.91     24.15     30.02     451179
-9.91     24.15     29.90     452194
-9.91     24.04     29.90     453208
-9.91     24.15     29.90     454221
-9.91     24.04     29.90     455235
-9.91     24.04     29.90     456250
-10.05     24.04     29.90     457264
-9.91     24.04     29.90     458277
-10.05     24.04     29.90     459292
-10.05     24.04     29.90     460306
-10.05     24.04     29.90     461320
-10.05     24.04     29.90     462334
-10.05     24.04     29.90     463348
-10.05     24.04     29.90     464362
-10.19     24.04     29.90     465377
-10.19     24.04     29.90     466391
-10.19     23.93     30.02     467404
-10.19     23.93     29.90     468419
-10.19     23.93     29.90     469433
-10.19     23.93     29.90     470447
-10.19     23.93     29.78     471461
-10.19     23.93     29.90     472475
-10.32     23.93     29.78     473489
-10.32     23.93     29.90     474503
-10.32     23.93     29.90     475517
-10.32     23.93     29.78     476531
-10.32     23.93     29.90     477545
-10.32     23.93     29.90     478560
-10.32     23.93     29.90     479574
-10.32     23.93     29.78     480587
-10.32     23.93     29.90     481601
-10.32     23.93     29.90     482616
-10.46     23.82     29.90     483630
-10.46     23.93     29.90     484643
-10.46     23.82     29.90     485657
-10.46     23.82     29.90     486671
-10.46     23.82     29.90     487686
-10.46     23.82     29.78     488699
-10.46     23.82     29.90     489713
-10.46     23.82     29.90     490727
-10.46     23.82     29.90     491741
-10.46     23.82     29.78     492755
-10.60     23.82     29.78     493769
-10.60     23.82     29.78     494783
-10.60     23.82     29.78     495797
-10.60     23.82     29.78     496812
-10.60     23.82     29.78     497825
-10.60     23.82     29.90     498839
-10.60     23.82     29.78     499853
-10.60     23.82     29.78     500868
-10.60     23.82     29.78     501881
-10.60     23.82     29.78     502895
-10.74     23.82     29.78     503910
-10.74     23.82     29.78     504924
-10.74     23.70     29.78     505937
-10.74     23.82     29.78     506952
-10.74     23.70     29.78     507966
-10.74     23.70     29.78     508980
-10.74     23.70     29.78     509995
-10.74     23.70     29.78     511008
-10.74     23.70     29.78     512022
-10.74     23.70     29.78     513037
-10.74     23.70     29.78     514051
-10.74     23.70     29.78     515064
-10.74     23.70     29.78     516079
-10.87     23.70     29.78     517093
-10.87     23.70     29.78     518107
-10.74     23.70     29.78     519121
-10.74     23.70     29.78     520135
-10.87     23.70     29.78     521149
-10.87     23.70     29.78     522164
-10.87     23.70     29.78     523177
-10.87     23.59     29.78     524191
-10.87     23.59     29.78     525206
-10.87     23.59     29.78     526220
-10.87     23.59     29.78     527234
-10.87     23.59     29.78     528248
-10.87     23.59     29.78     529262
-11.01     23.59     29.78     530276
-10.87     23.59     29.78     531291
-11.01     23.59     29.78     532304
-11.01     23.59     29.78     533318
-11.01     23.59     29.78     534332
-11.01     23.59     29.78     535347
-11.01     23.59     29.78     536360
-11.01     23.59     29.78     537374
-11.01     23.59     29.78     538388
-11.01     23.59     29.78     539403
-11.15     23.59     29.78     540417
-11.01     23.59     29.78     541430
-11.15     23.59     29.78     542445
-11.01     23.59     29.78     543459
-11.15     23.59     29.78     544473
-11.01     23.59     29.78     545486
-11.15     23.48     29.78     546501
-11.15     23.59     29.78     547515
-11.15     23.48     29.78     548529
-11.15     23.48     29.78     549543
-11.15     23.48     29.78     550557
-11.15     23.48     29.78     551571
-11.15     23.59     29.78     552585
-11.15     23.48     29.78     553600
-11.15     23.48     29.78     554613
-11.15     23.48     29.78     555627
-11.15     23.48     29.67     556642
-11.15     23.48     29.67     557656
-11.15     23.48     29.67     558669
-11.15     23.48     29.67     559683
-11.29     23.48     29.67     560698
-11.29     23.48     29.67     561712
-11.29     23.48     29.67     562725
-11.29     23.48     29.67     563739
-11.29     23.48     29.67     564754
-11.29     23.48     29.67     565768
-11.29     23.48     29.78     566781
-11.29     23.48     29.67     567796
-11.29     23.37     29.67     568810
-11.29     23.37     29.67     569824
-11.29     23.37     29.67     570838
-11.29     23.37     29.67     571852
-11.29     23.37     29.67     572866
-11.29     23.37     29.67     573880
-11.29     23.48     29.67     574894
-11.43     23.37     29.67     575908
-11.43     23.37     29.67     576922
-11.43     23.37     29.55     577936
-11.43     23.37     29.67     578950
-11.43     23.37     29.67     579964
-11.43     23.37     29.67     580978
-11.43     23.37     29.67     581992
-11.43     23.37     29.55     583006
-11.43     23.37     29.67     584020
-11.43     23.37     29.67     585034
-11.43     23.37     29.67     586048
-11.43     23.37     29.67     587063
-11.43     23.37     29.67     588077
-11.43     23.37     29.67     589090
-11.57     23.25     29.67     590104
-11.57     23.25     29.55     591119
-11.57     23.25     29.55     592133
-11.57     23.25     29.67     593146
-11.57     23.25     29.55     594160
-11.57     23.25     29.67     595175
-11.57     23.25     29.67     596189
-11.57     23.25     29.55     597202
-11.57     23.25     29.55     598217
-11.57     23.25     29.55     599231
-11.57     23.25     29.67     600245
-11.57     23.25     29.55     601259
-11.57     23.25     29.55     602273
-11.57     23.25     29.55     603287
-11.57     23.37     29.55     604301
-11.57     23.25     29.55     605315
-11.57     23.25     29.55     606329
-11.71     23.25     29.55     607343
-11.71     23.25     29.55     608357
-11.71     23.25     29.55     609372
-11.71     23.14     29.55     610385
-11.71     23.25     29.55     611399
-11.71     23.25     29.55     612413
-11.57     23.25     29.55     613428
-11.71     23.14     29.55     614441
-11.71     23.14     29.55     615455
-11.71     23.14     29.67     616469
-11.71     23.14     29.55     617484
-11.71     23.14     29.67     618498
-11.71     23.14     29.67     619511
-11.71     23.14     29.67     620526
-11.86     23.14     29.55     621540
-11.71     23.14     29.55     622554
-11.71     23.14     29.67     623567
-11.71     23.14     29.67     624582
-11.71     23.14     29.67     625596
-11.71     23.14     29.67     626610
-11.71     23.14     29.67     627623
-11.86     23.14     29.55     628638
-11.71     23.14     29.67     629652
-11.71     23.14     29.67     630666
-11.86     23.14     29.55     631680
-11.86     23.14     29.55     632694
-11.86     23.14     29.55     633708
-11.86     23.14     29.55     634722
-11.86     23.14     29.55     635737
-11.86     23.14     29.55     636750
-11.86     23.14     29.55     637764
-11.86     23.14     29.55     638778
-11.86     23.03     29.55     639793
-11.86     23.03     29.67     640806
-11.71     23.03     29.55     641820
-11.86     23.14     29.55     642834
-11.86     23.14     29.55     643849
-11.86     23.03     29.55     644862
-11.86     23.14     29.55     645876
-11.86     23.14     29.55     646890
-11.86     23.14     29.55     647905
-11.86     23.03     29.55     648919
-11.86     23.03     29.67     649932
-11.86     23.03     29.55     650946
-11.86     23.03     29.55     651961
-12.00     23.03     29.55     652975
-11.86     23.03     29.55     653988
-11.86     23.03     29.55     655002
-11.86     23.03     29.55     656017
-11.86     23.03     29.55     657031
-11.86     23.03     29.55     658044
-11.86     23.03     29.55     659058
-11.86     23.03     29.55     660073
-12.00     23.03     29.55     661087
-12.00     23.03     29.55     662100
-11.86     23.03     29.55     663114
-12.00     23.03     29.55     664129
-12.00     23.03     29.55     665143
-12.00     23.03     29.55     666157
-12.00     23.03     29.55     667170
-12.00     23.03     29.55     668185
-12.00     23.03     29.55     669199
-12.00     23.03     29.55     670213
-12.00     23.03     29.43     671226
-12.00     23.03     29.43     672241
-12.00     23.03     29.55     673255
-12.00     22.92     29.55     674269
-12.00     23.03     29.55     675283
-12.00     23.03     29.55     676297
-12.00     23.03     29.55     677311
-12.00     23.03     29.55     678325
-12.00     22.92     29.55     679340
-12.00     23.03     29.43     680353
-12.00     22.92     29.55     681367
-12.00     22.92     29.55     682381
-12.00     22.92     29.55     683396
-12.00     22.92     29.43     684409
-12.00     22.92     29.55     685423
-12.00     22.92     29.55     686437
-12.00     22.92     29.55     687452
-12.00     22.92     29.55     688465
-12.00     22.92     29.55     689479
-12.00     22.92     29.55     690493
-12.14     22.92     29.43     691508
-12.00     22.92     29.55     692521
-12.14     22.92     29.55     693535
-12.00     22.92     29.55     694549
-12.14     23.03     29.55     695564
-12.00     22.92     29.55     696578
-12.00     22.92     29.55     697591
-12.14     22.92     29.55     698605
-12.14     22.92     29.55     699619
-12.14     22.92     29.55     700634
-12.14     22.81     29.55     701647
-12.14     22.92     29.55     702661
-12.14     22.92     29.55     703675
-12.14     22.92     29.55     704689
-12.14     22.92     29.43     705703
-12.14     22.92     29.55     706717
-12.14     22.92     29.55     707731
-12.14     22.92     29.43     708745
-12.14     22.92     29.43     709758
-12.14     22.92     29.43     710773
-12.14     22.92     29.55     711787
-12.14     22.92     29.43     712801
-12.14     22.92     29.43     713815
-12.14     22.92     29.43     714828
-12.14     22.92     29.43     715843
-12.28     22.81     29.43     716857
-12.28     22.92     29.43     717871
-12.14     22.81     29.43     718884
-12.14     22.81     29.43     719898
-12.14     22.81     29.43     720913
-12.28     22.81     29.55     721927
-12.28     22.81     29.43     722940
-12.28     22.81     29.55     723954
-12.28     22.81     29.43     724968
-12.28     22.81     29.43     725983
-12.28     22.92     29.43     726996
-12.14     22.92     29.43     728010
-12.28     22.81     29.43     729024
-12.28     22.81     29.43     730039
-12.28     22.81     29.43     731053
-12.28     22.81     29.43     732066
-12.28     22.81     29.31     733080
-12.28     22.81     29.31     734095
-12.28     22.81     29.43     735109
-12.28     22.81     29.43     736122
-12.28     22.81     29.43     737136
-12.28     22.81     29.43     738150
-12.42     22.81     29.43     739165
-12.28     22.81     29.43     740178
-12.42     22.81     29.43     741192
-12.28     22.81     29.43     742206
-12.28     22.81     29.43     743221
-12.42     22.70     29.43     744235
-12.42     22.81     29.43     745248
-12.42     22.81     29.43     746262
-12.42     22.81     29.43     747277
-12.42     22.81     29.43     748291
-12.42     22.81     29.43     749304
-12.42     22.81     29.43     750318
-12.42     22.81     29.43     751333
-12.42     22.81     29.43     752347
-12.42     22.70     29.43     753360
-12.42     22.70     29.31     754374
-12.57     22.81     29.43     755389
-12.42     22.81     29.43     756403
-12.42     22.81     29.43     757416
-12.42     22.70     29.43     758430
-12.42     22.70     29.43     759444
-12.57     22.81     29.43     760459
-12.42     22.70     29.43     761473
-12.42     22.70     29.43     762486
-12.57     22.81     29.43     763500
-12.57     22.70     29.43     764515
-12.42     22.81     29.43     765529
-12.57     22.81     29.43     766542
-12.42     22.70     29.43     767556
-12.57     22.70     29.43     768570
-12.57     22.70     29.55     769585
-12.42     22.92     29.43     770598
-12.57     22.70     29.43     771612
-12.57     22.70     29.43     772626
-12.57     22.70     29.43     773640
-12.57     22.70     29.43     774654
-12.57     22.70     29.43     775668
-12.42     22.81     29.43     776682
-12.57     22.70     29.43     777696
-12.57     22.70     29.43     778710
-12.57     22.70     29.43     779723
-12.57     22.70     29.43     780738
-12.57     22.70     29.43     781752
-12.57     22.70     29.43     782766
-12.57     22.70     29.43     783779
-12.57     22.81     29.43     784793
-12.57     22.70     29.43     785808
-12.57     22.70     29.43     786822
-12.57     22.70     29.43     787835
-12.57     22.81     29.43     788849
-12.57     22.70     29.55     789863
-12.57     22.70     29.43     790877
-12.57     22.70     29.43     791891
-12.71     22.70     29.43     792905
-12.57     22.70     29.43     793919
-12.57     22.70     29.43     794933
-12.57     22.70     29.55     795947
-12.57     22.70     29.43     796960
-12.71     22.70     29.43     797975
-12.71     22.70     29.55     798989
-12.71     22.70     29.43     800003
-12.71     22.70     29.43     801016
-12.71     22.70     29.43     802030
-12.57     22.70     29.55     803045
-12.71     22.70     29.43     804059
-12.71     22.70     29.43     805072
-12.57     22.70     29.43     806086
-12.71     22.70     29.43     807100
-12.71     22.70     29.43     808115
-12.71     22.58     29.43     809128
-12.71     22.70     29.43     810142
-12.71     22.70     29.43     811156
-12.71     22.70     29.55     812170
-12.71     22.70     29.43     813184
-12.71     22.70     29.43     814198
-12.71     22.70     29.43     815212
-12.71     22.70     29.43     816226
-12.71     22.70     29.43     817240
-12.71     22.70     29.43     818253
-12.71     22.70     29.43     819267
-12.71     22.70     29.43     820282
-12.71     22.70     29.43     821296
-12.71     22.70     29.43     822309
-12.71     22.70     29.43     823323
-12.71     22.70     29.43     824337
-12.71     22.70     29.43     825352
-12.71     22.70     29.43     826365
-12.71     22.70     29.43     827379
-12.71     22.70     29.43     828393
-12.71     22.70     29.43     829407
-12.86     22.70     29.31     830420
-12.71     22.70     29.43     831435
-12.71     22.70     29.43     832449
-12.71     22.70     29.43     833463
-12.71     22.70     29.55     834477
-12.71     22.70     29.43     835490
-12.86     22.70     29.43     836505
-12.71     22.70     29.43     837519
-12.86     22.70     29.55     838533
-12.86     22.70     29.43     839546
-12.71     22.58     29.31     840560
-12.71     22.70     29.43     841574
-12.86     22.70     29.43     842589
-12.86     22.70     29.43     843602
-12.86     22.70     29.55     844616
-12.86     22.58     29.43     845630
-12.86     22.70     29.43     846644
-12.86     22.70     29.55     847657
-12.86     22.70     29.43     848672
-12.86     22.58     29.43     849686
-12.86     22.58     29.43     850700
-12.86     22.70     29.43     851714
-12.86     22.58     29.43     852727
-12.86     22.70     29.43     853742
-12.86     22.58     29.43     854756
-12.86     22.58     29.43     855770
-12.86     22.58     29.43     856783
-12.86     22.70     29.43     857797
-12.86     22.58     29.55     858811
-12.86     22.58     29.43     859826
-12.86     22.58     29.43     860839
-12.86     22.58     29.43     861853
-12.86     22.58     29.43     862867
-12.86     22.58     29.43     863881
-12.86     22.70     29.43     864896
-12.86     22.58     29.43     865909
-12.86     22.58     29.55     866923
-12.86     22.58     29.43     867937
-12.86     22.58     29.43     868951
-12.86     22.58     29.43     869964
-12.86     22.58     29.43     870979
-13.00     22.58     29.43     871993
-13.00     22.70     29.43     873007
-12.86     22.58     29.43     874020
-12.86     22.58     29.43     875034
-12.86     22.58     29.43     876048
-12.86     22.58     29.43     877063
-12.86     22.58     29.43     878076
-12.86     22.58     29.43     879090
-12.86     22.58     29.43     880104
-12.86     22.58     29.43     881118
-12.86     22.70     29.43     882131
-13.00     22.58     29.43     883146
-12.86     22.58     29.43     884160
-13.00     22.58     29.43     885174
-13.00     22.58     29.43     886188
-12.86     22.70     29.43     887201
-13.00     22.58     29.43     888215
-13.00     22.58     29.43     889230
-13.00     22.58     29.43     890244
-13.00     22.58     29.43     891257
-13.00     22.58     29.55     892271
-13.00     22.58     29.43     893285
-13.00     22.58     29.31     894299
-13.00     22.58     29.43     895313
-13.00     22.58     29.43     896327
-13.00     22.58     29.43     897341
-13.00     22.58     29.43     898355
-13.00     22.58     29.31     899368
-13.00     22.58     29.43     900382
-13.00     22.47     29.43     901397
-13.00     22.58     29.43     902411
-13.00     22.58     29.43     903425
-13.00     22.58     29.43     904438
-13.00     22.58     29.43     905452
-13.00     22.47     29.43     906467
-13.00     22.47     29.43     907481
-13.00     22.58     29.43     908494
-13.00     22.47     29.43     909508
-13.00     22.47     29.43     910522
-13.00     22.47     29.43     911536
-13.00     22.58     29.43     912550
-13.00     22.58     29.43     913564
-13.00     22.47     29.43     914578
-13.00     22.58     29.43     915592
-13.00     22.47     29.43     916605
-13.00     22.58     29.43     917619
-13.00     22.47     29.43     918634
-13.00     22.47     29.43     919648
-13.00     22.58     29.43     920662
-13.00     22.58     29.43     921675
-13.00     22.47     29.43     922689
-13.00     22.47     29.43     923703
-13.00     22.47     29.43     924718
-13.00     22.47     29.43     925731
-13.00     22.58     29.43     926745
-13.00     22.58     29.43     927759
-13.00     22.47     29.43     928773
-13.00     22.47     29.31     929787
-13.00     22.47     29.43     930801
-13.00     22.58     29.43     931815
-13.00     22.58     29.43     932829
-13.15     22.47     29.43     933842
-13.00     22.47     29.43     934856
-13.00     22.58     29.43     935871
-13.15     22.47     29.31     936885
-13.15     22.58     29.31     937899
-13.00     22.47     29.43     938912
-13.15     22.47     29.43     939926
-13.15     22.47     29.43     940940
-13.00     22.47     29.43     941955
-13.15     22.58     29.43     942968
-13.15     22.58     29.43     943982
-13.15     22.47     29.43     944996
-13.15     22.47     29.43     946010
-13.15     22.47     29.43     947024
-13.15     22.47     29.43     948038
-13.15     22.47     29.31     949052
-13.15     22.58     29.43     950066
-13.15     22.58     29.43     951079
-13.15     22.47     29.43     952093
-13.15     22.47     29.43     953108
-13.15     22.47     29.43     954122
-13.15     22.47     29.43     955136
-13.00     22.47     29.43     956149
-13.00     22.47     29.43     957163
-13.15     22.47     29.43     958178
-13.15     22.47     29.43     959192
-13.15     22.58     29.43     960205
-13.15     22.47     29.43     961219
-13.15     22.47     29.43     962233
-13.15     22.47     29.43     963247
-13.15     22.47     29.43     964261
-13.15     22.47     29.43     965275
-13.15     22.47     29.43     966289
-13.15     22.47     29.43     967303
-13.15     22.47     29.43     968316
-13.15     22.47     29.43     969331
-13.15     22.47     29.43     970345
-13.15     22.47     29.43     971359
-13.15     22.47     29.43     972372
-13.15     22.47     29.43     973386
-13.15     22.58     29.43     974400
-13.15     22.47     29.43     975415
-13.15     22.47     29.43     976429
-13.15     22.58     29.43     977442
-13.15     22.47     29.43     978456
-13.15     22.47     29.43     979470
-13.15     22.47     29.43     980484
-13.15     22.47     29.43     981498
-13.15     22.47     29.43     982512
-13.15     22.58     29.43     983526
-13.15     22.47     29.43     984540
-13.29     22.47     29.43     985553
-13.15     22.47     29.43     986568
-13.15     22.47     29.43     987582
-13.15     22.58     29.43     988596
-13.15     22.47     29.43     989609
-13.29     22.58     29.43     990623
-13.29     22.47     29.43     991638
-13.15     22.47     29.43     992652
-13.15     22.47     29.55     993666
-13.15     22.58     29.43     994679
-13.15     22.47     29.43     995693
-13.15     22.58     29.31     996707
-13.29     22.47     29.43     997722
-13.29     22.47     29.43     998735
-13.15     22.47     29.31     999749
-13.15     22.47     29.43     1000763
-13.29     22.47     29.43     1001777
-13.29     22.47     29.43     1002791
-13.29     22.47     29.43     1003805
-13.29     22.47     29.43     1004819
-13.29     22.47     29.43     1005833
-13.29     22.47     29.43     1006848
-13.29     22.47     29.43     1007861
-13.29     22.47     29.43     1008875
-13.29     22.47     29.43     1009889
-13.29     22.47     29.43     1010903
-13.29     22.36     29.43     1011917
-13.29     22.47     29.43     1012931
-13.29     22.47     29.31     1013945
-13.15     22.47     29.43     1014959
-13.15     22.47     29.43     1015973
-13.29     22.47     29.43     1016987
-13.29     22.47     29.31     1018001
-13.29     22.47     29.43     1019015
-13.29     22.47     29.43     1020028
-13.29     22.47     29.43     1021043
-13.29     22.47     29.43     1022057
-13.29     22.47     29.43     1023071
-13.29     22.47     29.43     1024084
-13.29     22.47     29.43     1025099
-13.29     22.47     29.43     1026113
-13.29     22.47     29.43     1027127
-13.15     22.47     29.31     1028141
-13.29     22.47     29.55     1029154
-13.29     22.47     29.43     1030169
-13.29     22.47     29.43     1031183
-13.29     22.47     29.43     1032197
-13.29     22.47     29.43     1033210
-13.29     22.47     29.31     1034225
-13.29     22.47     29.43     1035239
-13.29     22.47     29.43     1036253
-13.29     22.47     29.43     1037266
-13.29     22.47     29.43     1038280
-13.29     22.47     29.31     1039295
-13.29     22.47     29.43     1040309
-13.29     22.47     29.31     1041323
-13.29     22.47     29.43     1042336
-13.29     22.47     29.43     1043351
-13.29     22.47     29.43     1044365
-13.29     22.47     29.43     1045379
-13.29     22.47     29.31     1046392
-13.29     22.47     29.43     1047406
-13.29     22.36     29.43     1048421
-13.29     22.47     29.43     1049435
-13.29     22.47     29.43     1050448
-13.29     22.47     29.43     1051462
-13.29     22.47     29.43     1052477
-13.29     22.47     29.43     1053491
-13.29     22.47     29.43     1054504
-13.29     22.47     29.43     1055518
-13.29     22.47     29.43     1056532
-13.29     22.47     29.31     1057547
-13.29     22.47     29.31     1058561
-13.29     22.47     29.31     1059574
-13.29     22.58     29.31     1060588
-13.29     22.47     29.31     1061603
-13.29     22.47     29.31     1062617
-13.29     22.47     29.31     1063630
-13.29     22.47     29.31     1064644
-13.29     22.47     29.31     1065659
-13.29     22.47     29.31     1066673
-13.29     22.47     29.31     1067686
-13.29     22.47     29.31     1068700
-13.29     22.47     29.31     1069715
-13.29     22.47     29.31     1070729
-13.29     22.47     29.31     1071742
-13.29     22.47     29.31     1072756
-13.29     22.47     29.31     1073770
-13.29     22.47     29.31     1074785
-13.29     22.47     29.31     1075799
-13.29     22.47     29.31     1076812
-13.29     22.36     29.31     1077826
-13.29     22.47     29.31     1078841
-13.29     22.47     29.31     1079855
-13.44     22.47     29.31     1080868
-13.29     22.47     29.31     1081882
-13.29     22.47     29.31     1082897
-13.29     22.47     29.31     1083911
-13.44     22.47     29.31     1084924
-13.44     22.47     29.43     1085938
-13.29     22.47     29.31     1086953
-13.44     22.47     29.31     1087967
-13.29     22.47     29.31     1088980
-13.44     22.47     29.31     1089994
-13.44     22.47     29.31     1091009
-13.29     22.47     29.31     1092023
-13.44     22.47     29.43     1093037
-13.44     22.47     29.31     1094050
-13.44     22.36     29.43     1095065
-13.44     22.47     29.31     1096079
-13.44     22.47     29.31     1097093
-13.44     22.47     29.31     1098106
-13.44     22.47     29.31     1099121
-13.44     22.47     29.31     1100135
-13.44     22.47     29.31     1101149
-13.44     22.47     29.43     1102162
-13.44     22.47     29.31     1103177
-13.44     22.36     29.31     1104191
-13.44     22.36     29.31     1105205
-13.44     22.47     29.43     1106219
-13.44     22.47     29.31     1107233
-13.44     22.47     29.31     1108247
-13.29     22.47     29.31     1109261
-13.44     22.47     29.31     1110275
-13.44     22.36     29.31     1111289
-13.44     22.47     29.43     1112303
-13.44     22.47     29.31     1113317
-13.44     22.47     29.31     1114331
-13.44     22.47     29.43     1115344
-13.44     22.47     29.31     1116359
-13.44     22.36     29.31     1117373
-13.29     22.47     29.43     1118387
-13.44     22.47     29.43     1119400
-13.44     22.47     29.43     1120415
-13.44     22.36     29.31     1121429
-13.44     22.47     29.31     1122443
-13.44     22.47     29.43     1123457
-13.29     22.36     29.43     1124471
-13.44     22.36     29.43     1125485
-13.44     22.36     29.31     1126499
-13.44     22.36     29.43     1127513
-13.44     22.36     29.31     1128527
-13.44     22.47     29.43     1129541
-13.44     22.47     29.43     1130555
-13.44     22.36     29.43     1131569
-13.44     22.36     29.43     1132582
-13.44     22.47     29.43     1133597
-13.44     22.47     29.31     1134611
-13.44     22.36     29.43     1135625
-13.44     22.47     29.31     1136638
-13.44     22.36     29.43     1137653
-13.44     22.36     29.43     1138667
-13.44     22.36     29.31     1139681
-13.44     22.36     29.31     1140695
-13.44     22.36     29.43     1141709
-13.44     22.47     29.43     1142723
-13.44     22.36     29.43     1143737
-13.44     22.36     29.43     1144751
-13.44     22.36     29.43     1145764
-13.44     22.36     29.43     1146779
-13.44     22.36     29.43     1147793
-13.44     22.36     29.31     1148807
-13.44     22.36     29.31     1149820
-13.44     22.36     29.43     1150835
-13.44     22.47     29.43     1151849
-13.29     22.36     29.31     1152863
-13.44     22.36     29.43     1153876
-13.44     22.47     29.43     1154890
-13.44     22.47     29.43     1155905
-13.44     22.36     29.31     1156919
-13.44     22.47     29.43     1157933
-13.44     22.36     29.43     1158946
-13.58     22.36     29.43     1159961
-13.44     22.36     29.31     1160975
-13.44     22.47     29.43     1161989
-13.44     22.36     29.31     1163002
-13.44     22.47     29.43     1164016
-13.44     22.47     29.43     1165031
-13.44     22.47     29.43     1166045
-13.44     22.47     29.43     1167058
-13.44     22.47     29.43     1168072
-13.44     22.47     29.43     1169087
-13.44     22.36     29.43     1170101
-13.44     22.47     29.43     1171115
-13.44     22.47     29.43     1172128
-13.44     22.47     29.43     1173142
-13.44     22.36     29.43     1174157
-13.44     22.47     29.43     1175171
-13.44     22.47     29.43     1176184
-13.44     22.47     29.43     1177198
-13.44     22.47     29.43     1178212
-13.44     22.47     29.43     1179227
-13.44     22.36     29.43     1180240
-13.44     22.47     29.43     1181254
-13.44     22.36     29.43     1182268
-13.44     22.36     29.43     1183283
-13.44     22.47     29.43     1184296
-13.44     22.47     29.43     1185310
-13.44     22.47     29.43     1186324
-13.44     22.47     29.43     1187339
-13.44     22.47     29.43     1188353
-13.44     22.47     29.43     1189366
-13.44     22.36     29.43     1190380
-13.44     22.47     29.43     1191394
-13.44     22.47     29.43     1192409
-13.58     22.47     29.43     1193422
-13.44     22.47     29.43     1194436
-13.44     22.47     29.43     1195450
-13.44     22.47     29.43     1196464
-13.44     22.47     29.43     1197478
-13.44     22.47     29.43     1198492
-13.44     22.47     29.43     1199506
-13.58     22.47     29.43     1200520
-13.44     22.47     29.31     1201534
-13.44     22.47     29.31     1202548
-13.44     22.47     29.43     1203562
-13.58     22.47     29.31     1204576
-13.44     22.47     29.31     1205591
-13.44     22.47     29.31     1206604
-13.44     22.47     29.31     1207618
-13.44     22.47     29.31     1208632
-13.44     22.47     29.43     1209647
-13.44     22.47     29.31     1210660
-13.44     22.47     29.43     1211674
-13.58     22.36     29.31     1212688
-13.44     22.47     29.31     1213703
-13.58     22.36     29.31     1214716
-13.58     22.47     29.31     1215730
-13.44     22.36     29.43     1216744
-13.44     22.47     29.43     1217758
-13.44     22.47     29.43     1218772
-13.44     22.36     29.43     1219786
-13.58     22.36     29.43     1220800
-13.58     22.47     29.43     1221814
-13.44     22.47     29.43     1222829
-13.58     22.47     29.43     1223842
-13.58     22.36     29.43     1224856
-13.58     22.36     29.43     1225870
-13.58     22.47     29.43     1226884
-13.58     22.47     29.43     1227898
-13.58     22.47     29.43     1228912
-13.58     22.47     29.43     1229926
-13.58     22.47     29.43     1230940
-13.58     22.47     29.43     1231954
-13.58     22.47     29.43     1232968
-13.58     22.47     29.43     1233982
-13.58     22.47     29.43     1234996
-13.58     22.36     29.43     1236009
-13.58     22.47     29.43     1237024
-13.58     22.47     29.43     1238038
-13.58     22.47     29.43     1239052
-13.58     22.47     29.43     1240066
-13.44     22.47     29.43     1241080
-13.58     22.47     29.43     1242094
-13.58     22.47     29.43     1243108
-13.44     22.47     29.43     1244122
-13.58     22.47     29.43     1245135
-13.58     22.47     29.43     1246150
-13.58     22.47     29.31     1247164
-13.58     22.47     29.43     1248178
-13.58     22.47     29.43     1249191
-13.58     22.47     29.43     1250206
-13.58     22.47     29.43     1251220
-13.58     22.47     29.43     1252234
-13.58     22.47     29.43     1253248
-13.58     22.47     29.43     1254261
-13.58     22.47     29.43     1255276
-13.58     22.47     29.43     1256290
-13.58     22.47     29.43     1257304
-13.58     22.36     29.43     1258317
-13.58     22.47     29.43     1259332
-13.58     22.47     29.43     1260346
-13.58     22.47     29.43     1261360
-13.58     22.47     29.43     1262373
-13.58     22.47     29.43     1263387
-13.58     22.36     29.43     1264402
-13.58     22.36     29.31     1265416
-13.58     22.47     29.43     1266429
-13.44     22.47     29.43     1267443
-13.58     22.36     29.55     1268458
-13.58     22.47     29.43     1269472
-13.58     22.47     29.43     1270486
-13.58     22.47     29.43     1271499
-13.58     22.47     29.43     1272513
-13.58     22.47     29.43     1273528
-13.58     22.47     29.43     1274542
-13.58     22.47     29.43     1275555
-13.58     22.47     29.43     1276569
-13.58     22.47     29.43     1277584
-13.58     22.47     29.43     1278598
-13.58     22.47     29.43     1279611
-13.58     22.47     29.55     1280625
-13.58     22.47     29.43     1281639
-13.58     22.47     29.43     1282654
-13.58     22.58     29.43     1283667
-13.58     22.47     29.43     1284681
-13.58     22.47     29.43     1285695
-13.58     22.47     29.43     1286710
-13.58     22.47     29.43     1287724
-13.58     22.47     29.43     1288737
-13.58     22.47     29.43     1289751
-13.58     22.47     29.55     1290765
-13.58     22.47     29.43     1291780
-13.44     22.58     29.43     1292793
-13.58     22.47     29.43     1293807
-13.58     22.47     29.43     1294821
-13.58     22.47     29.43     1295836
-13.58     22.47     29.43     1296849
-13.58     22.47     29.43     1297863
-13.58     22.47     29.55     1298877
-13.58     22.47     29.43     1299891
-13.58     22.47     29.55     1300905
-13.58     22.47     29.55     1301919
-13.58     22.47     29.55     1302933
-13.58     22.47     29.55     1303947
-13.58     22.47     29.55     1304962
-13.58     22.47     29.55     1305975
-13.58     22.47     29.55     1306989
-13.58     22.47     29.55     1308003
-13.44     22.47     29.43     1309018
-13.58     22.47     29.55     1310031
-13.58     22.47     29.55     1311045
-13.58     22.47     29.43     1312059
-13.58     22.47     29.55     1313073
-13.58     22.47     29.55     1314087
-13.58     22.47     29.55     1315101
-13.58     22.47     29.43     1316115
-13.58     22.47     29.43     1317129
-13.58     22.47     29.55     1318144
-13.58     22.58     29.55     1319157
-13.58     22.47     29.55     1320171
-13.58     22.47     29.43     1321185
-13.58     22.47     29.55     1322200
-13.58     22.47     29.55     1323213
-13.58     22.47     29.55     1324227
-13.58     22.47     29.55     1325241
-13.58     22.47     29.55     1326256
-13.58     22.47     29.55     1327269
-13.58     22.58     29.55     1328283
-13.58     22.47     29.55     1329297
-13.58     22.47     29.55     1330312
-13.58     22.47     29.55     1331325
-13.58     22.47     29.55     1332339
-13.58     22.47     29.55     1333353
-13.58     22.58     29.55     1334368
-13.44     22.47     29.55     1335382
-13.58     22.58     29.67     1336395
-13.58     22.47     29.67     1337409
-13.44     22.47     29.55     1338423
-13.58     22.58     29.67     1339438
-13.44     22.47     29.67     1340451
-13.58     22.47     29.55     1341465
-13.58     22.47     29.67     1342479
-13.58     22.47     29.55     1343494
-13.58     22.47     29.55     1344507
-13.58     22.47     29.67     1345521
-13.58     22.58     29.67     1346535
-13.44     22.47     29.67     1347550
-13.58     22.47     29.67     1348563
-13.58     22.47     29.67     1349577
-13.58     22.58     29.67     1350591
-13.58     22.58     29.67     1351606
-13.58     22.47     29.67     1352620
-13.58     22.47     29.67     1353633
-13.58     22.47     29.67     1354647
-13.58     22.47     29.67     1355662
-13.58     22.47     29.67     1356676
-13.58     22.47     29.67     1357689
-13.58     22.47     29.55     1358703
-13.58     22.47     29.67     1359718
-13.58     22.47     29.55     1360732
-13.58     22.47     29.55     1361745
-13.58     22.58     29.67     1362759
-13.58     22.47     29.55     1363774
-13.58     22.47     29.67     1364788
-13.58     22.47     29.55     1365801
-13.58     22.47     29.55     1366815
-13.58     22.47     29.55     1367830
-13.58     22.47     29.55     1368844
-13.44     22.47     29.55     1369858
-13.58     22.47     29.67     1370871
-13.44     22.47     29.55     1371886
-13.44     22.47     29.43     1372900
-13.58     22.47     29.55     1373914
-13.58     22.47     29.55     1374927
-13.44     22.47     29.55     1375941
-13.58     22.47     29.55     1376956
-13.58     22.47     29.67     1377970
-13.58     22.47     29.55     1378983
-13.58     22.47     29.67     1379997
-13.58     22.58     29.55     1381012
-13.58     22.47     29.55     1382026
-13.58     22.47     29.55     1383040
-13.58     22.58     29.55     1384053
-13.58     22.47     29.55     1385068
-13.58     22.47     29.55     1386082
-13.58     22.47     29.55     1387096
-13.58     22.47     29.55     1388109
-13.58     22.47     29.67     1389124
-13.44     22.47     29.55     1390138
-13.58     22.47     29.55     1391152
-13.58     22.47     29.55     1392165
-13.58     22.47     29.55     1393180
-13.58     22.47     29.55     1394194
-13.44     22.58     29.55     1395208
-13.58     22.47     29.55     1396221
-13.58     22.47     29.67     1397236
-13.58     22.47     29.55     1398250
-13.44     22.47     29.55     1399264
-13.44     22.47     29.55     1400278
-13.58     22.47     29.55     1401292
-13.58     22.47     29.55     1402306
-13.44     22.47     29.55     1403320
-13.58     22.47     29.55     1404334
-13.58     22.47     29.55     1405348
-13.44     22.47     29.55     1406362
-13.44     22.47     29.55     1407376
-13.58     22.47     29.55     1408390
-13.58     22.47     29.55     1409404
-13.44     22.47     29.55     1410418
-13.44     22.47     29.55     1411432
-13.44     22.47     29.55     1412446
-13.44     22.58     29.55     1413459
-13.44     22.47     29.55     1414474
-13.44     22.47     29.67     1415488
-13.58     22.47     29.55     1416502
-13.44     22.47     29.55     1417516
-13.58     22.47     29.55     1418530
-13.44     22.47     29.55     1419544
-13.44     22.47     29.55     1420558
-13.44     22.47     29.55     1421572
-13.44     22.47     29.55     1422586
-13.44     22.47     29.67     1423600
-13.58     22.47     29.55     1424614
-13.58     22.47     29.55     1425628
-13.44     22.47     29.55     1426642
-13.58     22.47     29.55     1427656
-13.58     22.47     29.55     1428670
-13.44     22.47     29.55     1429684
-13.58     22.47     29.55     1430699
-13.58     22.47     29.55     1431712
-13.44     22.47     29.55     1432726
-13.58     22.47     29.55     1433740
-13.58     22.47     29.55     1434755
-13.58     22.47     29.55     1435768
-13.58     22.47     29.55     1436782
-13.44     22.47     29.55     1437796
-13.58     22.47     29.55     1438811
-13.58     22.36     29.43     1439824
-13.58     22.47     29.55     1440838
-13.58     22.47     29.55     1441852
-13.58     22.47     29.55     1442867
-13.44     22.47     29.55     1443880
-13.58     22.47     29.55     1444894
-13.58     22.47     29.55     1445908
-13.58     22.47     29.43     1446923
-13.58     22.47     29.43     1447937
-13.44     22.47     29.43     1448950
-13.58     22.47     29.43     1449964
-13.58     22.47     29.43     1450978
-13.58     22.47     29.43     1451993
-13.44     22.47     29.31     1453006
-13.58     22.47     29.43     1454020
-13.58     22.47     29.43     1455034
-13.58     22.47     29.43     1456049
-13.58     22.47     29.43     1457062
-13.58     22.47     29.43     1458076
-13.44     22.47     29.55     1459090
-13.58     22.47     29.43     1460105
-13.58     22.47     29.43     1461118
-13.58     22.47     29.43     1462132
-13.58     22.47     29.43     1463146
-13.58     22.47     29.43     1464160
-13.58     22.47     29.43     1465175
-13.58     22.47     29.43     1466188
-13.58     22.47     29.43     1467202
-13.58     22.47     29.43     1468216
-13.58     22.47     29.43     1469230
-13.58     22.47     29.43     1470244
-13.58     22.47     29.43     1471258
-13.58     22.47     29.43     1472272
-13.58     22.47     29.43     1473286
-13.58     22.47     29.43     1474300
-13.58     22.47     29.43     1475314
-13.58     22.47     29.43     1476328
-13.58     22.47     29.43     1477342
-13.58     22.47     29.43     1478355
-13.58     22.36     29.43     1479370
-13.58     22.47     29.43     1480384
-13.58     22.47     29.43     1481398
-13.58     22.47     29.43     1482412
-13.58     22.47     29.43     1483426
-13.58     22.47     29.43     1484440
-13.58     22.47     29.43     1485454
-13.58     22.47     29.55     1486468
-13.44     22.47     29.55     1487481
-13.58     22.47     29.43     1488496
-13.58     22.36     29.43     1489510
-13.58     22.47     29.43     1490524
-13.58     22.36     29.43     1491537
-13.58     22.36     29.43     1492552
-13.58     22.36     29.43     1493566
-13.44     22.36     29.31     1494580
-13.58     22.36     29.43     1495593
-13.58     22.47     29.43     1496607
-13.58     22.36     29.43     1497622
-13.58     22.47     29.43     1498636
-13.44     22.36     29.43     1499650
-13.58     22.36     29.43     1500663
-13.58     22.36     29.43     1501678
-13.44     22.36     29.43     1502692
-13.44     22.36     29.43     1503706
-13.58     22.36     29.55     1504719
-13.58     22.36     29.43     1505733
-13.44     22.36     29.55     1506748
-13.44     22.36     29.43     1507762
-13.44     22.36     29.55     1508775
-13.44     22.47     29.43     1509789
-13.58     22.47     29.43     1510804
-13.58     22.36     29.55     1511818
-13.58     22.36     29.43     1512832
-13.58     22.47     29.43     1513845
-13.44     22.36     29.43     1514859
-13.58     22.36     29.43     1515874
-13.58     22.36     29.43     1516888
-13.58     22.47     29.43     1517901
-13.58     22.36     29.43     1518915
-13.58     22.36     29.55     1519930
-13.58     22.36     29.43     1520944
-13.58     22.36     29.43     1521957
-13.58     22.47     29.43     1522971
-13.58     22.36     29.43     1523985
-13.44     22.36     29.43     1525000
-13.58     22.36     29.43     1526013
-13.58     22.47     29.43     1527027
-13.58     22.36     29.43     1528041
-13.44     22.36     29.43     1529056
-13.58     22.36     29.43     1530070
-13.58     22.47     29.43     1531083
-13.58     22.36     29.43     1532097
-13.58     22.36     29.43     1533111
-13.58     22.36     29.43     1534126
-13.58     22.36     29.43     1535139
-13.58     22.47     29.43     1536153
-13.58     22.36     29.43     1537167
-13.44     22.47     29.43     1538182
-13.44     22.47     29.43     1539195
-13.58     22.36     29.55     1540209
-13.58     22.36     29.43     1541223
-13.58     22.36     29.43     1542237
-13.44     22.36     29.55     1543251
-13.58     22.36     29.43     1544265
-13.58     22.36     29.43     1545279
-13.58     22.36     29.43     1546293
-13.58     22.36     29.43     1547308
-13.58     22.36     29.43     1548321
-13.58     22.36     29.43     1549335
-13.58     22.36     29.43     1550349
-13.58     22.36     29.43     1551363
-13.58     22.36     29.43     1552377
-13.58     22.47     29.43     1553391
-13.58     22.36     29.43     1554405
-13.58     22.36     29.43     1555419
-13.58     22.36     29.43     1556433
-13.58     22.36     29.31     1557447
-13.58     22.36     29.43     1558461
-13.58     22.25     29.43     1559475
-13.58     22.36     29.43     1560488
-13.58     22.36     29.43     1561503
-13.58     22.36     29.43     1562517
-13.58     22.36     29.43     1563531
-13.73     22.36     29.43     1564545
-13.58     22.36     29.43     1565558
-13.58     22.36     29.43     1566573
-13.58     22.36     29.43     1567587
-13.58     22.36     29.43     1568601
-13.58     22.36     29.43     1569614
-13.58     22.36     29.43     1570629
-13.58     22.36     29.43     1571643
-13.58     22.36     29.43     1572657
-13.58     22.36     29.43     1573670
-13.58     22.36     29.43     1574684
-13.58     22.36     29.43     1575699
-13.58     22.36     29.43     1576713
-13.58     22.36     29.43     1577726
-13.58     22.36     29.31     1578740
-13.58     22.36     29.31     1579754
-13.58     22.36     29.43     1580769
-13.58     22.36     29.43     1581783
-13.58     22.36     29.43     1582796
-13.58     22.36     29.43     1583810
-13.58     22.36     29.43     1584825
-13.58     22.47     29.43     1585839
-13.58     22.36     29.43     1586852
-13.58     22.36     29.43     1587866
-13.58     22.36     29.43     1588880
-13.58     22.36     29.43     1589895
-13.58     22.36     29.43     1590908
-13.58     22.36     29.43     1591922
-13.58     22.36     29.43     1592936
-13.58     22.47     29.43     1593950
-13.73     22.36     29.43     1594964
-13.58     22.36     29.43     1595978
-13.58     22.36     29.43     1596992
-13.73     22.36     29.43     1598006
-13.58     22.36     29.43     1599021
-13.58     22.36     29.43     1600034
-13.58     22.36     29.43     1601048
-13.58     22.36     29.43     1602062
-13.58     22.47     29.43     1603076
-13.58     22.36     29.43     1604090
-13.58     22.36     29.43     1605104
-13.58     22.25     29.43     1606118
-13.58     22.36     29.43     1607132
-13.58     22.47     29.43     1608145
-13.73     22.47     29.43     1609160
-13.58     22.36     29.43     1610174
-13.58     22.36     29.43     1611188
-13.58     22.36     29.43     1612201
-13.58     22.36     29.43     1613216
-13.58     22.36     29.43     1614230
-13.58     22.36     29.43     1615244
-13.73     22.36     29.31     1616258
-13.58     22.36     29.43     1617271
-13.73     22.36     29.43     1618286
-13.73     22.36     29.43     1619300
-13.58     22.36     29.43     1620314
-13.58     22.36     29.43     1621327
-13.58     22.36     29.43     1622342
-13.58     22.36     29.31     1623356
-13.73     22.36     29.43     1624370
-13.58     22.36     29.43     1625383
-13.58     22.36     29.43     1626397
-13.73     22.36     29.55     1627412
-13.58     22.36     29.43     1628426
-13.58     22.36     29.43     1629440
-13.73     22.36     29.43     1630453
-13.58     22.36     29.43     1631468
-13.58     22.36     29.43     1632482
-13.73     22.36     29.43     1633496
-13.58     22.36     29.43     1634509
-13.73     22.36     29.43     1635523
-13.58     22.36     29.43     1636538
-13.58     22.36     29.43     1637552
-13.73     22.36     29.43     1638565
-13.73     22.36     29.43     1639579
-13.73     22.36     29.31     1640594
-13.58     22.36     29.43     1641608
-13.73     22.36     29.43     1642621
-13.73     22.36     29.43     1643635
-13.73     22.25     29.43     1644650
-13.73     22.36     29.31     1645664
-13.73     22.36     29.43     1646678
-13.73     22.36     29.31     1647691
-13.58     22.36     29.43     1648705
-13.73     22.36     29.43     1649720
-13.73     22.36     29.43     1650734
-13.73     22.36     29.43     1651747
-13.73     22.36     29.43     1652761
-13.58     22.36     29.43     1653776
-13.58     22.36     29.43     1654790
-13.58     22.36     29.31     1655803
-13.58     22.36     29.43     1656817
-13.58     22.36     29.43     1657831
-13.73     22.36     29.43     1658846
-13.73     22.36     29.43     1659859
-13.73     22.36     29.43     1660873
-13.58     22.36     29.43     1661887
-13.58     22.36     29.43     1662902
-13.58     22.36     29.43     1663916
-13.73     22.36     29.43     1664929
-13.73     22.36     29.31     1665943
-13.58     22.36     29.43     1666957
-13.58     22.36     29.43     1667972
-13.73     22.25     29.43     1668985
-13.58     22.36     29.43     1669999
-13.58     22.36     29.55     1671013
-13.58     22.36     29.31     1672028
-13.58     22.25     29.43     1673041
-13.58     22.36     29.43     1674055
-13.58     22.36     29.43     1675069
-13.73     22.36     29.43     1676083
-13.58     22.36     29.43     1677097
-13.58     22.36     29.43     1678111
-13.58     22.36     29.43     1679125
-13.73     22.36     29.43     1680139
-13.58     22.36     29.43     1681153
-13.58     22.36     29.55     1682167
-13.58     22.25     29.43     1683181
-13.58     22.36     29.43     1684195
-13.58     22.36     29.43     1685209
-13.58     22.36     29.31     1686223
-13.58     22.36     29.43     1687237
-13.58     22.36     29.43     1688251
-13.73     22.36     29.43     1689265
-13.58     22.25     29.43     1690278
-13.58     22.36     29.43     1691293
-13.58     22.25     29.43     1692307
-13.58     22.25     29.43     1693321
-13.58     22.25     29.43     1694334
-13.58     22.25     29.43     1695349
-13.58     22.25     29.43     1696363
-13.58     22.36     29.43     1697377
-13.58     22.36     29.55     1698391
-13.58     22.36     29.43     1699404
-13.73     22.25     29.43     1700419
-13.58     22.36     29.43     1701433
-13.58     22.36     29.43     1702447
-13.58     22.36     29.43     1703460
-13.58     22.36     29.55     1704475
-13.58     22.36     29.43     1705489
-13.58     22.36     29.43     1706503
-13.73     22.25     29.43     1707516
-13.58     22.36     29.43     1708530
-13.58     22.25     29.43     1709545
-13.73     22.36     29.55     1710559
-13.58     22.36     29.43     1711572
-13.58     22.25     29.43     1712586
-13.58     22.36     29.43     1713601
-13.73     22.25     29.43     1714615
-13.73     22.36     29.43     1715629
-13.58     22.36     29.43     1716642
-13.58     22.36     29.43     1717656
-13.73     22.36     29.43     1718671
-13.73     22.36     29.43     1719685
-13.58     22.25     29.43     1720698
-13.73     22.25     29.55     1721712
-13.58     22.36     29.55     1722727
-13.58     22.36     29.43     1723741
-13.58     22.36     29.43     1724754
-13.58     22.36     29.43     1725768
-13.73     22.25     29.43     1726783
-13.58     22.25     29.43     1727797
-13.73     22.25     29.43     1728811
-13.73     22.36     29.43     1729824
-13.73     22.25     29.43     1730838
-13.73     22.25     29.43     1731853
-13.73     22.25     29.43     1732867
-13.58     22.36     29.43     1733880
-13.73     22.25     29.43     1734894
-13.73     22.25     29.43     1735909
-13.73     22.25     29.43     1736923
-13.73     22.25     29.43     1737936
-13.73     22.25     29.43     1738950
-13.73     22.25     29.43     1739964
-13.73     22.25     29.43     1740979
-13.73     22.25     29.43     1741992
-13.73     22.25     29.43     1743006
-13.73     22.25     29.43     1744020
-13.73     22.25     29.43     1745035
-13.73     22.25     29.43     1746049
-13.73     22.25     29.43     1747062
-13.73     22.25     29.43     1748076
-13.73     22.25     29.31     1749090
-13.73     22.25     29.43     1750105
-13.73     22.25     29.43     1751118
-13.73     22.25     29.43     1752132
-13.73     22.25     29.43     1753146
-13.73     22.25     29.43     1754161
-13.73     22.25     29.43     1755174
-13.58     22.25     29.43     1756188
-13.73     22.25     29.43     1757202
-13.73     22.25     29.43     1758216
-13.58     22.25     29.43     1759230
-13.73     22.25     29.43     1760244
-13.73     22.36     29.43     1761258
-13.73     22.25     29.43     1762272
-13.73     22.25     29.43     1763287
-13.58     22.25     29.43     1764300
-13.73     22.25     29.43     1765314
-13.73     22.25     29.43     1766328
-13.73     22.36     29.43     1767342
-13.73     22.25     29.43     1768356
-13.73     22.25     29.43     1769370
-13.73     22.36     29.55     1770384
-13.73     22.25     29.31     1771398
-13.73     22.36     29.43     1772412
-13.73     22.25     29.43     1773426
-13.73     22.36     29.43     1774440
-13.73     22.25     29.43     1775454
-13.73     22.36     29.43     1776468
-13.73     22.36     29.43     1777482
-13.73     22.36     29.43     1778496
-13.73     22.36     29.43     1779510
-13.73     22.36     29.43     1780524
-13.73     22.25     29.43     1781538
-13.73     22.25     29.43     1782552
-13.73     22.25     29.43     1783566
-13.73     22.25     29.43     1784580
-13.73     22.25     29.43     1785594
-13.73     22.25     29.31     1786608
-13.73     22.36     29.43     1787622
-13.73     22.25     29.43     1788636
-13.73     22.36     29.43     1789649
-13.73     22.25     29.43     1790664
-13.73     22.25     29.43     1791678
-13.73     22.25     29.55     1792692
-13.73     22.25     29.43     1793705
-13.73     22.25     29.43     1794720
-13.73     22.25     29.43     1795734
-13.73     22.25     29.43     1796748
-13.73     22.25     29.43     1797762
-13.73     22.25     29.43     1798775
-13.73     22.25     29.43     1799790
-13.73     22.25     29.43     1800804
-13.73     22.25     29.43     1801818
-13.73     22.25     29.43     1802831
-13.73     22.25     29.55     1803846
-13.73     22.25     29.43     1804860
-13.73     22.36     29.43     1805874
-13.73     22.25     29.43     1806887
-13.73     22.25     29.43     1807901
-13.73     22.25     29.43     1808916
-13.73     22.25     29.43     1809930
-13.73     22.25     29.43     1810944
-13.73     22.25     29.43     1811957
-13.73     22.25     29.43     1812972
-13.73     22.36     29.55     1813986
-13.73     22.25     29.43     1815000
-13.73     22.25     29.43     1816013
-13.73     22.36     29.43     1817027
-13.73     22.25     29.43     1818042
-13.73     22.25     29.43     1819056
-13.73     22.25     29.43     1820069
-13.73     22.36     29.43     1821083
-13.73     22.25     29.43     1822098
-13.73     22.25     29.43     1823112
-13.73     22.36     29.43     1824125
-13.73     22.25     29.43     1825139
-13.73     22.25     29.43     1826153
-13.73     22.25     29.43     1827168
-13.73     22.25     29.43     1828182
-13.73     22.25     29.43     1829195
-13.73     22.36     29.43     1830209
-13.73     22.25     29.43     1831224
-13.73     22.25     29.43     1832238
-13.73     22.25     29.43     1833251
-13.73     22.36     29.43     1834265
-13.73     22.25     29.43     1835279
-13.73     22.25     29.43     1836294
-13.73     22.25     29.55     1837307
-13.73     22.25     29.43     1838321
-13.73     22.25     29.43     1839335
-13.73     22.36     29.43     1840350
-13.73     22.25     29.43     1841363
-13.73     22.25     29.43     1842377
-13.73     22.25     29.43     1843391
-13.73     22.25     29.43     1844406
-13.73     22.25     29.43     1845420
-13.73     22.25     29.43     1846433
-13.73     22.25     29.43     1847447
-13.73     22.25     29.43     1848461
-13.73     22.25     29.43     1849476
-13.73     22.36     29.55     1850489
-13.73     22.25     29.43     1851503
-13.73     22.25     29.43     1852517
-13.73     22.25     29.43     1853531
-13.73     22.25     29.43     1854545
-13.73     22.25     29.43     1855559
-13.73     22.25     29.55     1856573
-13.73     22.25     29.43     1857587
-13.73     22.25     29.43     1858601
-13.73     22.36     29.43     1859615
-13.73     22.25     29.43     1860629
-13.73     22.25     29.43     1861643
-13.73     22.25     29.43     1862657
-13.73     22.25     29.43     1863671
-13.73     22.25     29.43     1864685
-13.73     22.25     29.43     1865699
-13.73     22.36     29.43     1866713
-13.73     22.25     29.43     1867727
-13.73     22.25     29.43     1868741
-13.73     22.36     29.31     1869755
-13.73     22.36     29.43     1870769
-13.73     22.25     29.43     1871783
-13.73     22.25     29.43     1872797
-13.73     22.25     29.43     1873811
-13.73     22.25     29.43     1874825
-13.73     22.25     29.43     1875838
-13.73     22.25     29.43     1876853
-13.73     22.25     29.43     1877867
-13.73     22.25     29.43     1878881
-13.73     22.25     29.43     1879895
-13.73     22.36     29.31     1880909
-13.73     22.25     29.43     1881923
-13.73     22.36     29.43     1882937
-13.73     22.25     29.43     1883951
-13.73     22.25     29.43     1884964
-13.73     22.25     29.43     1885979
-13.73     22.25     29.43     1886993
-13.73     22.25     29.43     1888007
-13.73     22.25     29.43     1889020
-13.73     22.25     29.43     1890035
-13.73     22.25     29.43     1891049
-13.73     22.36     29.43     1892063
-13.73     22.36     29.43     1893076
-13.73     22.36     29.43     1894090
-13.73     22.36     29.43     1895105
-13.73     22.36     29.43     1896119
-13.73     22.36     29.43     1897133
-13.73     22.36     29.43     1898146
-13.73     22.36     29.43     1899161
-13.73     22.36     29.31     1900175
-13.73     22.36     29.43     1901189
-13.73     22.36     29.43     1902202
-13.73     22.36     29.43     1903216
-13.73     22.25     29.43     1904231
-13.73     22.36     29.43     1905245
-13.73     22.25     29.43     1906258
-13.73     22.25     29.43     1907272
-13.73     22.25     29.43     1908287
-13.73     22.36     29.43     1909301
-13.73     22.36     29.43     1910315
-13.73     22.36     29.43     1911328
-13.73     22.25     29.55     1912342
-13.88     22.25     29.43     1913357
-13.73     22.25     29.43     1914371
-13.73     22.36     29.43     1915384
-13.73     22.25     29.43     1916398
-13.73     22.25     29.43     1917413
-13.73     22.36     29.43     1918427
-13.73     22.25     29.43     1919440
-13.73     22.36     29.43     1920454
-13.73     22.25     29.43     1921468
-13.73     22.36     29.43     1922483
-13.73     22.25     29.43     1923496
-13.73     22.36     29.43     1924510
-13.73     22.36     29.43     1925524
-13.73     22.36     29.43     1926539
-13.73     22.25     29.31     1927553
-13.73     22.25     29.43     1928566
-13.73     22.36     29.43     1929580
-13.73     22.36     29.43     1930594
-13.73     22.36     29.31     1931609
-13.73     22.25     29.43     1932622
-13.73     22.25     29.43     1933636
-13.73     22.25     29.43     1934650
-13.73     22.25     29.43     1935665
-13.73     22.25     29.43     1936678
-13.73     22.25     29.43     1937692
-13.73     22.25     29.31     1938706
-13.73     22.36     29.43     1939720
-13.73     22.25     29.31     1940734
-13.73     22.25     29.43     1941748
-13.73     22.25     29.43     1942762
-13.73     22.25     29.31     1943776
-13.73     22.36     29.43     1944791
-13.73     22.25     29.31     1945804
-13.73     22.36     29.43     1946818
-13.73     22.25     29.43     1947832
-13.73     22.25     29.43     1948847
-13.73     22.25     29.43     1949860
-13.73     22.25     29.43     1950874
-13.73     22.25     29.43     1951888
-13.73     22.25     29.43     1952902
-13.73     22.25     29.43     1953916
-13.73     22.25     29.43     1954930
-13.73     22.25     29.43     1955944
-13.73     22.25     29.43     1956958
-13.73     22.25     29.43     1957972
-13.73     22.25     29.43     1958986
-13.73     22.25     29.43     1960000
-13.73     22.25     29.43     1961014
-13.73     22.36     29.43     1962028
-13.73     22.36     29.43     1963042
-13.73     22.25     29.43     1964056
-13.73     22.25     29.43     1965070
-13.73     22.25     29.43     1966084
-13.73     22.25     29.43     1967098
-13.73     22.36     29.31     1968112
-13.73     22.36     29.43     1969126
-13.73     22.25     29.43     1970140
-13.73     22.36     29.43     1971153
-13.73     22.25     29.43     1972168
-13.73     22.25     29.43     1973182
-13.73     22.25     29.43     1974196
-13.73     22.25     29.43     1975209
-13.73     22.36     29.43     1976224
-13.73     22.36     29.43     1977238
-13.73     22.36     29.43     1978252
-13.73     22.36     29.43     1979266
-13.73     22.36     29.43     1980279
-13.73     22.36     29.43     1981294
-13.73     22.36     29.43     1982308
-13.73     22.36     29.43     1983322
-13.73     22.36     29.43     1984335
-13.73     22.36     29.43     1985350
-13.73     22.36     29.43     1986364
-13.73     22.36     29.43     1987378
-13.73     22.36     29.43     1988391
-13.73     22.25     29.43     1989406
-13.73     22.36     29.43     1990420
-13.73     22.25     29.43     1991434
-13.73     22.36     29.43     1992448
-13.73     22.25     29.43     1993461
-13.73     22.36     29.43     1994476
-13.73     22.36     29.43     1995490
-13.73     22.25     29.43     1996504
-13.73     22.25     29.43     1997517
-13.73     22.36     29.43     1998532
-13.73     22.25     29.43     1999546
-13.73     22.36     29.43     2000560
-13.73     22.36     29.43     2001573
-13.88     22.36     29.43     2002587
-13.88     22.36     29.43     2003602
-13.73     22.25     29.43     2004616
-13.73     22.25     29.43     2005629
-13.73     22.36     29.55     2006643
-13.73     22.25     29.43     2007658
-13.73     22.36     29.43     2008672
-13.73     22.36     29.43     2009686
-13.73     22.25     29.43     2010699
-13.73     22.25     29.43     2011713
-13.73     22.36     29.43     2012728
-13.73     22.25     29.43     2013742
-13.73     22.36     29.43     2014755
-13.73     22.36     29.43     2015769
-13.88     22.36     29.43     2016784
-13.73     22.36     29.43     2017798
-13.73     22.36     29.43     2018811
-13.73     22.36     29.43     2019825
-13.73     22.36     29.43     2020840
-13.73     22.36     29.43     2021854
-13.88     22.36     29.43     2022867
-13.73     22.25     29.43     2023881
-13.73     22.36     29.43     2024895
-13.73     22.25     29.43     2025910
-13.73     22.36     29.55     2026924
-13.73     22.36     29.43     2027937
-13.73     22.36     29.43     2028951
-13.88     22.36     29.43     2029966
-13.73     22.36     29.31     2030980
-13.88     22.36     29.43     2031993
-13.73     22.36     29.43     2033007
-13.73     22.36     29.31     2034021
-13.73     22.36     29.43     2035036
-13.73     22.36     29.43     2036049
-13.88     22.36     29.43     2037063
-13.88     22.36     29.43     2038077
-13.88     22.25     29.43     2039092
-13.88     22.36     29.43     2040105
-13.88     22.36     29.43     2041119
-13.88     22.36     29.43     2042133
-13.73     22.36     29.43     2043147
-13.88     22.36     29.43     2044162
-13.88     22.36     29.43     2045175
-13.88     22.25     29.43     2046189
-13.73     22.36     29.43     2047203
-13.73     22.36     29.43     2048218
-13.73     22.25     29.43     2049231
-13.73     22.25     29.43     2050245
-13.73     22.36     29.43     2051259
-13.73     22.36     29.43     2052273
-13.88     22.25     29.55     2053287
-13.73     22.36     29.43     2054301
-13.73     22.36     29.43     2055315
-13.88     22.36     29.43     2056329
-13.73     22.36     29.43     2057344
-13.73     22.36     29.43     2058357
-13.73     22.36     29.43     2059371
-13.88     22.36     29.43     2060385
-13.73     22.25     29.43     2061399
-13.88     22.36     29.55     2062413
-13.73     22.25     29.55     2063427
-13.88     22.25     29.43     2064441
-13.88     22.25     29.43     2065455
-13.73     22.25     29.43     2066469
-13.88     22.25     29.43     2067483
-13.88     22.25     29.31     2068497
-13.88     22.25     29.31     2069511
-13.88     22.14     29.31     2070525
-13.88     22.14     29.31     2071539
-13.88     22.14     29.20     2072553
-13.88     22.14     29.20     2073567
-13.88     22.14     29.20     2074580
-13.88     22.14     29.20     2075595
-13.88     22.03     29.20     2076609
-13.88     22.03     29.31     2077623
-13.88     22.03     29.31     2078637
-13.88     22.03     29.43     2079650
-14.03     22.03     29.43     2080665
-14.03     22.03     29.43     2081679
-14.03     22.03     29.55     2082693
-14.03     22.03     29.55     2083706
-14.03     22.03     29.55     2084720
-13.88     22.03     29.43     2085735
-14.03     21.92     29.55     2086749
-14.03     21.92     29.55     2087762
-14.03     21.92     29.55     2088776
-14.03     21.92     29.55     2089790
-14.03     21.92     29.55     2090804
-13.88     21.92     29.55     2091819
-14.03     21.92     29.55     2092832
-14.03     21.92     29.55     2093846
-14.03     21.92     29.55     2094860
-14.03     21.92     29.55     2095874
-14.03     21.92     29.55     2096887
-14.03     21.92     29.55     2097902
-14.03     21.92     29.43     2098916
-14.03     21.92     29.43     2099930
-14.03     21.92     29.55     2100943
-14.03     21.92     29.43     2101957
-14.17     21.92     29.55     2102971
-14.03     21.92     29.43     2103985
-14.03     22.03     29.55     2104999
-14.03     22.03     29.55     2106013
-14.03     22.03     29.55     2107027
-14.03     22.03     29.55     2108041
-14.17     22.03     29.55     2109054
-14.03     22.03     29.55     2110069
-14.03     21.92     29.55     2111083
-14.03     22.03     29.55     2112097
-14.03     21.92     29.55     2113111
-14.03     22.03     29.55     2114124
-14.03     22.03     29.55     2115139
-14.03     22.03     29.55     2116153
-14.03     22.03     29.55     2117167
-14.03     22.03     29.55     2118180
-14.03     22.03     29.55     2119194
-14.03     22.03     29.55     2120209
-14.03     22.03     29.55     2121223
-14.03     22.03     29.55     2122236
-14.03     22.03     29.55     2123250
-14.03     22.03     29.55     2124265
-14.03     22.03     29.55     2125279
-14.03     22.03     29.55     2126292
-14.03     22.03     29.55     2127306
-14.03     22.03     29.55     2128320
-14.03     22.03     29.55     2129335
-14.17     22.03     29.55     2130349
-14.17     22.03     29.55     2131362
-14.03     22.03     29.55     2132376
-14.03     22.03     29.67     2133390
-14.03     22.03     29.55     2134405
-14.03     22.03     29.55     2135418
-14.03     22.03     29.55     2136432
-14.17     22.03     29.55     2137446
-14.03     22.03     29.55     2138460
-14.03     22.03     29.55     2139474
-14.03     22.03     29.43     2140488
-14.03     22.03     29.43     2141502
-14.03     22.03     29.55     2142516
-14.03     22.03     29.55     2143529
-14.03     22.03     29.55     2144544
-14.03     22.14     29.43     2145558
-14.03     22.03     29.43     2146572
-14.03     22.03     29.43     2147586
-14.03     22.14     29.55     2148599
-14.03     22.14     29.43     2149614
-14.03     22.14     29.43     2150628
-14.03     22.14     29.43     2151642
-14.03     22.14     29.43     2152655
-14.03     22.14     29.43     2153669
-14.03     22.03     29.43     2154684
-14.03     22.14     29.43     2155698
-14.03     22.03     29.43     2156711
-14.03     22.14     29.43     2157725
-14.03     22.03     29.43     2158739
-14.03     22.14     29.43     2159753
-14.03     22.14     29.43     2160768
-14.03     22.14     29.43     2161781
-14.03     22.14     29.31     2162795
-14.03     22.14     29.31     2163809
-14.03     22.03     29.31     2164823
-14.03     22.03     29.31     2165837
-14.03     22.14     29.31     2166851
-14.03     22.03     29.31     2167865
-14.03     22.14     29.31     2168879
-14.03     22.14     29.31     2169892
-14.03     22.14     29.31     2170907
-14.03     22.03     29.31     2171921
-14.03     22.03     29.31     2172935
-14.03     22.03     29.31     2173948
-14.03     22.03     29.31     2174962
-14.03     22.14     29.31     2175977
-14.03     22.03     29.31     2176991
-14.03     22.14     29.31     2178004
-14.03     22.03     29.31     2179018
-14.03     22.14     29.31     2180032
-14.03     22.03     29.31     2181047
-14.03     22.14     29.31     2182061
-14.03     22.14     29.31     2183074
-14.03     22.14     29.31     2184088
-14.03     22.14     29.31     2185102
-14.03     22.14     29.31     2186117
-14.03     22.14     29.31     2187130
-14.03     22.14     29.31     2188144
-14.03     22.14     29.31     2189158
-14.03     22.14     29.31     2190172
-14.03     22.03     29.31     2191186
-14.03     22.14     29.31     2192200
-13.88     22.14     29.31     2193214
-14.03     22.14     29.31     2194228
-14.03     22.14     29.31     2195241
-14.03     22.14     29.31     2196256
-14.03     22.14     29.31     2197270
-14.03     22.14     29.31     2198284
-14.03     22.14     29.31     2199298
-14.03     22.14     29.31     2200311
-14.03     22.14     29.31     2201326
-14.03     22.14     29.31     2202340
-14.03     22.14     29.31     2203354
-14.03     22.14     29.31     2204367
-14.03     22.14     29.31     2205381
-14.03     22.03     29.31     2206396
-14.03     22.03     29.31     2207410
-14.03     22.03     29.31     2208423
-14.03     22.03     29.31     2209437
-14.03     22.03     29.31     2210451
-14.03     22.14     29.31     2211466
-14.03     22.03     29.20     2212480
-14.03     22.14     29.20     2213493
-14.03     22.14     29.31     2214507
-14.03     22.14     29.20     2215521
-14.03     22.14     29.20     2216536
-14.03     22.14     29.31     2217549
-14.03     22.14     29.31     2218563
-14.03     22.14     29.31     2219577
-14.03     22.14     29.31     2220591
-14.03     22.14     29.31     2221605
-14.03     22.14     29.20     2222619
-14.03     22.14     29.31     2223633
-14.03     22.03     29.20     2224647
-14.03     22.03     29.31     2225660
-14.03     22.14     29.31     2226675
-14.03     22.14     29.31     2227689
-14.03     22.14     29.20     2228703
-14.03     22.14     29.31     2229716
-14.03     22.14     29.43     2230730
-14.03     22.14     29.31     2231745
-14.03     22.14     29.31     2232759
-14.03     22.14     29.31     2233773
-14.03     22.14     29.31     2234786
-14.03     22.03     29.31     2235800
-14.03     22.14     29.31     2236815
-14.03     22.14     29.20     2237829
-14.03     22.14     29.31     2238842
-14.03     22.14     29.31     2239856
-14.03     22.14     29.31     2240870
-14.03     22.14     29.31     2241885
-14.03     22.14     29.31     2242898
-14.03     22.14     29.31     2243912
-14.03     22.14     29.31     2244926
-14.03     22.14     29.31     2245940
-14.03     22.14     29.31     2246955
-14.03     22.14     29.31     2247968
-14.03     22.14     29.31     2248982
-14.03     22.14     29.31     2249996
-14.03     22.14     29.31     2251010
-14.03     22.14     29.31     2252024
-14.03     22.14     29.31     2253038
-14.03     22.14     29.31     2254052
-14.03     22.14     29.31     2255066
-14.03     22.14     29.43     2256079
-14.03     22.14     29.31     2257094
-14.03     22.14     29.31     2258108
-14.03     22.14     29.31     2259122
-14.03     22.14     29.31     2260135
-14.03     22.14     29.43     2261149
-14.03     22.14     29.31     2262164
-14.03     22.14     29.31     2263178
-14.03     22.14     29.31     2264192
-14.03     22.14     29.31     2265205
-14.03     22.14     29.31     2266219
-14.03     22.14     29.31     2267234
-14.03     22.14     29.31     2268248
-14.03     22.14     29.31     2269261
-14.03     22.14     29.31     2270275
-14.03     22.14     29.31     2271289
-14.03     22.14     29.31     2272304
-14.03     22.14     29.31     2273317
-14.03     22.14     29.31     2274331
-14.03     22.14     29.31     2275345
-14.03     22.14     29.31     2276359
-14.03     22.14     29.43     2277373
-14.03     22.14     29.31     2278387
-14.03     22.14     29.31     2279401
-14.03     22.14     29.31     2280415
-14.03     22.14     29.31     2281428
-14.03     22.14     29.31     2282443
-14.03     22.14     29.31     2283457
-14.03     22.14     29.31     2284471
-14.03     22.14     29.31     2285485
-14.03     22.14     29.31     2286498
-14.03     22.14     29.31     2287513
-14.03     22.14     29.31     2288527
-14.03     22.14     29.31     2289541
-14.03     22.14     29.31     2290554
-14.03     22.14     29.31     2291568
-14.03     22.14     29.20     2292583
-14.03     22.14     29.31     2293597
-14.03     22.14     29.31     2294610
-14.03     22.14     29.31     2295624
-14.03     22.14     29.31     2296638
-14.03     22.14     29.31     2297653
-14.03     22.14     29.31     2298667
-14.03     22.14     29.31     2299680
-14.03     22.14     29.31     2300694
-14.03     22.14     29.31     2301708
-14.03     22.14     29.31     2302723
-14.03     22.14     29.31     2303736
-14.03     22.14     29.31     2304750
-14.03     22.14     29.31     2305764
-14.03     22.14     29.31     2306778
-14.03     22.14     29.31     2307792
-14.03     22.14     29.31     2308806
-14.03     22.14     29.31     2309820
-14.03     22.14     29.31     2310834
-14.03     22.14     29.31     2311847
-14.03     22.14     29.31     2312862
-14.03     22.14     29.31     2313876
-14.03     22.14     29.31     2314890
-14.03     22.14     29.31     2315904
-14.03     22.14     29.31     2316917
-14.03     22.14     29.31     2317932
-14.03     22.14     29.31     2318946
-14.03     22.14     29.31     2319960
-14.03     22.14     29.43     2320973
-14.03     22.14     29.31     2321987
-14.03     22.14     29.31     2323002
-14.03     22.14     29.31     2324016
-14.03     22.14     29.31     2325029
-14.03     22.14     29.31     2326043
-14.03     22.14     29.31     2327057
-14.03     22.14     29.31     2328072
-14.03     22.14     29.31     2329085
-14.03     22.14     29.31     2330099
-14.03     22.14     29.31     2331113
-14.03     22.14     29.31     2332127
-14.03     22.14     29.31     2333142
-14.03     22.14     29.31     2334155
-14.03     22.14     29.31     2335169
-14.03     22.14     29.31     2336183
-14.03     22.14     29.31     2337197
-14.03     22.14     29.31     2338211
-14.03     22.14     29.31     2339225
-14.03     22.14     29.31     2340239
-14.03     22.14     29.31     2341253
-14.03     22.14     29.31     2342266
-14.03     22.14     29.31     2343281
-14.03     22.14     29.31     2344295
-14.03     22.14     29.31     2345309
-14.03     22.14     29.31     2346322
-14.03     22.14     29.31     2347336
-14.03     22.14     29.31     2348351
-14.03     22.14     29.31     2349365
-14.03     22.14     29.31     2350379
-14.03     22.14     29.31     2351392
-14.03     22.14     29.31     2352406
-14.03     22.14     29.31     2353421
-14.03     22.14     29.31     2354435
-14.03     22.14     29.31     2355448
-14.03     22.14     29.31     2356462
-14.17     22.14     29.31     2357476
-14.03     22.14     29.31     2358491
-14.03     22.14     29.31     2359504
-14.03     22.14     29.31     2360518
-14.03     22.14     29.31     2361532
-14.03     22.14     29.31     2362546
-14.03     22.14     29.31     2363560
-14.03     22.14     29.31     2364574
-14.03     22.14     29.31     2365588
-14.03     22.03     29.31     2366602
-14.03     22.14     29.31     2367616
-14.03     22.14     29.31     2368630
-14.03     22.14     29.31     2369644
-14.03     22.14     29.31     2370658
-14.03     22.14     29.31     2371672
-14.03     22.14     29.31     2372685
-14.03     22.14     29.31     2373700
-14.03     22.14     29.31     2374714
-14.03     22.14     29.31     2375728
-14.03     22.14     29.31     2376741
-14.17     22.14     29.31     2377755
-14.03     22.03     29.20     2378770
-14.03     22.14     29.31     2379784
-14.03     22.14     29.20     2380797
-14.03     22.14     29.20     2381811
-14.03     22.14     29.31     2382825
-14.03     22.03     29.31     2383840
-14.03     22.14     29.31     2384854
-14.03     22.14     29.31     2385867
-14.03     22.14     29.20     2386881
-14.03     22.14     29.31     2387895
-14.03     22.14     29.31     2388910
-14.03     22.14     29.31     2389923
-14.03     22.14     29.31     2390937
-14.03     22.14     29.31     2391951
-14.03     22.14     29.31     2392965
-14.03     22.14     29.20     2393979
-14.03     22.14     29.31     2394993
-14.03     22.14     29.31     2396007
-14.03     22.14     29.31     2397021
-14.03     22.14     29.31     2398034
-14.03     22.14     29.31     2399049
-14.03     22.14     29.31     2400063
-14.03     22.14     29.20     2401077
-14.03     22.14     29.20     2402091
-14.03     22.14     29.31     2403104
-14.03     22.14     29.20     2404119
-14.03     22.14     29.20     2405133
-14.03     22.14     29.31     2406147
-14.03     22.14     29.31     2407160
-14.03     22.14     29.20     2408174
-14.03     22.14     29.31     2409189
-14.03     22.14     29.20     2410203
-14.03     22.14     29.31     2411216
-14.03     22.14     29.31     2412230
-14.03     22.14     29.31     2413244
-14.03     22.14     29.31     2414259
-14.03     22.14     29.31     2415272
-14.03     22.14     29.31     2416286
-14.03     22.14     29.31     2417300
-14.03     22.14     29.31     2418314
-14.03     22.14     29.31     2419329
-14.03     22.14     29.31     2420342
-14.03     22.14     29.31     2421356
-14.03     22.14     29.31     2422370
-14.03     22.14     29.31     2423384
-14.03     22.14     29.43     2424398
-14.03     22.14     29.31     2425412
-14.03     22.14     29.31     2426426
-14.03     22.14     29.31     2427440
-14.03     22.14     29.31     2428453
-14.03     22.14     29.31     2429468
-14.03     22.25     29.31     2430482
-14.03     22.14     29.31     2431496
-14.03     22.14     29.31     2432509
-14.03     22.14     29.31     2433523
-14.03     22.14     29.31     2434538
-14.03     22.14     29.31     2435552
-14.03     22.14     29.31     2436566
-14.03     22.14     29.31     2437579
-14.03     22.14     29.31     2438593
-14.03     22.14     29.31     2439608
-14.03     22.14     29.31     2440622
-14.03     22.14     29.31     2441635
-14.03     22.14     29.31     2442649
-14.03     22.14     29.31     2443663
-14.03     22.14     29.31     2444678
-14.03     22.14     29.31     2445691
-14.03     22.14     29.31     2446705
-14.03     22.14     29.31     2447719
-14.03     22.25     29.31     2448733
-14.03     22.14     29.43     2449747
-14.03     22.14     29.31     2450761
-14.03     22.25     29.31     2451775
-14.03     22.14     29.31     2452789
-14.03     22.14     29.43     2453803
-14.03     22.14     29.31     2454817
-14.03     22.14     29.31     2455831
-14.03     22.14     29.31     2456845
-14.03     22.25     29.31     2457859
-14.03     22.14     29.43     2458872
-14.03     22.14     29.31     2459887
-14.03     22.14     29.43     2460901
-14.03     22.14     29.31     2461915
-14.03     22.14     29.31     2462928
-14.03     22.14     29.31     2463942
-14.03     22.14     29.31     2464957
-14.03     22.25     29.31     2465971
-14.03     22.14     29.31     2466984
-14.03     22.14     29.31     2467998

