10.62     26.08     0
10.73     25.97     1008
10.84     25.97     2018
10.95     26.08     3027
10.95     26.42     4036
11.06     26.65     5046
10.95     27.00     6055
10.95     27.46     7064
10.95     27.80     8074
10.84     28.27     9082
10.73     28.61     10092
10.73     28.96     11102
10.62     29.31     12110
10.51     29.67     13120
10.40     29.90     14130
10.29     30.14     15138
10.18     30.37     16148
9.96     30.61     17158
9.85     30.85     18166
9.74     31.09     19176
9.63     31.21     20186
9.52     31.44     21194
9.41     31.56     22204
9.19     31.68     23214
9.08     31.80     24223
8.97     31.92     25232
8.86     32.16     26242
8.75     32.29     27251
8.53     32.41     28261
8.42     32.53     29271
8.42     32.65     30280
8.20     32.53     31289
7.98     32.77     32299
7.86     32.89     33308
7.75     33.01     34318
7.64     33.13     35328
7.42     33.13     36337
7.31     33.26     37346
7.20     33.38     38355
7.09     33.38     39365
6.98     33.50     40375
6.75     33.62     41384
6.64     33.62     42394
6.53     33.74     43404
6.42     33.62     44413
6.31     33.87     45423
6.20     33.99     46432
5.97     33.99     47441
5.86     34.11     48451
5.75     34.24     49460
5.64     34.24     50469
5.52     34.36     51479
5.41     34.36     52489
5.30     34.36     53498
5.19     34.48     54508
5.07     34.48     55518
4.96     34.61     56527
4.85     34.61     57536
4.74     34.61     58546
4.62     34.73     59555
4.40     34.73     60565
4.28     34.73     61575
4.28     34.73     62584
4.17     34.85     63593
3.94     34.85     64603
3.83     34.85     65612
3.72     34.98     66622
3.60     35.10     67632
3.49     35.10     68640
3.37     35.10     69650
3.37     35.23     70660
3.26     35.35     71669
3.15     35.23     72679
3.03     35.35     73688
2.92     35.35     74697
2.80     35.48     75707
2.80     35.48     76717
2.57     35.48     77725
2.57     35.48     78735
2.46     35.60     79745
2.34     35.60     80754
2.23     35.60     81763
2.11     35.73     82772
2.00     35.73     83782
1.88     35.73     84792
1.77     35.73     85800
1.77     35.73     86810
1.65     35.85     87820
1.53     35.85     88829
1.42     35.85     89838
1.42     35.98     90848
1.30     35.98     91857
1.19     35.98     92867
1.07     35.98     93876
1.07     36.10     94885
0.95     35.98     95895
0.84     36.10     96904
0.72     36.10     97913
0.72     36.23     98923
0.60     36.10     99933
0.60     36.23     100941
0.37     36.23     101951
0.37     36.23     102961
0.25     36.23     103970
0.25     36.36     104980
0.13     36.23     105989
0.02     36.36     106998
0.02     36.36     108008
-0.10     36.36     109018
-0.10     36.36     110027
-0.22     36.36     111036
-0.34     36.36     112046
-0.34     36.36     113055
-0.34     36.48     114065
-0.46     36.36     115075
-0.57     36.36     116083
-0.57     36.36     117093
-0.57     36.36     118103
-0.69     36.23     119112
-0.69     36.23     120122
-0.69     36.23     121131
-0.69     36.10     122140
-0.81     35.98     123150
-0.81     35.98     124160
-0.81     35.98     125168
-0.81     35.73     126178
-0.81     35.60     127187
-0.81     35.60     128197
-0.81     35.48     129206
-0.81     35.35     130215
-0.81     35.23     131225
-0.81     35.23     132235
-0.81     34.98     133244
-0.81     34.98     134253
-0.81     34.85     135263
-0.69     34.73     136272
-0.69     34.73     137282
-0.69     34.61     138291
-0.69     34.48     139300
-0.69     34.48     140310
-0.57     34.48     141320
-0.57     34.36     142329
-0.57     34.36     143338
-0.57     34.24     144348
-0.46     34.24     145357
-0.46     34.24     146367
-0.46     34.11     147376
-0.34     34.11     148385
-0.34     34.11     149395
-0.34     34.11     150405
-0.22     34.11     151413
-0.22     33.99     152423
-0.22     34.11     153433
-0.22     34.24     154442
-0.22     33.99     155452
-0.22     33.99     156461
-0.10     33.99     157470
-0.10     33.99     158480
-0.10     33.99     159490
0.02     33.99     160498
-0.10     33.99     161508
0.02     33.99     162518
0.02     34.11     163527
0.02     34.11     164536
0.02     34.11     165545
0.02     34.11     166555
0.02     34.24     167564
0.02     34.24     168573
0.02     34.24     169583
0.02     34.24     170593
0.02     34.24     171602
0.02     34.11     172611
0.13     34.11     173621
0.13     34.11     174630
0.02     34.11     175639
0.25     33.99     176649
0.13     34.11     177658
0.13     34.11     178668
0.13     34.11     179677
0.13     34.11     180686
0.13     34.11     181696
0.13     34.24     182706
0.13     34.36     183714
0.13     34.36     184724
0.13     34.36     185734
0.25     34.36     186743
0.13     34.36     187752
0.13     34.36     188762
0.13     34.36     189771
0.13     34.48     190781
0.13     34.48     191791
0.02     34.48     192799
0.02     34.61     193809
0.13     34.48     194819
0.02     34.48     195828
0.02     34.48     196837
0.02     34.48     197847
0.02     34.48     198856
0.02     34.61     199866
0.02     34.48     200876
0.02     34.48     201884
0.02     34.48     202894
0.02     34.48     203904
-0.10     34.48     204913
0.02     34.48     205922
0.02     34.48     206931
0.02     34.48     207941
0.02     34.48     208951
-0.10     34.48     209959
0.02     34.48     210969
0.02     34.48     211979
0.02     34.61     212988
-0.10     34.61     213998
-0.10     34.48     215007
0.02     34.61     216016
0.02     34.48     217026
-0.10     34.48     218036
0.02     34.48     219044
0.02     34.48     220054
-0.10     34.48     221064
-0.10     34.48     222073
-0.10     34.48     223083
-0.10     34.48     224092
0.02     34.48     225101
0.02     34.48     226111
-0.10     34.36     227121
-0.10     34.48     228129
0.02     34.36     229139
-0.10     34.24     230149
0.02     34.36     231158
0.02     34.36     232168
0.02     34.36     233177
-0.10     34.36     234186
-0.10     34.36     235196
0.02     34.36     236206
0.02     34.36     237214
-0.10     34.36     238224
0.02     34.36     239234
0.02     34.36     240243
0.02     34.36     241253
0.02     34.36     242262
-0.10     34.36     243271
0.02     34.36     244281
0.02     34.36     245291
0.02     34.11     246299
-1.41     34.36     247309
-0.10     34.36     248318
0.02     34.36     249328
0.02     34.36     250338
0.02     34.36     251346
0.02     34.36     252356
-0.10     34.36     253366
0.02     34.36     254375
0.02     34.48     255384
-0.10     34.36     256394
0.02     34.36     257403
-0.10     34.36     258413
0.02     34.36     259422
0.02     34.48     260431
0.02     34.36     261441
0.02     34.36     262451
0.02     34.36     263460
0.02     34.36     264469
-0.10     34.36     265479
-0.10     34.24     266488
0.02     34.36     267498
0.02     34.36     268507
-0.10     34.36     269516
-0.10     34.36     270526
0.02     34.36     271536
0.02     34.36     272545
-0.10     34.36     273554
0.02     34.36     274564
-0.10     34.36     275573
0.02     34.36     276583
0.02     34.36     277592
0.02     34.48     278601
0.02     34.36     279611
0.02     34.24     280621
0.02     34.36     281630
-0.10     34.36     282639
0.02     34.36     283649
0.02     34.36     284658

