22.92     23.93     0
23.03     24.04     1008
23.03     24.04     2018
23.03     24.15     3027
22.92     24.38     4037
22.92     24.72     5047
22.81     25.17     6055
22.70     25.62     7065
22.58     26.08     8075
22.36     26.42     9084
22.14     26.88     10094
22.03     27.23     11103
21.80     27.69     12112
21.58     27.92     13122
21.36     28.38     14132
21.25     28.61     15141
21.03     28.85     16150
20.81     29.08     17160
20.59     29.31     18169
20.36     29.55     19178
20.14     29.78     20188
19.92     29.90     21197
19.70     30.14     22207
19.37     30.37     23216
19.26     30.49     24225
19.04     30.61     25235
18.71     30.73     26244
18.49     30.97     27253
18.27     31.09     28263
18.05     31.21     29273
17.94     31.33     30281
17.62     31.44     31291
17.40     31.56     32301
17.29     31.56     33310
16.96     31.80     34319
16.74     31.92     35329
16.52     32.04     36338
16.30     32.16     37347
16.08     32.29     38356
15.87     32.29     39366
15.65     32.41     40375
15.43     32.53     41384
15.21     32.65     42394
14.99     32.65     43403
14.77     32.77     44412
14.56     32.89     45422
14.34     32.89     46431
14.23     33.01     47440
14.01     33.13     48450
13.79     33.26     49459
13.57     33.26     50468
13.35     33.38     51478
13.14     33.38     52488
13.03     33.50     53496
12.81     33.62     54506
12.59     33.62     55516
12.37     33.74     56524
12.15     33.74     57534
12.04     33.87     58544
11.83     33.87     59552
11.61     33.99     60562
11.50     33.87     61572
11.28     34.11     62580
11.06     34.11     63590
10.95     34.24     64600
10.73     34.24     65608
10.51     34.24     66618
10.40     34.36     67628
10.18     34.36     68636
10.07     34.48     69646
9.96     34.48     70656
9.74     34.61     71664
9.52     34.61     72674
9.41     34.73     73683
9.19     34.73     74693
9.08     34.73     75702
8.86     34.85     76711
8.75     34.85     77721
8.64     34.85     78731
8.42     34.85     79740
8.31     34.98     80749
8.09     34.98     81759
7.98     35.10     82768
7.86     35.10     83778
7.75     35.10     84788
7.53     35.23     85797
7.42     35.35     86807
7.20     35.35     87816
7.09     35.35     88825
6.98     35.35     89835
6.86     35.48     90845
6.75     35.48     91854
6.53     35.48     92864
6.42     35.48     93874
6.31     35.60     94883
6.08     35.60     95892
6.08     35.73     96902
5.86     35.73     97911
5.75     35.73     98921
5.64     35.73     99931
5.52     35.73     100939
5.41     35.85     101949
5.30     35.85     102959
5.19     35.85     103968
4.96     35.85     104978
4.96     35.98     105988
4.85     35.98     106997
4.74     36.10     108007
4.51     36.10     109017
4.51     36.10     110025
4.40     36.10     111035
4.17     36.10     112045
4.17     36.23     113054
4.06     36.23     114064
3.94     36.23     115074
3.83     36.23     116083
3.72     36.23     117093
3.60     36.36     118103
3.49     36.36     119111
3.37     36.36     120121
3.26     36.36     121131
3.15     36.36     122140
3.03     36.48     123150
3.03     36.36     124158
2.92     36.48     125168
2.80     36.61     126178
2.69     36.48     127187
2.57     36.61     128197
2.46     36.61     129206
2.34     36.61     130215
2.34     36.61     131225
2.23     36.61     132235
2.11     36.61     133244
2.11     36.74     134254
2.00     36.74     135263
1.88     36.74     136272
1.77     36.74     137282
1.77     36.86     138292
1.65     36.86     139301
1.53     36.99     140310
1.42     36.86     141320
1.30     36.86     142329
1.30     36.86     143339
1.19     36.86     144349
1.07     36.99     145357
1.07     36.99     146367
0.95     36.99     147377
0.84     36.99     148386
0.84     36.99     149395
0.72     36.99     150405
0.72     36.99     151414
0.60     37.12     152424
0.49     37.12     153434
0.49     37.12     154442
0.37     37.12     155452
0.37     37.12     156462
0.25     37.12     157471
0.13     37.12     158480
0.13     37.12     159490
0.02     37.12     160499
0.02     37.25     161509
-0.10     37.12     162518
-0.10     37.25     163527
-0.22     37.25     164537
-0.22     37.25     165547
-0.34     37.25     166556
-0.46     37.38     167566
-0.46     37.25     168574
-0.57     37.25     169584
-0.57     37.38     170594
-0.69     37.38     171603
-0.69     37.38     172613
-0.81     37.38     173622
-0.93     37.38     174631
-0.93     37.38     175641
-0.93     37.38     176651
-0.93     37.38     177660
-1.05     37.38     178669
-1.05     37.50     179679
-1.17     37.38     180688
-1.29     37.50     181698
-1.29     37.50     182707
-1.29     37.50     183716
-1.41     37.50     184726
-1.41     37.50     185736
-1.53     37.50     186745
-1.53     37.50     187754
-1.53     37.50     188764
-1.65     37.63     189773
-1.65     37.50     190783
-1.77     37.50     191793
-1.77     37.63     192801
-1.89     37.63     193811
-1.89     37.63     194821
-2.01     37.63     195830
-2.01     37.63     196840
-2.01     37.63     197849
-2.01     37.63     198858
-2.13     37.63     199868
-2.13     37.63     200878
-2.25     37.63     201886
-2.25     37.63     202896
-2.37     37.63     203906
-2.37     37.63     204915
-2.37     37.76     205925
-2.37     37.76     206934
-2.49     37.76     207943
-2.49     37.76     208953
-2.61     37.76     209963
-2.61     37.76     210972
-2.61     37.63     211981
-2.61     37.76     212990
-2.73     37.76     214000
-2.73     37.76     215010
-2.73     37.76     216018
-2.86     37.76     217028
-2.86     37.76     218038
-2.86     37.76     219047
-2.98     37.89     220056
-2.98     37.76     221066
-2.98     37.76     222075
-2.98     37.76     223085
-3.10     37.76     224095
-3.10     37.76     225103
-3.10     37.89     226113
-3.22     37.76     227123
-3.10     37.89     228132
-3.22     37.89     229142
-3.34     37.76     230151
-3.34     37.89     231160
-3.34     37.89     232170
-3.34     37.89     233180
-3.47     37.89     234188
-3.47     37.89     235198
-3.47     37.89     236208
-3.59     37.89     237217
-3.59     37.89     238226
-3.59     38.02     239236
-3.59     37.89     240245
-3.59     37.89     241255
-3.71     37.89     242264
-3.71     37.89     243273
-3.71     38.02     244283
-3.71     38.02     245292
-3.71     38.02     246301
-3.71     37.89     247311
-3.84     37.89     248321
-3.84     37.89     249329
-3.96     38.02     250339
-3.84     37.89     251348
-3.96     37.89     252358
-3.96     38.02     253368
-3.96     37.89     254376
-4.08     37.89     255386
-4.08     37.89     256396
-4.08     37.89     257405
-4.08     37.89     258414
-4.08     37.89     259424
-4.08     38.02     260433
-4.21     37.89     261443
-4.21     38.02     262452
-4.21     37.89     263461
-4.21     38.02     264471
-4.33     37.89     265481
-4.33     37.89     266489
-4.33     37.89     267499
-4.33     38.02     268509
-4.46     37.89     269518
-4.46     37.89     270527
-4.33     37.89     271537
-4.46     38.02     272546
-4.46     38.02     273556
-4.46     37.89     274565
-4.46     37.89     275574
-4.58     38.02     276584
-4.58     37.89     277594
-4.58     37.89     278602
-4.58     38.02     279612
-4.58     38.02     280622
-4.71     38.02     281631
-4.71     38.02     282640
-4.58     38.02     283650
-4.71     38.02     284659
-4.71     38.02     285669
-4.71     38.02     286678
-4.83     38.02     287687
-4.83     38.02     288697
-4.83     38.02     289705
-4.71     38.02     290715
-4.83     38.02     291725
-4.83     38.02     292734
-4.83     38.15     293743
-4.83     38.02     294753
-4.96     38.02     295762
-4.96     38.02     296772
-4.96     38.02     297781
-4.96     38.02     298790
-4.96     38.02     299800
-4.96     38.02     300809
-4.96     38.02     301818
-4.96     38.02     302828
-5.08     38.02     303838
-5.08     38.02     304846
-5.08     38.02     305856
-5.08     38.02     306866
-5.08     38.02     307875
-5.21     38.02     308884
-5.08     38.02     309894
-5.21     38.02     310903
-5.21     38.15     311913
-5.21     38.02     312922
-5.21     38.02     313931
-5.21     38.02     314941
-5.33     38.02     315951
-5.21     38.02     316959
-5.21     38.02     317969
-5.33     38.02     318979
-5.33     38.02     319988
-5.33     38.02     320998
-5.33     38.02     322007
-5.33     38.02     323016
-5.33     38.02     324026
-5.33     38.02     325036
-5.33     38.02     326045
-5.33     38.02     327054
-5.46     38.02     328064
-5.46     38.02     329073
-5.46     38.02     330082
-5.33     38.02     331091
-5.46     38.02     332101
-5.46     38.02     333111
-5.46     38.02     334119
-5.46     38.02     335129
-5.59     38.02     336139
-5.46     38.02     337148
-5.59     38.02     338157
-5.59     38.02     339167
-5.59     38.02     340176
-5.59     38.02     341186
-5.59     38.02     342195
-5.59     38.02     343204
-5.59     37.89     344214
-5.59     38.02     345223
-5.71     37.89     346232
-5.59     37.89     347242
-5.71     38.02     348252
-5.71     38.02     349260
-5.71     37.89     350270
-5.71     37.89     351280
-5.71     38.02     352289
-5.71     37.89     353298
-5.71     38.02     354308
-5.84     38.02     355317
-5.71     38.02     356326
-5.71     37.89     357336
-5.84     37.76     358345
-5.84     37.89     359355
-5.84     37.89     360364
-5.71     37.89     361373
-5.84     37.89     362383
-5.71     37.89     363392
-5.84     38.02     364401
-5.84     38.15     365411
-5.84     38.02     366420
-5.84     37.89     367429
-5.84     38.02     368439
-5.84     38.02     369448
-5.84     37.89     370458
-5.84     37.89     371467
-5.84     37.89     372476
-5.84     37.89     373486
-5.97     37.89     374495
-5.97     37.89     375504
-5.97     37.89     376514
-5.97     37.89     377524
-5.97     38.02     378532
-5.97     37.89     379542
-5.97     37.89     380552
-5.97     37.89     381560
-5.97     38.02     382570
-5.97     38.15     383580
-5.97     37.89     384589
-5.97     37.89     385598
-5.97     37.89     386608
-5.97     38.02     387617
-6.09     37.89     388627
-6.09     37.89     389636
-6.09     37.89     390645
-6.09     37.89     391655
-6.09     38.02     392664
-6.09     38.02     393673
-6.09     38.02     394683
-6.09     37.89     395693
-6.09     37.89     396701
-6.09     38.02     397711
-6.09     37.89     398721
-6.09     38.02     399729
-6.09     37.89     400739
-6.22     38.02     401748
-6.09     37.89     402758
-6.22     37.89     403767
-6.22     37.89     404776
-6.22     38.02     405786
-6.22     38.02     406796
-6.22     37.89     407804
-6.09     37.89     408814
-6.22     37.89     409824
-6.22     38.02     410832
-6.22     38.02     411842
-6.22     38.02     412852
-6.22     38.02     413861
-6.35     37.89     414870
-6.22     38.02     415880
-6.22     38.02     416889
-6.22     38.02     417899
-6.22     37.89     418908
-6.22     38.02     419917
-6.35     38.02     420927
-6.35     38.02     421936
-6.35     38.02     422945
-6.35     38.02     423955
-6.35     38.02     424965
-6.35     38.02     425973
-6.35     38.02     426983
-6.35     38.02     427993
-6.35     38.02     429002
-6.35     38.02     430011
-6.35     38.02     431021
-6.35     38.02     432030
-6.35     38.02     433039
-6.35     38.02     434049
-6.35     38.15     435058
-6.35     38.02     436068
-6.35     38.02     437076
-6.35     38.02     438086
-6.35     38.15     439096
-6.48     38.02     440105
-6.48     38.02     441114
-6.48     38.15     442124
-6.48     38.15     443133
-6.35     38.15     444142
-6.48     38.02     445152
-6.48     38.02     446161
-6.48     38.02     447171
-6.48     38.02     448180
-6.48     38.15     449189
-6.48     38.02     450199
-6.48     38.02     451209
-6.48     38.15     452217
-6.48     38.02     453227
-6.61     38.02     454237
-6.48     38.02     455245
-6.48     38.02     456255
-6.61     38.15     457265
-6.48     38.02     458274
-6.48     38.02     459283
-6.48     38.15     460293
-6.48     38.02     461302
-6.48     38.02     462312
-6.48     38.02     463321
-6.48     38.02     464330
-6.61     38.02     465340
-6.48     38.02     466349
-6.48     37.89     467358
-6.48     38.02     468368
-6.61     38.02     469378
-6.61     38.15     470386
-6.61     38.02     471396
-6.61     38.02     472406
-6.61     38.02     473415
-6.61     38.15     474424
-6.61     38.02     475433
-6.61     38.02     476443
-6.61     38.15     477452
-6.61     38.15     478461
-6.61     38.15     479471
-6.61     38.02     480481
-6.61     38.02     481489
-6.61     38.02     482499
-6.61     38.15     483509
-6.61     38.15     484517
-6.61     38.15     485527
-6.61     38.02     486537
-6.61     38.15     487546
-6.61     38.02     488555
-6.74     38.02     489565
-6.61     38.15     490574
-6.61     38.02     491584
-6.61     38.02     492593
-6.61     38.02     493602
-6.61     38.02     494612
-6.61     38.02     495621
-6.61     38.02     496630
-6.61     38.02     497640
-6.74     38.02     498650
-6.74     38.02     499658
-6.74     38.02     500668
-6.61     38.02     501678
-6.74     38.02     502687
-6.74     38.02     503696
-6.74     38.15     504706
-6.74     38.15     505715
-6.74     37.89     506725
-6.74     38.15     507734
-6.61     38.02     508743
-6.74     38.15     509753
-6.74     38.02     510761
-6.74     38.15     511771
-6.74     38.15     512781
-6.74     38.15     513790
-6.74     38.15     514799
-6.74     38.15     515809
-6.74     38.15     516818
-6.74     38.15     517828
-6.74     38.15     518837
-6.74     38.15     519846
-6.74     38.28     520856
-6.74     38.02     521865
-6.74     38.15     522874
-6.74     38.15     523884
-6.74     38.15     524894
-6.86     38.15     525902
-6.74     38.15     526912
-6.74     38.15     527922
-6.86     38.15     528931
-6.86     38.02     529940
-6.86     38.15     530950
-6.74     38.15     531959
-6.86     38.02     532968
-6.74     38.15     533978
-6.86     38.02     534987
-6.86     38.15     535997
-6.86     38.15     537006
-6.74     38.02     538015
-6.86     38.15     539025
-6.74     38.15     540035
-6.86     38.02     541043
-6.86     38.02     542053
-6.86     38.02     543063
-6.86     38.02     544071
-6.86     38.15     545081
-6.86     38.02     546091
-6.86     37.89     547100
-6.86     38.15     548109
-6.99     38.15     549118
-6.86     38.15     550128
-6.86     38.15     551138
-6.86     38.15     552146
-6.86     38.15     553156
-6.86     38.15     554166
-6.86     38.15     555174
-6.86     38.02     556184
-6.86     38.02     557194
-6.86     38.02     558203
-6.86     38.02     559212
-6.86     38.02     560222
-6.86     38.02     561231
-6.86     38.02     562241
-6.86     38.15     563250
-6.86     38.15     564259
-6.86     38.15     565269
-6.86     38.02     566278
-6.86     38.02     567287
-6.86     38.02     568297
-6.86     38.02     569307
-6.86     38.02     570315
-6.99     38.15     571325
-6.99     38.15     572335
-6.99     38.15     573344
-6.99     38.02     574353
-6.99     38.15     575363
-6.99     38.15     576372
-6.99     38.15     577382
-6.86     38.15     578391
-6.99     38.02     579400
-6.99     38.15     580410
-6.99     38.02     581419
-6.99     38.15     582428
-6.99     38.15     583438
-6.99     38.15     584448
-6.99     38.02     585456
-6.99     38.02     586466
-6.99     38.15     587475
-6.86     38.15     588485
-6.99     38.15     589494
-6.99     38.02     590503
-6.99     38.15     591513
-6.99     38.02     592522
-6.99     38.02     593531
-6.99     38.15     594541
-6.99     37.89     595551
-6.99     38.15     596559
-6.99     38.15     597569
-6.99     38.15     598579
-6.99     38.02     599587
-6.99     38.15     600597
-6.99     38.02     601607
-6.99     38.02     602616
-6.99     38.02     603625
-6.99     38.28     604635
-6.99     38.02     605644
-7.12     38.02     606654
-6.99     38.02     607663
-6.99     38.02     608672
-6.99     38.02     609682
-6.99     38.15     610691
-6.86     38.02     611700
-6.99     37.89     612710
-6.99     38.02     613720
-6.99     38.02     614728
-6.99     38.15     615738
-6.99     38.02     616748
-6.99     38.02     617756
-6.99     38.02     618766
-6.99     38.02     619776
-6.99     38.02     620785
-7.12     38.02     621794
-6.99     38.28     622803
-7.12     38.02     623813
-7.12     38.15     624823
-6.99     38.02     625831
-6.99     38.02     626841
-6.99     38.02     627851
-6.99     38.02     628860
-6.99     38.02     629869
-7.12     38.02     630879
-7.12     38.02     631888
-6.99     38.02     632897
-6.99     38.02     633907
-6.99     38.02     634916
-6.99     38.02     635926
-7.12     37.89     636935
-6.99     38.02     637944
-7.12     38.02     638954
-7.12     38.02     639964
-7.12     38.02     640972
-7.12     38.02     641982
-7.12     38.02     642992
-6.99     38.02     644000
-7.12     38.15     645010
-6.99     38.15     646020
-7.12     38.15     647029
-7.12     38.28     648038
-7.12     38.02     649048
-7.12     38.02     650057
-7.12     38.02     651067
-6.99     38.02     652076
-7.12     38.02     653085
-7.12     38.02     654095
-6.99     38.02     655104
-6.99     38.15     656113
-7.12     38.02     657123
-7.12     38.02     658132
-7.12     38.15     659141
-7.12     38.02     660151
-7.12     38.02     661160
-7.12     38.02     662170
-7.12     38.15     663179
-7.12     38.02     664188
-7.12     38.02     665198
-7.12     38.15     666208
-7.12     38.02     667216
-7.12     38.02     668226
-7.12     38.02     669236
-7.12     38.02     670244
-7.12     38.02     671254
-7.12     38.02     672264
-7.12     38.02     673273
-6.99     38.02     674282
-7.12     38.02     675292
-7.12     38.02     676301
-7.12     38.02     677311
-7.12     38.02     678320
-7.12     38.02     679329
-7.12     38.02     680339
-7.12     38.02     681348
-7.12     38.02     682357
-7.12     38.02     683367
-7.12     38.02     684377
-7.12     38.02     685385
-7.12     38.02     686395
-7.12     38.02     687405
-7.12     38.02     688414
-7.12     38.15     689423
-7.12     38.02     690433
-7.12     38.02     691442
-7.12     37.89     692451
-7.12     38.02     693460
-7.12     38.02     694470
-7.12     38.02     695480
-7.12     38.02     696488
-7.12     38.02     697498
-7.12     38.02     698508
-7.12     38.02     699517
-7.12     38.02     700526
-7.12     38.02     701536
-7.12     38.02     702545
-7.12     38.02     703554
-7.12     38.02     704564
-7.12     38.02     705573
-7.12     38.02     706583
-7.12     37.89     707592
-7.12     38.02     708601
-7.12     37.89     709611
-7.12     38.02     710621
-7.12     38.02     711629
-7.25     38.02     712639
-7.12     38.02     713649
-7.12     38.02     714658
-7.25     38.02     715667
-7.12     38.02     716677
-7.12     38.02     717686
-7.12     38.02     718695
-7.12     38.02     719705
-7.25     38.02     720714
-7.25     38.02     721724
-7.12     38.02     722733
-7.12     38.02     723742
-7.12     38.02     724752
-7.12     38.02     725762
-7.12     38.02     726770
-7.12     38.02     727780
-7.12     38.02     728790
-7.25     38.02     729798
-7.12     38.02     730808
-7.25     38.02     731817
-7.12     38.02     732827
-7.25     38.02     733836
-7.12     38.02     734845
-7.25     38.02     735855
-7.25     38.02     736865
-7.25     38.02     737873
-7.25     38.02     738883
-7.25     38.02     739893
-7.12     38.02     740901
-7.12     38.02     741911
-7.12     38.02     742921
-7.12     38.02     743930
-7.12     38.02     744939
-7.12     37.89     745949
-7.25     38.02     746958
-7.25     38.02     747968
-7.25     38.02     748977
-7.12     37.89     749986
-7.12     38.02     750996
-7.12     38.02     752005
-7.25     38.02     753014
-7.25     38.02     754024
-7.25     38.02     755034
-7.12     38.02     756042
-7.12     38.15     757052
-7.25     38.02     758062
-7.12     38.02     759071
-7.25     38.02     760080
-7.25     38.02     761090
-7.25     38.02     762099
-7.12     38.15     763109
-7.25     38.02     764118
-7.25     38.02     765127
-7.25     38.02     766137
-7.25     38.02     767145
-7.12     38.02     768155
-7.12     38.02     769165
-7.25     38.02     770174
-7.25     38.02     771183
-7.12     38.02     772193
-7.25     37.89     773202
-7.25     38.02     774212
-7.25     38.02     775221
-7.25     38.02     776230
-7.25     38.02     777240
-7.25     38.02     778249
-7.25     38.02     779258
-7.25     38.02     780268
-7.25     38.02     781278
-7.25     38.02     782286
-7.25     38.02     783296
-7.25     38.02     784306
-7.25     38.02     785314
-7.25     38.02     786324
-7.25     38.02     787334
-7.25     38.02     788343
-7.12     38.02     789352
-7.12     38.02     790362
-7.25     38.02     791371
-7.25     38.02     792381
-7.25     38.02     793390
-7.25     38.02     794399
-7.12     38.02     795409
-7.25     38.02     796419
-7.25     38.02     797427
-7.25     38.02     798437
-7.25     38.02     799447
-7.25     38.02     800455
-7.25     38.02     801465
-7.25     38.02     802475
-7.25     38.02     803484
-7.25     38.02     804493
-7.25     38.02     805502
-7.25     38.02     806512
-7.25     38.02     807521
-7.25     38.02     808530
-7.25     38.02     809540
-7.25     38.02     810550
-7.25     38.02     811558
-7.25     38.02     812568
-7.25     38.15     813578
-7.25     38.02     814587
-7.25     38.02     815596
-7.25     38.02     816606
-7.25     38.02     817615
-7.25     38.02     818624
-7.25     38.02     819634
-7.12     38.02     820643
-7.25     38.02     821653
-7.25     38.02     822662
-7.25     38.02     823671
-7.25     38.15     824681
-7.25     38.02     825691
-7.25     38.02     826699
-7.25     38.02     827709
-7.25     38.02     828719
-7.25     38.02     829727
-7.25     38.02     830737
-7.25     38.02     831747
-7.25     38.02     832756
-7.25     38.02     833765
-7.25     38.02     834775
-7.25     38.02     835784
-7.25     38.15     836794
-7.25     38.02     837803
-7.25     38.02     838812
-7.38     38.02     839822
-7.25     38.02     840830
-7.25     38.02     841840
-7.25     38.02     842850
-7.25     38.02     843859
-7.25     38.02     844868
-7.25     38.02     845878
-7.25     38.02     846887
-7.25     38.02     847897
-7.25     38.02     848906
-7.25     38.02     849915
-7.25     38.02     850925
-7.38     38.02     851935
-7.25     38.02     852943
-7.25     38.02     853953
-7.25     38.02     854963
-7.38     38.02     855971
-7.25     38.02     856981
-7.25     38.02     857991
-7.25     38.02     859000
-7.12     38.02     860009
-7.25     38.02     861019
-7.25     38.02     862028
-7.25     38.02     863038
-7.38     38.28     864047
-7.25     37.89     865056
-7.25     38.02     866066
-7.25     38.02     867075
-7.25     38.02     868084
-7.25     38.02     869094
-7.25     38.02     870104
-7.25     38.02     871112
-7.25     38.02     872122
-7.25     38.02     873132
-7.25     38.02     874141
-7.25     38.02     875150
-7.25     38.02     876160
-7.25     38.02     877169
-7.25     38.02     878178
-7.25     38.02     879187
-7.25     38.02     880197
-7.38     38.02     881207
-7.25     38.02     882215
-7.25     38.02     883225
-7.25     38.02     884235
-7.38     38.02     885244
-7.38     38.02     886253
-7.38     38.02     887263
-7.25     38.02     888272
-7.38     38.02     889282
-7.25     38.02     890291
-7.25     38.02     891300
-7.25     38.02     892310
-7.25     38.02     893320
-7.25     38.02     894328
-7.25     38.02     895338
-7.25     38.02     896348
-7.25     37.89     897357
-7.25     38.02     898366
-7.38     38.02     899376
-7.38     38.02     900385
-7.25     38.02     901395
-7.25     38.02     902404
-7.25     38.02     903413
-7.25     38.02     904423
-7.25     38.02     905433
-7.25     38.02     906441
-7.25     38.02     907451
-7.38     38.02     908461
-7.25     38.02     909470
-7.25     38.02     910480
-7.38     38.02     911489
-7.25     38.02     912498
-7.38     38.02     913508
-7.25     38.02     914518
-7.38     38.02     915526
-7.25     38.02     916536
-7.25     38.02     917545
-7.25     38.02     918555
-7.38     38.02     919565
-7.38     38.15     920573
-7.38     38.15     921583
-7.25     38.02     922593
-7.38     38.02     923602
-7.38     38.02     924612
-7.25     38.02     925621
-7.25     38.02     926630
-7.38     38.02     927640
-7.38     38.02     928650
-7.25     38.02     929658
-7.25     38.02     930668
-7.25     38.02     931678
-7.25     38.02     932687
-7.25     38.15     933696
-7.25     38.02     934706
-7.25     38.02     935715
-7.25     38.02     936725
-7.38     38.02     937735
-7.25     38.02     938743
-7.38     38.02     939753
-7.38     38.02     940763
-7.25     38.15     941772
-7.38     38.15     942781
-7.38     38.15     943791
-7.38     38.02     944800
-7.25     38.15     945810
-7.38     38.28     946820
-7.38     38.15     947828
-7.38     38.15     948838
-7.25     38.02     949848
-7.38     38.15     950857
-7.38     38.02     951866
-7.38     38.02     952876
-7.38     38.02     953885
-7.38     38.15     954895
-7.38     38.02     955905
-7.38     38.02     956913
-7.38     38.02     957923
-7.38     38.02     958932
-7.38     38.02     959942
-7.38     38.02     960952
-7.25     38.02     961960
-7.25     38.02     962970
-7.38     38.02     963980
-7.38     38.02     964989
-7.38     38.02     965998
-7.38     38.02     967008
-7.38     38.15     968017
-7.38     38.15     969027
-7.38     38.15     970037
-7.38     38.15     971045
-7.25     38.15     972055
-7.38     38.15     973065
-7.38     38.15     974074
-7.25     38.15     975084
-7.38     38.15     976093
-7.38     38.15     977102
-7.25     38.15     978112
-7.38     38.15     979122
-7.38     38.28     980131
-7.38     38.15     981140
-7.38     38.28     982150
-7.38     38.15     983159
-7.38     38.15     984169
-7.38     38.15     985179
-7.38     38.15     986187
-7.38     38.15     987197
-7.38     38.02     988207
-7.38     38.15     989216
-7.38     38.15     990226
-7.25     38.15     991235
-7.38     38.15     992244
-7.38     38.15     993254
-7.38     38.15     994264
-7.38     38.15     995273
-7.25     38.15     996282
-7.38     38.15     997292
-7.25     38.15     998301
-7.38     38.15     999311
-7.38     38.15     1000321
-7.38     38.15     1001329
-7.38     38.15     1002339
-7.38     38.15     1003348
-7.38     38.15     1004358
-7.38     38.15     1005368
-7.38     38.15     1006377
-7.38     38.15     1007386
-7.38     38.15     1008396
-7.38     38.15     1009405
-7.38     38.15     1010415
-7.38     38.15     1011425
-7.38     38.15     1012434
-7.38     38.15     1013443
-7.38     38.15     1014453
-7.38     38.02     1015462
-7.38     38.15     1016472
-7.38     38.15     1017482
-7.25     38.15     1018491
-7.38     38.15     1019500
-7.38     38.02     1020510
-7.38     38.15     1021519
-7.38     38.15     1022529
-7.25     38.02     1023539
-7.25     38.02     1024548
-7.38     38.15     1025557
-7.38     38.02     1026567
-7.38     38.02     1027576
-7.38     38.02     1028586
-7.38     38.02     1029596
-7.25     38.02     1030605
-7.38     38.02     1031615
-7.38     38.02     1032624
-7.38     38.02     1033633
-7.25     38.02     1034643
-7.38     38.02     1035653
-7.38     38.02     1036662
-7.25     38.02     1037672
-7.38     38.02     1038681
-7.38     38.02     1039690
-7.38     38.02     1040700
-7.25     38.15     1041710
-7.38     38.02     1042719
-7.38     38.02     1043729
-7.38     38.02     1044738
-7.38     38.02     1045747
-7.38     38.02     1046757
-7.38     38.02     1047767
-7.38     38.02     1048776
-7.38     38.02     1049786
-7.38     38.02     1050795
-7.38     38.02     1051804
-7.38     38.02     1052814
-7.38     38.02     1053824
-7.38     38.02     1054833
-7.38     38.02     1055843
-7.38     38.02     1056852
-7.38     38.02     1057861
-7.38     38.02     1058871
-7.38     38.02     1059880
-7.38     38.02     1060890
-7.38     38.02     1061900
-7.38     38.02     1062909
-7.38     38.02     1063918
-7.38     38.02     1064928
-7.38     38.02     1065937
-7.38     38.02     1066947
-7.38     38.02     1067957
-7.38     38.02     1068966
-7.38     38.02     1069976
-7.38     38.02     1070985
-7.38     38.02     1071994
-7.38     38.02     1073004
-7.38     38.02     1074014
-7.38     38.02     1075023
-7.25     38.02     1076033
-7.38     38.02     1077042
-7.25     38.02     1078051
-7.38     38.02     1079061
-7.38     38.02     1080071
-7.38     38.02     1081080
-7.38     38.02     1082090
-7.38     38.02     1083099
-7.38     38.02     1084108
-7.38     38.02     1085118
-7.38     38.15     1086128
-7.38     38.02     1087137
-7.38     38.02     1088147
-7.25     38.02     1089157
-7.25     38.02     1090165
-7.25     38.02     1091175
-7.25     38.02     1092185
-7.38     38.02     1093194
-7.38     38.02     1094204
-7.38     38.02     1095214
-7.38     38.02     1096222
-7.38     38.02     1097232
-7.38     38.02     1098242
-7.38     38.02     1099251
-7.38     38.02     1100261
-7.38     38.02     1101271
-7.38     38.02     1102279
-7.38     38.02     1103289
-7.38     38.02     1104299
-7.38     38.02     1105308
-7.38     38.02     1106318
-7.38     38.02     1107328
-7.38     38.02     1108336
-7.38     38.02     1109346
-7.38     38.02     1110355
-7.38     38.02     1111365
-7.38     38.02     1112375
-7.38     38.02     1113384
-7.38     38.02     1114393
-7.38     38.02     1115403
-7.38     38.02     1116412
-7.38     38.02     1117422
-7.38     37.89     1118432
-7.38     38.02     1119441
-7.25     38.02     1120451
-7.38     38.02     1121460
-7.38     38.02     1122469
-7.25     38.02     1123479
-7.38     38.02     1124489
-7.38     38.02     1125498
-7.38     38.02     1126508
-7.38     38.02     1127517
-7.38     38.02     1128526
-7.38     38.02     1129536
-7.25     38.02     1130546
-7.38     38.15     1131555
-7.25     38.15     1132565
-7.38     38.02     1133574
-7.25     38.02     1134583
-7.38     38.02     1135593
-7.38     38.02     1136603
-7.25     38.02     1137612
-7.38     38.02     1138622
-7.38     38.02     1139631
-7.25     38.02     1140640
-7.25     38.15     1141650
-7.25     38.15     1142660
-7.25     38.02     1143669
-7.38     38.02     1144679
-7.25     38.02     1145688
-7.38     38.02     1146697
-7.25     38.15     1147707
-7.38     38.02     1148717
-7.38     38.02     1149726
-7.25     38.02     1150736
-7.25     38.02     1151745
-7.38     38.02     1152754
-7.25     38.02     1153764
-7.25     38.15     1154774
-7.25     38.02     1155783
-7.38     38.02     1156792
-7.25     38.15     1157801
-7.38     38.15     1158811
-7.25     38.15     1159821
-7.38     38.02     1160830
-7.38     38.15     1161840
-7.38     38.02     1162849
-7.25     38.15     1163858
-7.38     38.15     1164868
-7.38     38.02     1165878
-7.38     38.15     1166887
-7.25     38.02     1167897
-7.25     38.02     1168906
-7.25     38.02     1169915
-7.38     38.15     1170925
-7.38     38.28     1171935
-7.38     38.02     1172944
-7.38     38.02     1173954
-7.38     38.02     1174963
-7.25     38.02     1175972
-7.25     38.15     1176982
-7.25     38.02     1177992
-7.25     38.15     1179001
-7.25     38.15     1180010
-7.38     38.15     1181020
-7.25     38.15     1182029
-7.38     38.02     1183039
-7.38     38.02     1184049
-7.38     38.15     1185058
-7.38     38.15     1186067
-7.38     38.15     1187077
-7.38     38.02     1188086
-7.38     38.15     1189096
-7.38     38.15     1190106
-7.25     38.02     1191115
-7.25     38.02     1192124
-7.38     38.15     1193134
-7.38     38.02     1194143
-7.38     38.02     1195153
-7.38     38.15     1196163
-7.38     38.02     1197172
-7.38     38.15     1198181
-7.38     38.02     1199191
-7.38     38.02     1200200
-7.25     38.02     1201210
-7.38     38.15     1202220
-7.38     38.02     1203229
-7.25     38.02     1204239
-7.38     38.02     1205248
-7.38     38.02     1206257
-7.38     38.02     1207267
-7.38     38.02     1208276
-7.25     38.02     1209286
-7.38     38.02     1210296
-7.38     38.02     1211304
-7.38     38.02     1212314
-7.38     38.15     1213324
-7.38     38.02     1214333
-7.51     38.15     1215343
-7.38     38.15     1216353
-7.38     38.15     1217361
-7.38     38.02     1218371
-7.38     38.15     1219381
-7.38     38.15     1220390
-7.25     38.15     1221400
-7.38     38.15     1222410
-7.38     38.15     1223419
-7.38     38.15     1224428
-7.38     38.15     1225438
-7.38     38.15     1226447
-7.38     38.15     1227457
-7.38     38.02     1228467
-7.38     38.15     1229476
-7.38     38.15     1230486
-7.38     38.15     1231495
-7.38     38.15     1232504
-7.38     38.15     1233514
-7.38     38.15     1234524
-7.38     38.15     1235533
-7.38     38.15     1236543
-7.38     38.15     1237552
-7.38     38.15     1238561
-7.38     38.15     1239571
-7.38     38.02     1240581
-7.38     38.02     1241590
-7.38     38.02     1242600
-7.38     38.02     1243610
-7.38     38.15     1244618
-7.38     38.02     1245628
-7.38     38.02     1246638
-7.38     38.02     1247647
-7.38     38.02     1248657
-7.38     38.02     1249667
-7.38     38.02     1250675
-7.38     37.89     1251685
-7.38     38.02     1252695
-7.38     38.02     1253704
-7.38     38.02     1254714
-7.38     38.02     1255724
-7.38     37.89     1256733
-7.38     37.89     1257742
-7.38     38.15     1258752
-7.38     38.02     1259761
-7.38     38.15     1260771
-7.38     38.28     1261780
-7.38     38.15     1262790
-7.38     38.15     1263799
-7.38     38.15     1264808
-7.38     38.15     1265818
-7.38     38.02     1266828
-7.38     38.02     1267837
-7.38     38.02     1268847
-7.38     38.02     1269857
-7.38     38.02     1270865
-7.38     38.02     1271875
-7.38     38.02     1272885
-7.38     38.02     1273894
-7.38     38.02     1274904
-7.25     38.02     1275914
-7.38     38.02     1276923
-7.38     38.02     1277932
-7.38     38.02     1278942
-7.38     38.02     1279951
-7.38     38.02     1280961
-7.38     38.02     1281971
-7.38     38.02     1282980
-7.38     38.02     1283989
-7.38     38.02     1284999
-7.38     38.02     1286008
-7.38     38.02     1287018
-7.38     38.02     1288028
-7.38     38.02     1289037
-7.51     38.02     1290047
-7.38     38.02     1291056
-7.38     38.02     1292065
-7.38     38.02     1293075
-7.38     38.02     1294085
-7.38     38.15     1295094
-7.38     38.02     1296104
-7.38     38.02     1297113
-7.38     38.02     1298122
-7.38     38.02     1299132
-7.38     38.02     1300142
-7.38     38.02     1301151
-7.38     38.02     1302161
-7.38     38.02     1303171
-7.38     38.02     1304179
-7.38     38.02     1305189
-7.38     38.02     1306199
-7.38     38.02     1307208
-7.38     38.02     1308218
-7.25     38.15     1309228
-7.38     38.02     1310236
-7.38     38.02     1311246
-7.38     38.02     1312256
-7.38     38.02     1313265
-7.38     38.15     1314275
-7.38     38.02     1315284
-7.38     38.15     1316294
-7.38     38.15     1317303
-7.38     37.89     1318312
-7.38     38.15     1319322
-7.38     38.15     1320332
-7.38     38.15     1321341
-7.38     38.02     1322351
-7.38     38.15     1323360
-7.38     38.02     1324369
-7.38     38.15     1325379
-7.38     38.02     1326389
-7.38     38.02     1327398
-7.38     38.15     1328408
-7.38     38.15     1329418
-7.38     38.02     1330426
-7.38     38.02     1331436
-7.38     38.15     1332446
-7.38     38.15     1333455
-7.38     38.15     1334465
-7.38     38.15     1335475
-7.38     38.15     1336484
-7.38     38.15     1337493
-7.38     38.15     1338503
-7.38     38.15     1339512
-7.38     38.15     1340522
-7.38     38.15     1341532
-7.38     38.15     1342541
-7.38     38.15     1343550
-7.38     38.15     1344560
-7.38     38.15     1345569
-7.38     38.15     1346579
-7.38     38.15     1347589
-7.38     38.15     1348598
-7.38     38.15     1349608
-7.38     38.15     1350617
-7.38     38.15     1351626
-7.38     38.15     1352636
-7.38     38.15     1353646
-7.38     38.15     1354655
-7.38     38.15     1355665
-7.38     38.15     1356674
-7.38     38.15     1357683
-7.38     38.15     1358693
-7.38     38.15     1359703
-7.38     38.15     1360712
-7.38     38.15     1361722
-7.38     38.15     1362732
-7.38     38.15     1363740
-7.38     38.15     1364750
-7.38     38.15     1365760
-7.38     38.15     1366769
-7.38     38.15     1367779
-7.38     38.28     1368788
-7.38     38.15     1369798
-7.38     38.15     1370807
-7.38     38.15     1371816
-7.38     38.15     1372826
-7.38     38.15     1373836
-7.25     38.15     1374845
-7.38     38.15     1375855
-7.38     38.15     1376865
-7.38     38.15     1377873
-7.38     38.15     1378883
-7.38     38.15     1379893
-7.38     38.15     1380902
-7.38     38.15     1381912
-7.38     38.02     1382922
-7.38     38.15     1383930
-7.38     38.15     1384940
-7.38     38.15     1385950
-7.38     38.02     1386959
-7.38     38.02     1387969
-7.38     38.02     1388979
-7.38     38.15     1389988
-7.38     38.15     1390997
-7.38     38.15     1392007
-7.38     38.15     1393016
-7.38     38.28     1394026
-7.38     38.02     1395036
-7.38     38.15     1396045
-7.38     38.15     1397054
-7.38     38.15     1398064
-7.38     38.15     1399073
-7.38     38.15     1400083
-7.38     38.15     1401093
-7.38     38.15     1402102
-7.38     38.15     1403112
-7.38     38.15     1404121
-7.38     38.15     1405130
-7.38     38.15     1406140
-7.38     38.15     1407150
-7.51     38.15     1408159
-7.38     38.15     1409169
-7.38     38.15     1410179
-7.38     38.15     1411187
-7.38     38.15     1412197
-7.38     38.15     1413207
-7.38     38.15     1414216
-7.38     38.15     1415226
-7.38     38.15     1416236
-7.38     38.28     1417245
-7.38     38.15     1418254
-7.38     38.15     1419264
-7.38     38.15     1420273
-7.38     38.15     1421283
-7.51     38.15     1422292
-7.38     38.15     1423302
-7.38     38.15     1424312
-7.38     38.15     1425320
-7.38     38.15     1426330
-7.38     38.28     1427340
-7.51     38.15     1428349
-7.38     38.15     1429359
-7.38     38.15     1430369
-7.38     38.15     1431378
-7.38     38.15     1432387
-7.38     38.15     1433397
-7.38     38.15     1434406
-7.38     38.15     1435416
-7.38     38.15     1436426
-7.38     38.15     1437435
-7.38     38.15     1438445
-7.38     38.15     1439454
-7.38     38.15     1440463
-7.38     38.15     1441473
-7.38     38.15     1442483
-7.38     38.15     1443492
-7.51     38.15     1444502
-7.38     38.15     1445512
-7.38     38.15     1446520
-7.38     38.15     1447530
-7.38     38.15     1448540
-7.38     38.15     1449549
-7.38     38.28     1450559
-7.38     38.28     1451569
-7.38     38.28     1452578
-7.38     38.28     1453587
-7.38     38.28     1454597
-7.38     38.28     1455606
-7.38     38.41     1456616
-7.38     38.41     1457626
-7.38     38.41     1458635
-7.38     38.41     1459645
-7.38     38.41     1460655
-7.38     38.41     1461663
-7.38     38.41     1462673
-7.38     38.41     1463683
-7.38     38.28     1464692
-7.38     38.41     1465702
-7.38     38.41     1466712
-7.38     38.41     1467721
-7.38     38.41     1468731
-7.38     38.41     1469741
-7.38     38.41     1470749
-7.38     38.41     1471759
-7.38     38.41     1472769
-7.38     38.41     1473778
-7.38     38.41     1474788
-7.38     38.41     1475798
-7.38     38.41     1476807
-7.38     38.41     1477817
-7.38     38.41     1478827
-7.25     38.41     1479835
-7.38     38.41     1480845
-7.38     38.41     1481854
-7.38     38.41     1482864
-7.38     38.41     1483874
-7.38     38.41     1484883
-7.38     38.41     1485893
-7.38     38.41     1486903
-7.38     38.41     1487912
-7.38     38.41     1488921
-7.51     38.41     1489931
-7.38     38.41     1490940
-7.38     38.41     1491950
-7.38     38.28     1492960
-7.38     38.41     1493969
-7.38     38.41     1494979
-7.38     38.28     1495989
-7.38     38.41     1496998
-7.38     38.28     1498008
-7.38     38.41     1499017
-7.38     38.41     1500026
-7.38     38.41     1501036
-7.38     38.41     1502046
-7.38     38.41     1503055
-7.38     38.41     1504065
-7.38     38.41     1505075
-7.51     38.41     1506084
-7.38     38.41     1507094
-7.38     38.41     1508103
-7.38     38.41     1509112
-7.51     38.41     1510122
-7.38     38.41     1511132
-7.38     38.41     1512141
-7.38     38.41     1513151
-7.38     38.41     1514161
-7.38     38.41     1515170
-7.38     38.41     1516180
-7.38     38.41     1517190
-7.38     38.41     1518198
-7.38     38.41     1519208
-7.38     38.41     1520218
-7.38     38.41     1521227
-7.38     38.41     1522237
-7.38     38.28     1523247
-7.38     38.41     1524256
-7.38     38.41     1525266
-7.38     38.41     1526276
-7.38     38.41     1527284
-7.38     38.41     1528294
-7.38     38.41     1529304
-7.38     38.41     1530313
-7.38     38.41     1531323
-7.38     38.41     1532333
-7.38     38.41     1533342
-7.38     38.41     1534352
-7.38     38.28     1535362
-7.38     38.41     1536371
-7.38     38.41     1537380
-7.38     38.41     1538390
-7.38     38.41     1539399
-7.38     38.28     1540409
-7.38     38.41     1541419
-7.38     38.54     1542428
-7.38     38.41     1543438
-7.38     38.28     1544448
-7.38     38.41     1545457
-7.38     38.41     1546466
-7.38     38.41     1547475
-7.38     38.41     1548485
-7.38     38.41     1549495
-7.38     38.41     1550504
-7.38     38.41     1551514
-7.38     38.41     1552524
-7.38     38.41     1553533
-7.38     38.41     1554543
-7.38     38.41     1555553
-7.38     38.41     1556561
-7.38     38.41     1557571
-7.38     38.41     1558581
-7.38     38.41     1559590
-7.38     38.41     1560600
-7.38     38.41     1561610
-7.38     38.28     1562619
-7.25     38.41     1563629
-7.38     38.41     1564639
-7.38     38.41     1565647
-7.38     38.28     1566657
-7.38     38.41     1567667
-7.38     38.28     1568676
-7.38     38.28     1569686
-7.38     38.28     1570696
-7.38     38.41     1571705
-7.38     38.41     1572715
-7.38     38.28     1573724
-7.38     38.41     1574733
-7.38     38.41     1575743
-7.38     38.28     1576753
-7.38     38.28     1577762
-7.38     38.28     1578772
-7.38     38.28     1579782
-7.38     38.28     1580790
-7.38     38.28     1581800
-7.38     38.28     1582810
-7.38     38.28     1583819
-7.38     38.28     1584829
-7.38     38.28     1585839
-7.38     38.28     1586848
-7.38     38.28     1587858
-7.38     38.28     1588867
-7.38     38.28     1589876
-7.38     38.28     1590886
-7.38     38.41     1591896
-7.38     38.28     1592905
-7.38     38.28     1593915
-7.38     38.28     1594925
-7.51     38.41     1595933
-7.38     38.41     1596943
-7.38     38.41     1597953
-7.38     38.28     1598962
-7.38     38.28     1599972
-7.38     38.41     1600982
-7.38     38.28     1601991
-7.38     38.28     1603001
-7.51     38.41     1604009
-7.38     38.41     1605019
-7.38     38.41     1606029
-7.38     38.28     1607038
-7.38     38.28     1608048
-7.38     38.41     1609058
-7.38     38.28     1610067
-7.38     38.41     1611076
-7.38     38.28     1612086
-7.51     38.28     1613095
-7.38     38.41     1614105
-7.38     38.28     1615115
-7.38     38.28     1616124
-7.38     38.28     1617134
-7.38     38.28     1618143
-7.38     38.28     1619152
-7.38     38.28     1620162
-7.38     38.28     1621172
-7.38     38.28     1622181
-7.38     38.28     1623191
-7.38     38.28     1624201
-7.38     38.28     1625209
-7.38     38.28     1626219
-7.51     38.28     1627229
-7.38     38.28     1628238
-7.38     38.28     1629248
-7.38     38.28     1630258
-7.38     38.28     1631267
-7.38     38.28     1632276
-7.38     38.28     1633286
-7.38     38.28     1634295
-7.38     38.28     1635305
-7.38     38.28     1636315
-7.38     38.28     1637324
-7.38     38.28     1638334
-7.51     38.28     1639344
-7.38     38.15     1640352
-7.38     38.28     1641362
-7.38     38.28     1642372
-7.38     38.15     1643381
-7.38     38.15     1644391
-7.38     38.15     1645401
-7.38     38.28     1646410
-7.38     38.28     1647419
-7.38     38.41     1648429
-7.38     38.28     1649438
-7.38     38.15     1650448
-7.38     38.28     1651458
-7.38     38.28     1652467
-7.51     38.15     1653477
-7.38     38.15     1654486
-7.38     38.28     1655495
-7.38     38.28     1656505
-7.38     38.28     1657515
-7.38     38.15     1658524
-7.38     38.28     1659534
-7.38     38.15     1660544
-7.38     38.28     1661552
-7.38     38.28     1662562
-7.38     38.28     1663571
-7.38     38.02     1664581
-7.38     38.15     1665591
-7.38     38.15     1666600
-7.38     38.28     1667610
-7.38     38.28     1668619
-7.51     38.28     1669628
-7.38     38.28     1670638
-7.38     38.15     1671648
-7.51     38.28     1672657
-7.38     38.28     1673667
-7.38     38.28     1674677
-7.38     38.28     1675685
-7.38     38.28     1676695
-7.38     38.28     1677705
-7.38     38.28     1678714
-7.38     38.28     1679724
-7.38     38.28     1680734
-7.51     38.28     1681743
-7.38     38.28     1682752
-7.38     38.28     1683762
-7.38     38.28     1684771
-7.38     38.28     1685781
-7.38     38.28     1686791
-7.51     38.28     1687800
-7.51     38.28     1688810
-7.38     38.28     1689819
-7.38     38.28     1690828
-7.38     38.28     1691838
-7.38     38.28     1692848
-7.38     38.28     1693857
-7.51     38.28     1694867
-7.38     38.28     1695877
-7.38     38.28     1696886
-7.38     38.28     1697895
-7.38     38.15     1698905
-7.38     38.28     1699914
-7.51     38.15     1700924
-7.51     38.28     1701934
-7.51     38.15     1702943
-7.38     38.15     1703953
-7.51     38.28     1704963
-7.38     38.41     1705971
-7.38     38.28     1706981
-7.38     38.28     1707991
-7.51     38.28     1709000
-7.51     38.28     1710010
-7.51     38.28     1711020
-7.38     38.28     1712029
-7.51     38.28     1713038
-7.51     38.28     1714048
-7.38     38.28     1715057
-7.38     38.28     1716067
-7.38     38.28     1717076
-7.38     38.28     1718086
-7.38     38.28     1719096
-7.51     38.15     1720105
-7.38     38.28     1721114
-7.51     38.28     1722124
-7.51     38.15     1723133
-7.51     38.15     1724143
-7.51     38.28     1725153
-7.51     38.15     1726162
-7.51     38.15     1727172
-7.51     38.15     1728181
-7.51     38.15     1729190
-7.51     38.28     1730200
-7.51     38.15     1731210
-7.51     38.28     1732219
-7.38     38.15     1733229
-7.51     38.15     1734239
-7.38     38.15     1735247
-7.38     38.15     1736257
-7.51     38.15     1737267
-7.51     38.15     1738276
-7.51     38.15     1739286
-7.38     38.15     1740296
-7.38     38.15     1741305
-7.51     38.15     1742315
-7.38     38.28     1743324
-7.51     38.15     1744333
-7.51     38.28     1745343
-7.38     38.15     1746353
-7.51     38.28     1747362
-7.51     38.28     1748372
-7.51     38.28     1749382
-7.51     38.28     1750390
-7.51     38.28     1751400
-7.51     38.41     1752410
-7.51     38.15     1753419
-7.51     38.28     1754429
-7.38     38.28     1755439
-7.51     38.28     1756448
-7.51     38.28     1757458
-7.51     38.28     1758467
-7.51     38.28     1759476
-7.38     38.28     1760486
-7.51     38.28     1761496
-7.38     38.28     1762505
-7.51     38.28     1763515
-7.51     38.15     1764525
-7.51     38.15     1765533
-7.51     38.15     1766543
-7.38     38.28     1767553
-7.51     38.15     1768562
-7.51     38.28     1769572
-7.51     38.28     1770582
-7.51     38.28     1771591
-7.51     38.28     1772601
-7.51     38.28     1773609
-7.51     38.15     1774619
-7.51     38.28     1775629
-7.51     38.28     1776638
-7.38     38.28     1777648
-7.38     38.28     1778658
-7.38     38.28     1779667
-7.51     38.28     1780676
-7.51     38.28     1781686
-7.51     38.28     1782695
-7.51     38.28     1783705
-7.38     38.28     1784715
-7.51     38.28     1785724
-7.51     38.28     1786734
-7.51     38.28     1787744
-7.51     38.28     1788752
-7.51     38.28     1789762
-7.51     38.28     1790772
-7.51     38.28     1791781
-7.51     38.28     1792791
-7.38     38.28     1793801
-7.51     38.28     1794810
-7.51     38.28     1795819
-7.38     38.28     1796829
-7.51     38.28     1797838
-7.38     38.28     1798848
-7.51     38.28     1799858
-7.51     38.28     1800867
-7.51     38.28     1801877
-7.51     38.15     1802886
-7.38     38.28     1803895
-7.51     38.28     1804905
-7.51     38.28     1805915
-7.51     38.28     1806924
-7.51     38.28     1807934
-7.38     38.28     1808944
-7.38     38.15     1809953
-7.38     38.28     1810962
-7.38     38.28     1811972
-7.51     38.28     1812981
-7.51     38.28     1813991
-7.51     38.28     1815001
-7.51     38.28     1816010
-7.51     38.28     1817020
-7.51     38.28     1818029
-7.51     38.28     1819038
-7.51     38.28     1820048
-7.51     38.28     1821058
-7.51     38.28     1822067
-7.51     38.28     1823077
-7.51     38.28     1824087
-7.38     38.28     1825096
-7.51     38.28     1826105
-7.38     38.28     1827115
-7.51     38.28     1828124
-7.51     38.28     1829134
-7.51     38.28     1830144
-7.51     38.28     1831153
-7.51     38.28     1832163
-7.51     38.28     1833172
-7.51     38.28     1834181
-7.38     38.15     1835191
-7.51     38.28     1836200
-7.51     38.28     1837210
-7.38     38.28     1838220
-7.51     38.28     1839229
-7.38     38.28     1840239
-7.51     38.28     1841248
-7.51     38.28     1842257
-7.51     38.28     1843267
-7.38     38.28     1844277
-7.38     38.28     1845286
-7.51     38.28     1846296
-7.51     38.28     1847306
-7.51     38.28     1848315
-7.51     38.28     1849324
-7.51     38.41     1850334
-7.51     38.28     1851343
-7.38     38.28     1852353
-7.38     38.28     1853363
-7.51     38.28     1854372
-7.51     38.28     1855382
-7.51     38.28     1856391
-7.51     38.02     1857400
-7.51     38.28     1858410
-7.38     38.28     1859420
-7.51     38.28     1860429
-7.51     38.28     1861439
-7.51     38.28     1862449
-7.51     38.28     1863457
-7.38     38.28     1864467
-7.51     38.28     1865477
-7.38     38.28     1866486
-7.51     38.15     1867496
-7.51     38.28     1868506
-7.51     38.28     1869515
-7.51     38.28     1870525
-7.51     38.28     1871534
-7.51     38.28     1872543
-7.38     38.28     1873553
-7.51     38.15     1874563
-7.38     38.28     1875572
-7.51     38.28     1876582
-7.51     38.28     1877592
-7.51     38.28     1878600
-7.38     38.28     1879610
-7.51     38.28     1880620
-7.51     38.28     1881629
-7.51     38.28     1882639
-7.51     38.28     1883649
-7.51     38.28     1884658
-7.51     38.28     1885667
-7.51     38.28     1886676
-7.51     38.28     1887686
-7.38     38.28     1888696
-7.51     38.28     1889705
-7.51     38.28     1890715
-7.51     38.28     1891725
-7.64     38.15     1892734
-7.51     38.15     1893743
-7.51     38.28     1894753
-7.51     38.15     1895762
-7.51     38.15     1896772
-7.51     38.15     1897782
-7.51     38.15     1898791
-7.51     38.15     1899801
-7.51     38.28     1900810
-7.51     38.28     1901819
-7.51     38.15     1902829
-7.38     38.28     1903839
-7.51     38.15     1904848
-7.51     38.15     1905858
-7.38     38.15     1906868
-7.51     38.15     1907876
-7.51     38.15     1908886
-7.38     38.28     1909896
-7.51     38.15     1910905
-7.51     38.41     1911915
-7.51     38.28     1912925
-7.51     38.28     1913934
-7.51     38.15     1914943
-7.51     38.15     1915953
-7.51     38.15     1916962
-7.51     38.15     1917972
-7.51     38.28     1918982
-7.51     38.15     1919991
-7.51     38.15     1921001
-7.51     38.15     1922010
-7.51     38.15     1923019
-7.51     38.15     1924029
-7.51     38.15     1925039
-7.38     38.28     1926048
-7.51     38.15     1927058
-7.51     38.41     1928068
-7.51     38.02     1929076
-7.51     38.15     1930086
-7.51     38.15     1931096
-7.51     38.15     1932105
-7.51     38.15     1933115
-7.38     38.15     1934125
-7.51     38.15     1935134
-7.51     38.15     1936143
-7.51     38.15     1937153
-7.51     38.28     1938162
-7.51     38.02     1939172
-7.38     38.15     1940182
-7.51     38.15     1941191
-7.51     38.15     1942200
-7.51     38.28     1943209
-7.51     38.15     1944219
-7.51     38.15     1945229
-7.51     38.15     1946238
-7.51     38.15     1947248
-7.51     38.02     1948258
-7.51     38.15     1949266
-7.51     38.15     1950276
-7.51     38.15     1951286
-7.51     38.15     1952295
-7.51     38.15     1953305
-7.51     38.15     1954315
-7.51     38.15     1955324
-7.51     38.02     1956333
-7.51     38.15     1957343
-7.51     38.15     1958352
-7.51     38.15     1959362
-7.51     38.15     1960372
-7.51     38.15     1961381
-7.51     38.15     1962391
-7.51     38.15     1963400
-7.51     38.15     1964409
-7.51     38.15     1965419
-7.51     38.15     1966429
-7.51     38.15     1967438
-7.51     38.15     1968448
-7.51     38.15     1969458
-7.51     38.15     1970466
-7.51     38.15     1971476
-7.51     38.15     1972486
-7.51     38.15     1973495
-7.51     38.15     1974505
-7.51     38.15     1975515
-7.51     38.28     1976524
-7.51     38.02     1977533
-7.51     38.15     1978543
-7.51     38.28     1979552
-7.51     38.15     1980562
-7.51     38.15     1981572
-7.51     38.15     1982581
-7.38     38.28     1983590
-7.51     38.28     1984600
-7.51     38.15     1985609
-7.51     38.15     1986619
-7.51     38.15     1987629
-7.51     38.15     1988638
-7.51     38.15     1989648
-7.51     38.15     1990657
-7.51     38.15     1991666
-7.38     38.15     1992676
-7.51     38.15     1993686
-7.51     38.15     1994695
-7.51     38.15     1995705
-7.51     38.15     1996715
-7.51     38.15     1997723
-7.38     38.15     1998733
-7.51     38.15     1999742
-7.51     38.15     2000752
-7.38     38.15     2001762
-7.51     38.15     2002771
-7.51     38.28     2003781
-7.51     38.02     2004790
-7.38     38.15     2005799
-7.51     38.15     2006809
-7.38     38.28     2007819
-7.51     38.15     2008828
-7.51     38.15     2009838
-7.38     38.15     2010848
-7.38     38.15     2011856
-7.38     38.15     2012866
-7.51     38.15     2013876
-7.51     38.15     2014885
-7.38     38.15     2015895
-7.51     38.15     2016905
-7.38     38.02     2017914
-7.38     38.15     2018924
-7.38     38.15     2019933
-7.38     38.02     2020942
-7.38     38.15     2021952
-7.51     38.15     2022962
-7.38     38.15     2023971
-7.38     38.15     2024981
-7.51     38.15     2025991
-7.38     38.15     2026999
-7.51     38.15     2028009
-7.38     38.15     2029019
-7.38     38.15     2030028
-7.38     38.15     2031038
-7.38     38.15     2032048
-7.51     38.15     2033057
-7.38     38.15     2034066
-7.38     38.15     2035076
-7.38     38.15     2036085
-7.38     38.28     2037095
-7.38     38.15     2038105
-7.51     38.15     2039114
-7.38     38.15     2040124
-7.51     38.15     2041133
-7.38     38.15     2042142
-7.38     38.15     2043152
-7.38     38.15     2044162
-7.38     38.15     2045171
-7.51     38.15     2046181
-7.38     38.15     2047191
-7.38     38.02     2048199
-7.51     38.15     2049209
-7.38     38.15     2050219
-7.51     38.15     2051228
-7.51     38.15     2052238
-7.38     38.15     2053248
-7.38     38.15     2054257
-7.38     38.15     2055266
-7.51     38.15     2056275
-7.51     38.15     2057285
-7.38     38.15     2058295
-7.38     38.15     2059304
-7.51     38.15     2060314
-7.51     38.15     2061324
-7.51     38.15     2062332
-7.38     38.15     2063342
-7.38     38.15     2064352
-7.38     38.28     2065361
-7.51     38.15     2066371
-7.38     38.15     2067381
-7.51     38.15     2068390
-7.51     38.15     2069399
-7.51     38.02     2070409
-7.38     38.02     2071418
-7.38     38.15     2072428
-7.38     38.15     2073438
-7.38     38.02     2074447
-7.38     38.15     2075457
-7.38     38.15     2076466
-7.38     38.15     2077475
-7.38     38.15     2078485
-7.51     38.15     2079495
-7.38     38.15     2080504
-7.38     38.15     2081514
-7.38     38.15     2082524
-7.51     38.15     2083532
-7.51     38.15     2084542
-7.38     38.15     2085552
-7.51     38.15     2086561
-7.51     38.15     2087571
-7.51     38.15     2088581
-7.38     38.02     2089590
-7.38     38.15     2090600
-7.38     38.02     2091609
-7.51     38.15     2092618
-7.51     37.89     2093628
-7.51     38.15     2094638
-7.51     38.15     2095647
-7.38     38.15     2096657
-7.51     38.15     2097667
-7.38     38.02     2098675
-7.51     38.15     2099685
-7.38     38.15     2100695
-7.51     38.15     2101704
-7.38     38.15     2102714
-7.51     38.15     2103724
-7.38     38.15     2104733
-7.51     38.15     2105742
-7.51     38.15     2106752
-7.51     38.15     2107761
-7.51     37.89     2108771
-7.51     38.15     2109780
-7.51     38.15     2110790
-7.51     38.02     2111800
-7.51     38.15     2112808
-7.51     38.15     2113818
-7.38     38.15     2114828
-7.38     38.15     2115837
-7.51     38.15     2116847
-7.51     38.15     2117857
-7.38     38.28     2118866
-7.51     38.15     2119875
-7.51     38.15     2120885
-7.51     38.15     2121894
-7.38     38.15     2122904
-7.51     38.15     2123914
-7.51     38.02     2124923
-7.51     38.15     2125933
-7.38     38.15     2126942
-7.51     38.15     2127951
-7.38     38.15     2128961
-7.38     38.15     2129971
-7.38     38.15     2130980
-7.51     38.15     2131990
-7.51     38.15     2133000
-7.38     38.15     2134008
-7.38     38.15     2135018
-7.38     38.15     2136028
-7.38     38.15     2137037
-7.51     38.15     2138047
-7.38     38.15     2139057
-7.51     38.15     2140066
-7.51     38.15     2141075
-7.51     38.15     2142085
-7.51     38.15     2143094
-7.51     38.15     2144104
-7.51     38.15     2145114
-7.51     38.15     2146123
-7.51     38.15     2147133
-7.51     38.15     2148142
-7.38     38.15     2149151
-7.51     38.15     2150161
-7.51     38.15     2151171
-7.38     38.15     2152180
-7.51     38.15     2153190
-7.38     38.15     2154200
-7.51     38.15     2155208
-7.38     38.15     2156218
-7.51     38.15     2157228
-7.51     38.15     2158237
-7.51     38.15     2159247
-7.51     38.15     2160257
-7.51     38.15     2161266
-7.38     38.15     2162275
-7.51     38.15     2163284
-7.51     38.15     2164294
-7.51     38.15     2165304
-7.51     38.28     2166313
-7.51     38.15     2167323
-7.38     38.15     2168333
-7.38     38.15     2169341
-7.51     38.15     2170351
-7.51     38.15     2171361
-7.51     38.15     2172370
-7.51     38.15     2173380
-7.51     38.15     2174390
-7.38     38.15     2175399
-7.51     38.15     2176408
-7.38     38.15     2177418
-7.51     38.15     2178427
-7.51     38.15     2179437
-7.51     38.15     2180447
-7.38     38.15     2181456
-7.51     38.28     2182466
-7.51     38.15     2183475
-7.51     38.15     2184484
-7.38     38.15     2185494
-7.51     38.15     2186504
-7.51     38.15     2187513
-7.51     38.15     2188523
-7.51     38.15     2189533
-7.51     38.15     2190541
-7.51     38.15     2191551
-7.51     38.15     2192561
-7.51     38.15     2193570
-7.38     38.15     2194580
-7.51     38.15     2195590
-7.51     38.15     2196599
-7.38     38.15     2197609
-7.51     38.15     2198618
-7.38     38.15     2199627
-7.51     38.15     2200637
-7.38     38.15     2201647
-7.51     38.15     2202656
-7.51     38.15     2203666
-7.51     38.15     2204675
-7.38     38.15     2205684
-7.51     38.02     2206694
-7.51     38.15     2207704
-7.51     38.15     2208713
-7.38     38.15     2209723
-7.51     38.15     2210733
-7.38     38.15     2211742
-7.51     38.15     2212751
-7.38     38.15     2213761
-7.51     38.15     2214770
-7.51     38.15     2215780
-7.51     38.15     2216790
-7.38     38.15     2217799
-7.38     38.15     2218809
-7.51     38.02     2219817
-7.51     38.15     2220827
-7.51     38.15     2221837
-7.51     38.15     2222846
-7.51     38.15     2223856
-7.38     38.15     2224866
-7.38     38.15     2225875
-7.51     38.15     2226884
-7.38     38.15     2227894
-7.38     38.15     2228903
-7.51     38.15     2229913
-7.38     38.15     2230923
-7.51     38.15     2231932
-7.51     38.15     2232942
-7.51     38.15     2233951
-7.38     38.15     2234960
-7.38     38.15     2235970
-7.51     38.15     2236980
-7.38     38.02     2237989
-7.51     38.15     2238999
-7.51     38.15     2240009
-7.51     38.15     2241017
-7.51     38.15     2242027
-7.51     38.15     2243037
-7.51     38.15     2244046
-7.51     38.15     2245056
-7.51     38.15     2246066
-7.38     38.15     2247075
-7.38     38.15     2248084
-7.38     38.15     2249094
-7.51     38.15     2250103
-7.38     38.15     2251113
-7.51     38.15     2252123
-7.51     38.15     2253132
-7.51     38.15     2254142
-7.51     38.15     2255151
-7.51     38.15     2256160
-7.51     38.15     2257170
-7.51     38.28     2258180
-7.38     38.15     2259189
-7.51     38.15     2260199
-7.38     38.15     2261209
-7.51     38.15     2262217
-7.38     38.15     2263227
-7.38     38.15     2264237
-7.51     38.15     2265246
-7.51     38.28     2266256
-7.51     38.15     2267266
-7.51     38.15     2268275
-7.51     38.15     2269284
-7.51     38.15     2270294
-7.51     38.15     2271303
-7.51     38.15     2272313
-7.51     38.15     2273323
-7.51     38.15     2274332
-7.38     38.02     2275342
-7.51     38.28     2276350
-7.38     38.15     2277360
-7.38     38.15     2278370
-7.51     38.15     2279379
-7.38     38.15     2280389
-7.51     38.15     2281399
-7.38     38.15     2282408
-7.51     38.15     2283417
-7.51     38.15     2284427
-7.51     38.15     2285436
-7.51     38.15     2286446
-7.51     38.15     2287456
-7.51     38.15     2288465
-7.51     38.15     2289475
-7.51     38.15     2290484
-7.51     38.15     2291493
-7.38     38.15     2292503
-7.51     38.15     2293513
-7.38     38.15     2294522
-7.38     38.15     2295532
-7.51     38.15     2296542
-7.38     38.15     2297550
-7.51     38.15     2298560
-7.38     38.15     2299570
-7.51     38.15     2300579
-7.51     38.15     2301589
-7.38     38.15     2302599
-7.38     38.15     2303608
-7.38     38.15     2304617
-7.38     38.15     2305627
-7.38     38.15     2306636
-7.38     38.15     2307646
-7.51     38.15     2308656
-7.51     38.15     2309665
-7.51     38.15     2310675
-7.51     38.15     2311684
-7.51     38.15     2312693
-7.38     38.15     2313703
-7.38     38.15     2314713
-7.51     38.15     2315722
-7.51     38.15     2316732
-7.51     38.15     2317742
-7.51     38.15     2318750
-7.38     38.15     2319760
-7.51     38.15     2320770
-7.38     38.28     2321779
-7.38     38.02     2322789
-7.51     38.15     2323799
-7.51     38.15     2324808
-7.38     38.15     2325817
-7.38     38.15     2326827
-7.51     38.15     2327836
-7.51     38.15     2328846
-7.51     38.15     2329856
-7.51     38.15     2330865
-7.38     38.15     2331875
-7.38     38.15     2332883
-7.38     38.15     2333893
-7.51     38.15     2334903
-7.51     38.15     2335912
-7.51     38.15     2336922
-7.51     38.15     2337932
-7.51     38.15     2338941
-7.51     38.15     2339950
-7.38     38.15     2340960
-7.38     38.15     2341969
-7.51     38.15     2342979
-7.51     38.15     2343989
-7.38     38.15     2344998
-7.38     38.15     2346008
-7.51     38.15     2347017
-7.51     38.15     2348026
-7.51     38.15     2349036
-7.51     38.15     2350046
-7.51     38.15     2351055
-7.51     38.15     2352065
-7.51     38.15     2353075
-7.51     38.15     2354083
-7.38     38.15     2355093
-7.51     38.15     2356103
-7.51     38.15     2357112
-7.38     38.15     2358122
-7.51     38.15     2359132
-7.51     38.15     2360141
-7.51     38.15     2361150
-7.51     38.15     2362160
-7.51     38.15     2363169
-7.51     38.15     2364179
-7.51     38.15     2365189
-7.51     38.15     2366198
-7.51     38.15     2367208
-7.51     38.15     2368217
-7.51     38.15     2369226
-7.38     38.15     2370236
-7.51     38.15     2371246
-7.51     38.15     2372255
-7.51     38.15     2373265
-7.51     38.15     2374275
-7.51     38.15     2375283
-7.51     38.15     2376293
-7.51     38.15     2377303
-7.38     38.15     2378312
-7.51     38.15     2379322
-7.38     38.15     2380332
-7.38     38.15     2381341
-7.51     38.15     2382350
-7.51     38.15     2383360
-7.51     38.15     2384369
-7.38     38.15     2385379
-7.51     38.15     2386388
-7.51     38.28     2387398
-7.38     38.15     2388407
-7.51     38.15     2389416
-7.51     38.15     2390426
-7.51     38.15     2391436
-7.51     38.15     2392445
-7.51     38.15     2393455
-7.51     38.15     2394465
-7.38     38.15     2395473
-7.51     38.15     2396483
-7.38     38.15     2397493
-7.38     38.15     2398502
-7.51     38.15     2399512
-7.51     38.15     2400522
-7.38     38.15     2401531
-7.51     38.15     2402541
-7.38     38.15     2403550
-7.38     38.15     2404559
-7.51     38.15     2405569
-7.51     38.15     2406579
-7.38     38.15     2407588
-7.51     38.15     2408598
-7.38     38.15     2409608
-7.51     38.28     2410616
-7.51     38.15     2411626
-7.51     38.15     2412636
-7.51     38.15     2413645
-7.51     38.15     2414655
-7.51     38.15     2415665
-7.51     38.15     2416674
-7.51     38.28     2417683
-7.38     38.15     2418693
-7.51     38.15     2419702
-7.51     38.15     2420712
-7.51     38.15     2421722
-7.51     38.15     2422731
-7.51     38.15     2423741
-7.51     38.15     2424750
-7.51     38.15     2425759
-7.51     38.15     2426769
-7.51     38.15     2427779
-7.51     38.15     2428788
-7.51     38.15     2429798
-7.51     38.15     2430808
-7.51     38.15     2431816
-7.51     38.15     2432826
-7.51     38.15     2433836
-7.38     38.15     2434845
-7.38     38.15     2435855
-7.51     38.28     2436865
-7.38     38.15     2437874
-7.51     38.15     2438883
-7.51     38.15     2439892
-7.51     38.02     2440902
-7.51     38.15     2441912
-7.51     38.15     2442921
-7.38     38.15     2443931
-7.51     38.15     2444941
-7.51     38.15     2445949
-7.38     38.15     2446959
-7.51     38.15     2447969
-7.51     38.15     2448978
-7.51     38.15     2449988
-7.51     38.15     2450998
-7.51     38.15     2452007
-7.51     38.15     2453016
-7.51     38.15     2454026
-7.51     38.15     2455035
-7.38     38.15     2456045
-7.51     38.15     2457055
-7.38     38.15     2458064
-7.51     38.15     2459074
-7.38     38.15     2460083
-7.38     38.15     2461092
-7.51     38.15     2462102
-7.51     38.15     2463112
-7.51     38.28     2464121
-7.51     38.15     2465131
-7.51     38.15     2466141
-7.51     38.28     2467149
-7.51     38.15     2468159
-7.38     38.15     2469169
-7.51     38.15     2470178
-7.38     38.15     2471188
-7.51     38.15     2472198
-7.38     38.02     2473207
-7.51     38.15     2474216
-7.51     38.15     2475226
-7.38     38.15     2476235
-7.38     38.02     2477245
-7.51     38.15     2478255
-7.38     38.15     2479264
-7.51     38.15     2480274
-7.51     38.15     2481283
-7.38     38.02     2482292
-7.51     38.28     2483302
-7.51     38.02     2484312
-7.38     38.15     2485321
-7.51     38.02     2486331
-7.38     38.15     2487341
-7.38     38.15     2488349
-7.51     38.15     2489359
-7.51     38.15     2490369
-7.38     38.15     2491378
-7.51     38.15     2492388
-7.51     38.15     2493398
-7.38     38.15     2494407
-7.38     38.02     2495416
-7.51     38.15     2496425
-7.51     38.15     2497435
-7.38     38.15     2498445
-7.51     38.15     2499454
-7.51     38.15     2500464
-7.51     38.02     2501474
-7.51     38.15     2502482
-7.51     38.15     2503492
-7.38     38.15     2504502
-7.51     38.02     2505511
-7.51     38.15     2506521
-7.38     38.15     2507531
-7.51     38.28     2508540
-7.38     38.15     2509549
-7.51     38.15     2510559
-7.51     38.15     2511568
-7.51     38.02     2512578
-7.51     38.15     2513588
-7.51     38.15     2514597
-7.51     38.15     2515607
-7.51     38.15     2516616
-7.51     38.15     2517625
-7.51     38.15     2518635
-7.51     38.15     2519645
-7.51     38.15     2520654
-7.51     38.15     2521664
-7.51     38.15     2522674
-7.51     38.15     2523682
-7.51     38.15     2524692
-7.51     38.15     2525702
-7.51     38.15     2526711
-7.38     38.15     2527721
-7.51     38.15     2528731
-7.51     38.15     2529740
-7.51     38.15     2530749
-7.51     38.15     2531759
-7.51     38.15     2532768
-7.51     38.15     2533778
-7.38     38.15     2534788
-7.51     38.15     2535797
-7.51     38.15     2536807
-7.51     38.15     2537816
-7.51     38.15     2538825
-7.51     38.15     2539835
-7.38     38.15     2540845
-7.38     38.02     2541854
-7.51     38.15     2542864
-7.38     38.15     2543874
-7.51     38.28     2544883
-7.51     38.15     2545892
-7.51     38.15     2546902
-7.51     38.15     2547911
-7.51     38.15     2548921
-7.38     38.15     2549931
-7.38     38.15     2550940
-7.51     38.15     2551950
-7.51     38.15     2552960
-7.38     38.15     2553968
-7.38     38.15     2554978
-7.51     38.15     2555987
-7.38     38.02     2556997
-7.51     38.15     2558007
-7.51     38.15     2559016
-7.51     38.15     2560026
-7.51     38.15     2561035
-7.51     38.15     2562044
-7.51     38.15     2563054
-7.51     38.15     2564064
-7.51     38.15     2565073
-7.51     38.15     2566083
-7.51     38.15     2567092
-7.38     38.02     2568101
-7.51     38.15     2569111
-7.38     38.15     2570121
-7.38     38.15     2571130
-7.51     38.15     2572140
-7.51     38.15     2573150
-7.51     38.15     2574158
-7.51     38.15     2575168
-7.51     38.15     2576178
-7.51     38.15     2577187
-7.51     38.15     2578197
-7.51     38.15     2579207
-7.38     38.15     2580216
-7.51     38.15     2581225
-7.51     38.15     2582235
-7.51     38.15     2583244
-7.38     38.15     2584254
-7.51     38.15     2585264
-7.51     38.02     2586273
-7.38     38.15     2587283
-7.38     38.15     2588292
-7.51     38.15     2589301
-7.38     38.15     2590311
-7.51     38.02     2591321
-7.38     38.15     2592330
-7.51     38.15     2593340
-7.51     38.15     2594350
-7.51     38.15     2595358
-7.38     38.15     2596368
-7.51     38.02     2597378
-7.38     38.15     2598387
-7.51     38.02     2599397
-7.51     38.02     2600407
-7.51     38.15     2601415
-7.51     38.15     2602425
-7.51     38.02     2603435
-7.51     37.89     2604444
-7.51     38.15     2605454
-7.51     38.15     2606464
-7.51     38.15     2607473
-7.51     38.15     2608482
-7.51     38.15     2609491
-7.51     38.15     2610501
-7.51     38.15     2611511
-7.51     38.15     2612520
-7.51     38.15     2613530
-7.51     38.15     2614540
-7.38     38.15     2615548
-7.51     38.15     2616558
-7.51     38.15     2617568
-7.51     38.15     2618577
-7.51     38.15     2619587
-7.51     38.15     2620597
-7.51     38.15     2621606
-7.51     38.15     2622616
-7.51     38.15     2623625
-7.51     38.15     2624634
-7.51     38.15     2625644
-7.38     38.15     2626654
-7.51     38.15     2627663
-7.51     38.02     2628673
-7.51     38.02     2629683
-7.38     38.15     2630691
-7.38     38.02     2631701
-7.51     38.15     2632711
-7.38     38.15     2633720
-7.51     38.02     2634730
-7.51     38.02     2635740
-7.38     38.02     2636749
-7.51     38.02     2637758
-7.38     38.15     2638768
-7.51     38.15     2639777
-7.51     38.15     2640787
-7.51     38.15     2641797
-7.51     38.02     2642806
-7.51     38.15     2643815
-7.51     38.02     2644825
-7.51     38.02     2645834
-7.38     38.02     2646844
-7.38     38.02     2647854
-7.51     38.02     2648863
-7.51     38.02     2649873
-7.51     38.02     2650882
-7.51     38.02     2651891
-7.51     38.02     2652901
-7.51     38.02     2653911
-7.51     38.02     2654920
-7.51     38.02     2655930
-7.51     38.02     2656940
-7.51     38.02     2657948
-7.38     38.02     2658958
-7.51     38.15     2659968
-7.51     38.02     2660977
-7.51     38.15     2661987
-7.38     38.02     2662996
-7.51     38.15     2664005
-7.51     38.02     2665015
-7.51     38.15     2666024
-7.51     38.02     2667034
-7.51     38.02     2668044
-7.51     38.15     2669053
-7.51     38.02     2670063
-7.51     38.02     2671072
-7.51     38.02     2672081
-7.51     38.02     2673091
-7.51     38.02     2674101
-7.38     38.02     2675110
-7.51     38.15     2676120
-7.51     38.02     2677130
-7.51     38.02     2678138
-7.51     38.02     2679148
-7.38     38.02     2680158
-7.51     38.02     2681167
-7.51     38.02     2682177
-7.51     38.02     2683187
-7.51     38.02     2684196
-7.51     38.02     2685205
-7.51     38.02     2686215
-7.51     38.02     2687224
-7.38     38.02     2688234
-7.51     38.02     2689244
-7.51     38.02     2690253
-7.51     38.02     2691263
-7.51     38.02     2692272
-7.51     38.02     2693281
-7.51     38.02     2694291
-7.38     38.02     2695301
-7.51     38.02     2696310
-7.51     38.02     2697320
-7.51     38.15     2698329
-7.51     38.02     2699338
-7.51     38.02     2700348
-7.51     38.02     2701358
-7.51     38.02     2702367
-7.51     38.02     2703377
-7.51     38.02     2704387
-7.51     38.02     2705395
-7.51     38.15     2706405
-7.51     38.02     2707415
-7.38     38.02     2708424
-7.51     38.02     2709434
-7.51     38.02     2710444
-7.51     38.02     2711453
-7.51     38.02     2712462
-7.51     38.02     2713472
-7.51     38.02     2714481
-7.51     38.02     2715491
-7.51     38.02     2716500
-7.51     38.02     2717510
-7.51     38.02     2718519
-7.38     38.02     2719528
-7.51     38.02     2720538
-7.51     38.15     2721548
-7.51     38.15     2722557
-7.51     38.15     2723567
-7.51     38.15     2724577
-7.51     38.15     2725586
-7.51     38.15     2726595
-7.51     38.02     2727605
-7.51     38.02     2728614
-7.51     38.02     2729624
-7.51     38.02     2730634
-7.51     38.02     2731643
-7.51     38.15     2732652
-7.51     38.15     2733662
-7.51     38.02     2734671
-7.51     38.02     2735681
-7.51     38.15     2736691
-7.51     38.02     2737700
-7.51     38.15     2738710
-7.51     38.28     2739720
-7.51     37.89     2740728
-7.51     38.02     2741738
-7.51     38.15     2742748
-7.51     38.15     2743757
-7.51     38.15     2744767
-7.38     38.15     2745777
-7.51     38.15     2746785
-7.51     38.15     2747795
-7.51     38.02     2748805
-7.51     38.15     2749814
-7.51     38.02     2750824
-7.51     38.02     2751834
-7.51     38.28     2752843
-7.51     38.02     2753852
-7.51     38.15     2754862
-7.51     37.89     2755871
-7.51     38.02     2756881
-7.51     38.02     2757891
-7.38     38.02     2758900
-7.51     38.02     2759909
-7.51     38.02     2760919
-7.51     38.15     2761928
-7.51     38.02     2762938
-7.51     38.02     2763948
-7.38     38.15     2764957
-7.51     38.15     2765967
-7.51     38.02     2766976
-7.51     38.02     2767985
-7.51     38.02     2768995
-7.51     38.02     2770004
-7.51     38.02     2771014
-7.51     38.02     2772024
-7.51     38.02     2773033
-7.51     38.02     2774042
-7.51     38.02     2775052
-7.51     38.02     2776061
-7.38     38.02     2777071
-7.51     38.02     2778081
-7.51     38.15     2779090
-7.51     38.02     2780100
-7.51     38.02     2781109
-7.51     38.02     2782118
-7.51     38.02     2783128
-7.51     38.02     2784138
-7.51     38.02     2785147
-7.51     38.02     2786157
-7.51     38.02     2787166
-7.51     38.02     2788175
-7.51     38.02     2789185
-7.51     38.02     2790195
-7.38     38.02     2791204
-7.51     38.02     2792214
-7.51     38.15     2793224
-7.51     38.02     2794232
-7.51     38.02     2795242
-7.51     38.02     2796252
-7.51     38.02     2797261
-7.51     38.02     2798271
-7.51     38.02     2799281
-7.51     38.02     2800290
-7.51     38.02     2801299
-7.51     38.02     2802309
-7.51     38.02     2803318
-7.51     38.02     2804328
-7.51     38.02     2805338
-7.51     38.02     2806347
-7.51     38.02     2807357
-7.51     38.02     2808366
-7.51     38.02     2809375
-7.51     38.02     2810385
-7.51     38.02     2811395
-7.51     38.02     2812404
-7.51     38.02     2813414
-7.51     38.02     2814424
-7.51     38.02     2815432
-7.51     38.02     2816442
-7.51     38.02     2817452
-7.51     38.02     2818461
-7.51     38.15     2819471
-7.51     38.02     2820481
-7.51     38.02     2821489
-7.51     38.02     2822499
-7.51     38.02     2823508
-7.51     38.02     2824518
-7.51     38.02     2825528
-7.51     38.02     2826537
-7.51     38.02     2827547
-7.51     38.02     2828556
-7.51     38.02     2829565
-7.38     38.02     2830575
-7.51     38.02     2831585
-7.51     38.02     2832594
-7.51     38.02     2833604
-7.51     38.02     2834614
-7.51     38.02     2835622
-7.51     38.02     2836632
-7.51     38.02     2837642
-7.51     38.02     2838651
-7.51     38.15     2839661
-7.51     38.02     2840671
-7.51     38.02     2841680
-7.51     38.15     2842689
-7.51     38.02     2843699
-7.51     38.02     2844708
-7.51     38.02     2845718
-7.51     38.15     2846728
-7.51     38.15     2847737
-7.51     38.02     2848747
-7.51     38.02     2849756
-7.51     38.02     2850765
-7.51     38.02     2851775
-7.51     38.02     2852785
-7.51     38.02     2853794
-7.51     38.02     2854804
-7.51     38.02     2855813
-7.51     38.02     2856822
-7.51     38.02     2857832
-7.51     38.02     2858842
-7.51     38.02     2859851
-7.51     38.02     2860861
-7.51     38.02     2861871
-7.51     38.02     2862879
-7.51     38.02     2863889
-7.51     38.02     2864899
-7.51     38.02     2865908
-7.51     38.02     2866918
-7.51     38.02     2867928
-7.51     38.02     2868937
-7.51     38.02     2869946
-7.51     38.02     2870956
-7.51     38.02     2871965
-7.51     38.02     2872975
-7.51     38.02     2873985
-7.51     38.02     2874994
-7.51     38.02     2876004
-7.51     38.02     2877012
-7.51     38.02     2878022
-7.51     38.02     2879032
-7.51     38.02     2880041
-7.51     38.15     2881051
-7.51     38.02     2882061
-7.51     38.02     2883069
-7.51     38.02     2884079

