20.98     23.55     21.19     0
20.98     23.55     21.19     1002
20.98     23.55     21.25     2004
20.98     23.55     21.25     3007
20.98     23.55     21.25     4011
21.08     23.55     21.25     5013
20.98     23.55     21.25     6016
21.08     23.55     21.25     7018
21.08     23.55     21.31     8022
21.17     23.55     21.31     9024
21.17     23.55     21.31     10027
21.17     23.55     21.37     11029
21.17     23.55     21.37     12032
21.17     23.65     21.37     13035
21.08     23.85     21.37     14038
21.08     24.05     21.37     15040
20.88     24.35     21.37     16043
20.78     24.65     21.25     17046
20.58     24.95     21.19     18049
20.39     25.15     21.06     19051
20.19     25.35     20.87     20055
20.00     25.76     20.69     21057
19.80     25.86     20.56     22060
19.51     26.06     20.25     23062
19.31     26.36     20.00     24066
19.11     26.46     19.75     25068
18.82     26.57     19.50     26071
18.63     26.77     19.19     27073
18.33     26.87     18.94     28077
18.14     27.07     18.56     29079
17.84     27.18     18.31     30082
17.65     27.28     17.94     31084
17.36     27.28     17.62     32088
17.16     27.38     17.37     33090
16.87     27.48     17.00     34093
16.57     27.59     16.69     35095
16.38     27.69     16.37     36099
16.09     27.69     16.00     37101
15.89     27.79     15.69     38104
15.70     27.89     15.38     39106
15.40     27.89     15.00     40110
15.21     28.00     14.69     41112
14.92     28.10     14.44     42115
14.72     28.10     14.06     43117
14.43     28.20     13.75     44121
14.23     28.20     13.44     45123
14.04     28.31     13.06     46126
13.74     28.31     12.75     47128
13.55     28.41     12.44     48132
13.25     28.41     12.06     49134
13.06     28.51     11.75     50137
12.86     28.51     11.44     51140
12.66     28.51     11.19     52143
12.37     28.62     10.88     53145
12.17     28.62     10.56     54148
11.97     28.62     10.25     55151
11.78     28.62     9.94     56154
11.48     28.72     9.63     57156
11.38     28.72     9.38     58159
11.09     28.82     9.06     59161
10.89     28.82     8.75     60165
10.69     28.93     8.50     61167
10.49     28.93     8.25     62170
10.29     28.93     7.88     63172
10.10     28.93     7.63     64176
9.90     29.03     7.38     65178
9.70     29.03     7.06     66181
9.50     29.03     6.81     67183
9.30     29.03     6.50     68186
9.10     29.13     6.25     69189
9.00     29.13     6.00     70192
8.80     29.13     5.75     71194
8.60     29.13     5.50     72197
8.40     29.24     5.25     73199
8.20     29.24     5.00     74202
7.99     29.24     4.75     75205
7.79     29.24     4.56     76208
7.69     29.24     4.25     77210
7.49     29.24     4.06     78213
7.29     29.34     3.81     79215
7.08     29.34     3.56     80219
6.98     29.34     3.38     81221
6.78     29.34     3.13     82224
6.68     29.45     2.88     83226
6.47     29.45     2.69     84229
6.37     29.45     2.50     85232
6.17     29.45     2.25     86235
6.06     29.45     2.06     87237
5.86     29.45     1.81     88240
5.65     29.55     1.63     89242
5.55     29.45     1.44     90245
5.45     29.55     1.25     91248
5.24     29.55     1.06     92251
5.14     29.55     0.88     93253
4.93     29.55     0.69     94256
4.83     29.65     0.50     95258
4.62     29.65     0.31     96261
4.52     29.65     0.12     97264
4.31     29.65     -0.06     98267
4.20     29.65     -0.19     99269
4.10     29.65     -0.44     100272
3.89     29.65     -0.56     101274
3.78     29.76     -0.75     102278
3.68     29.76     -0.94     103280
3.57     29.65     -1.06     104283
3.36     29.76     -1.19     105285
3.26     29.76     -1.37     106289
3.15     29.76     -1.50     107291
3.05     29.76     -1.69     108294
2.83     29.76     -1.88     109296
2.73     29.76     -2.00     110299
2.62     29.76     -2.13     111302
2.51     29.76     -2.31     112305
2.41     29.86     -2.44     113307
2.19     29.76     -2.56     114310
2.09     29.86     -2.75     115313
1.98     29.86     -2.88     116316
1.87     29.86     -3.00     117318
1.87     29.86     -3.13     118321
1.66     29.86     -3.25     119323
1.55     29.86     -3.38     120327
1.44     29.97     -3.50     121329
1.44     29.86     -3.56     122332
1.22     29.86     -3.75     123334
1.12     29.97     -3.88     124338
1.01     29.86     -4.00     125340
0.90     29.86     -4.13     126343
0.90     29.97     -4.25     127345
0.68     29.97     -4.31     128348
0.57     29.97     -4.44     129351
0.57     29.97     -4.56     130354
0.46     29.97     -4.69     131356
0.35     29.97     -4.81     132359
0.24     29.97     -4.94     133362
0.13     29.97     -5.06     134365
0.02     29.97     -5.13     135367
0.02     29.97     -5.25     136370
-0.09     29.86     -5.31     137372
-0.20     29.86     -5.44     138376
-0.20     29.86     -5.50     139378
-0.20     29.76     -5.63     140381
-0.31     29.55     -5.69     141383
-0.31     29.34     -5.75     142387
-0.20     29.13     -5.81     143389
-0.20     28.82     -5.81     144392
0.02     28.62     -5.75     145394
0.02     28.31     -5.75     146398
0.02     28.10     -5.63     147400
0.24     27.89     -5.56     148403
0.35     27.59     -5.44     149405
0.46     27.48     -5.31     150408
0.57     27.28     -5.13     151411
0.68     27.07     -5.00     152414
0.79     26.97     -4.81     153416
0.90     26.87     -4.63     154419
1.01     26.77     -4.44     155422
1.12     26.77     -4.31     156425
1.22     26.87     -4.13     157427
1.22     26.97     -4.00     158430
1.33     27.07     -3.88     159433
1.33     27.28     -3.75     160436
1.33     27.48     -3.63     161438
1.22     27.69     -3.56     162441
1.22     27.89     -3.44     163443
1.12     28.00     -3.44     164447
1.12     28.20     -3.44     165449
1.01     28.31     -3.44     166452
0.90     28.41     -3.44     167454
0.90     28.51     -3.44     168458
0.79     28.62     -3.50     169460
0.79     28.72     -3.50     170463
0.68     28.82     -3.56     171465
0.57     28.82     -3.63     172468
0.57     29.03     -3.69     173471
0.35     29.03     -3.75     174474
0.35     29.03     -3.81     175476
0.24     29.13     -3.94     176479
0.13     29.13     -4.00     177482
0.02     29.24     -4.06     178485
0.02     29.24     -4.13     179487
-0.09     29.24     -4.25     180490
-0.20     29.34     -4.31     181492
-0.20     29.34     -4.44     182496
-0.31     29.34     -4.50     183498
-0.42     29.45     -4.63     184501
-0.53     29.45     -4.69     185503
-0.53     29.45     -4.81     186507
-0.64     29.45     -4.88     187509
-0.76     29.45     -5.00     188512
-0.76     29.45     -5.06     189514
-0.87     29.55     -5.13     190517
-0.98     29.55     -5.25     191520
-0.98     29.55     -5.31     192523
-0.98     29.55     -5.44     193525
-1.09     28.62     -5.50     194528
-1.09     29.34     -5.56     195531
-1.09     29.13     -5.63     196534
-0.98     29.03     -5.69     197536
-0.98     28.72     -5.69     198539
-0.98     28.51     -5.75     199542
-0.87     28.31     -5.69     200545
-0.64     28.00     -5.63     201547
-0.53     27.79     -5.56     202550
-0.53     27.59     -5.44     203553
-0.31     27.38     -5.38     204556
-0.20     27.18     -5.25     205558
-0.09     27.07     -5.06     206561
0.02     26.87     -4.94     207563
0.13     26.77     -4.75     208567
0.24     26.67     -4.56     209569
0.46     26.67     -4.44     210572
0.57     26.57     -4.25     211574
0.57     26.67     -4.06     212578
0.68     26.87     -3.94     213580
0.68     26.97     -3.75     214583
0.68     27.18     -3.63     215585
0.68     27.38     -3.56     216589
0.68     27.59     -3.50     217591
0.57     27.69     -3.50     218594
0.57     27.89     -3.44     219596
0.46     28.10     -3.44     220599
0.46     28.20     -3.44     221602
0.35     28.31     -3.44     222605
0.24     28.41     -3.44     223607
0.24     28.51     -3.50     224610
0.13     28.62     -3.56     225612
0.02     28.72     -3.69     226616
0.02     28.72     -3.75     227618
-0.09     28.82     -3.81     228621
-0.20     28.82     -3.88     229623
-0.20     28.93     -3.94     230627
-0.20     29.03     -4.00     231629
-0.42     29.03     -4.13     232632
-0.53     29.13     -4.25     233634
-0.53     29.13     -4.31     234637
-0.64     29.13     -4.44     235640
-0.64     29.24     -4.50     236643
-0.76     29.24     -4.63     237645
-0.76     29.24     -4.75     238648
-0.87     29.24     -4.81     239651
-0.98     29.34     -4.94     240654
-0.98     29.34     -5.00     241656
-1.09     29.34     -5.06     242659
-1.20     29.34     -5.19     243662
-1.20     29.45     -5.25     244665
-1.32     29.34     -5.31     245667
-1.32     29.34     -5.44     246670
-1.32     29.24     -5.50     247673
-1.43     29.13     -5.63     248676
-1.32     29.03     -5.63     249678
-1.32     28.82     -5.75     250681
-1.32     28.62     -5.75     251683
-1.20     28.41     -5.75     252687
-1.09     28.10     -5.69     253689
-0.98     27.89     -5.63     254692
-0.98     27.69     -5.56     255694
-0.76     27.48     -5.50     256698
-0.64     27.18     -5.38     257700
-0.53     27.07     -5.25     258703
-0.31     26.87     -5.13     259705
-0.20     26.77     -4.94     260709
-0.09     26.57     -4.81     261711
0.02     26.46     -4.63     262714
0.13     26.46     -4.38     263716
0.35     26.46     -4.25     264720
0.35     26.46     -4.13     265722
0.46     26.67     -3.94     266725
0.46     26.77     -3.75     267727
0.46     26.97     -3.69     268730
0.46     27.28     -3.56     269733
0.46     27.38     -3.50     270736
0.35     27.59     -3.44     271738
0.35     27.79     -3.38     272741
0.24     28.00     -3.38     273744
0.24     28.10     -3.38     274747
0.24     28.10     -3.38     275749
0.13     28.31     -3.44     276752
0.13     28.41     -3.50     277754
0.02     28.51     -3.50     278758
-0.09     28.51     -3.56     279760
-0.20     28.62     -3.63     280763
-0.20     28.72     -3.69     281765
-0.31     28.72     -3.75     282769
-0.42     28.82     -3.88     283771
-0.42     28.93     -3.94     284774
-0.53     28.93     -4.00     285776
-0.64     28.93     -4.13     286779
-0.64     29.03     -4.19     287782
-0.76     29.03     -4.25     288785
-0.87     29.13     -4.38     289787
-0.87     29.13     -4.44     290790
-0.98     29.13     -4.56     291793
-1.09     29.24     -4.63     292796
-1.09     29.24     -4.75     293798
-1.20     29.24     -4.81     294801
-1.20     29.24     -4.94     295804
-1.32     29.34     -5.06     296807
-1.32     29.34     -5.13     297809
-1.43     29.34     -5.25     298812
-1.54     29.34     -5.31     299814
-1.54     29.34     -5.44     300818
-1.66     29.24     -5.50     301820
-1.54     29.13     -5.56     302823
-1.66     28.93     -5.63     303825
-1.54     28.82     -5.69     304829
-1.54     28.51     -5.75     305831
-1.43     28.31     -5.75     306834
-1.32     28.10     -5.75     307836
-1.20     27.89     -5.69     308840
-1.09     27.69     -5.63     309842
-0.98     27.38     -5.56     310845
-0.87     27.18     -5.44     311847
-0.76     27.07     -5.31     312851
-0.64     26.87     -5.19     313853
-0.53     26.67     -5.06     314856
-0.31     26.57     -4.88     315858
-0.20     26.46     -4.75     316862
0.02     26.36     -4.50     317864
0.02     26.36     -4.38     318867
0.13     26.36     -4.19     319869
0.24     26.57     -4.00     320872

