23.33     24.33     23.81     0
23.23     24.53     23.81     1002
23.13     24.63     23.75     2004
23.03     24.73     23.75     3007
22.93     24.93     23.62     4011
22.73     25.13     23.56     5013
22.54     25.44     23.44     6016
22.34     25.64     23.25     7018
22.14     25.84     23.12     8020
21.84     26.04     22.94     9024
21.64     26.24     22.69     10027
21.35     26.45     22.50     11029
21.15     26.65     22.25     12032
20.85     26.85     22.00     13035
20.55     26.95     21.75     14038
20.36     27.05     21.44     15040
20.06     27.26     21.12     16043
19.76     27.36     20.87     17046
19.47     27.46     20.50     18049
19.17     27.56     20.19     19051
18.88     27.67     19.94     20054
18.68     27.77     19.56     21057
18.38     27.87     19.25     22060
18.09     27.97     18.94     23062
17.79     28.08     18.56     24065
17.59     28.08     18.25     25068
17.20     28.18     17.94     26071
17.00     28.28     17.56     27073
16.71     28.28     17.19     28076
16.41     28.38     16.87     29079
16.12     28.38     16.50     30082
15.82     28.49     16.19     31084
15.62     28.59     15.88     32087
15.32     28.69     15.50     33090
15.13     28.69     15.13     34093
14.83     28.69     14.75     35095
14.53     28.80     14.44     36099
14.33     28.80     14.13     37101
14.14     28.80     13.75     38104
13.84     28.90     13.44     39106
13.54     29.00     13.13     40110
13.34     29.00     12.75     41112
13.04     29.00     12.44     42115
12.84     29.11     12.13     43117
12.54     29.11     11.81     44121
12.35     29.21     11.50     45123
12.05     29.21     11.19     46126
11.84     29.21     10.88     47129
11.64     29.21     10.56     48132
11.44     29.31     10.25     49134
11.24     29.31     9.94     50137
10.94     29.31     9.63     51140
10.74     29.31     9.25     52143
10.54     29.42     9.00     53145
10.23     29.42     8.75     54148
10.03     29.42     8.38     55151
9.83     29.52     8.13     56154
9.63     29.52     7.88     57156
9.42     29.52     7.56     58159
9.22     29.52     7.25     59161
9.02     29.62     7.00     60165
8.81     29.62     6.69     61167
8.61     29.62     6.44     62170
8.30     29.62     6.19     63172
8.20     29.62     5.88     64175
7.99     29.73     5.63     65177
7.79     29.73     5.38     66181
7.58     29.73     5.13     67183
7.37     29.73     4.88     68186
7.17     29.83     4.56     69188
6.96     29.83     4.31     70191
6.86     29.83     4.13     71193
6.65     29.83     3.81     72197
6.44     29.83     3.63     73199
6.33     29.83     3.38     74202
6.13     29.94     3.13     75204
5.92     29.94     2.88     76207
5.81     29.94     2.69     77210
5.60     29.94     2.44     78213
5.39     29.94     2.19     79215
5.18     29.94     2.00     80218
5.07     30.04     1.75     81220
4.97     30.04     1.56     82223
4.75     30.04     1.37     83226
4.54     30.04     1.12     84229
4.33     30.04     0.94     85231
4.22     30.04     0.75     86234
4.01     30.04     0.50     87236
3.90     30.04     0.31     88239
3.79     30.14     0.06     89242
3.69     30.14     -0.12     90245
3.47     30.14     -0.31     91247
3.36     30.14     -0.50     92250
3.15     30.14     -0.69     93252
3.04     30.14     -0.88     94255
2.82     30.14     -1.06     95258
2.71     30.25     -1.25     96261
2.49     30.14     -1.44     97263
2.38     30.25     -1.63     98266
2.27     30.25     -1.81     99268
2.17     30.25     -1.94     100272
1.95     30.25     -2.13     101274
1.95     30.25     -2.31     102277
1.73     30.25     -2.44     103279
1.50     30.25     -2.63     104282
1.39     30.25     -2.81     105285
1.28     30.25     -2.94     106288
1.17     30.35     -3.13     107290
1.06     30.35     -3.31     108293
0.95     30.35     -3.50     109296
0.84     30.35     -3.63     110299
0.72     30.35     -3.75     111301
0.50     30.35     -3.94     112304
0.39     30.35     -4.06     113307
0.27     30.35     -4.19     114310
0.16     30.35     -4.38     115312
0.05     30.35     -4.50     116315
-0.06     30.35     -4.63     117317
-0.18     30.46     -4.81     118321
-0.29     30.35     -4.94     119323
-0.41     30.46     -5.06     120326
-0.52     30.35     -5.19     121328
-0.63     30.46     -5.31     122332
-0.63     30.46     -5.44     123334
-0.75     30.35     -5.56     124337
-0.86     30.25     -5.69     125339
-0.86     30.14     -5.75     126343
-0.86     29.94     -5.88     127345
-0.86     29.73     -5.94     128348
-0.75     29.52     -6.00     129350
-0.75     29.21     -6.00     130354
-0.63     29.00     -6.06     131356
-0.52     28.69     -6.00     132359
-0.52     28.49     -5.94     133361
-0.41     28.28     -5.88     134364
-0.18     28.08     -5.81     135367
-0.18     27.87     -5.69     136370
0.05     27.77     -5.63     137372
0.16     27.56     -5.44     138375
0.27     27.46     -5.31     139378
0.39     27.36     -5.19     140381
0.50     27.26     -5.00     141383
0.72     27.16     -4.88     142386
0.84     27.05     -4.69     143388
0.95     26.95     -4.50     144392
1.06     26.95     -4.31     145394
1.06     27.05     -4.13     146397
1.17     27.16     -4.00     147399
1.17     27.26     -3.88     148403
1.17     27.46     -3.75     149405
1.17     27.67     -3.56     150408
1.06     27.87     -3.50     151410
1.06     28.08     -3.44     152413
0.95     28.18     -3.44     153416
0.95     28.38     -3.38     154419
0.84     28.49     -3.38     155421
0.72     28.69     -3.38     156424
0.61     28.80     -3.38     157426
0.50     28.80     -3.44     158430
0.50     29.00     -3.44     159432
0.39     29.00     -3.50     160435
0.27     29.11     -3.56     161437
0.16     29.21     -3.63     162441
0.05     29.31     -3.69     163443
-0.06     29.31     -3.75     164446
-0.18     29.42     -3.88     165448
-0.18     29.42     -3.94     166451
-0.29     29.42     -4.06     167454
-0.41     29.52     -4.13     168457
-0.52     29.52     -4.19     169459
-0.63     29.62     -4.31     170462
-0.75     29.52     -4.44     171465
-0.75     29.62     -4.56     172468
-0.98     29.73     -4.63     173470
-0.98     29.73     -4.75     174473
-1.09     29.73     -4.88     175476
-1.21     29.83     -4.94     176479
-1.32     29.83     -5.06     177481
-1.44     29.83     -5.19     178484
-1.44     29.83     -5.25     179487
-1.56     29.83     -5.38     180490
-1.67     29.83     -5.50     181492
-1.67     29.83     -5.63     182495
-1.67     29.62     -5.69     183498
-1.79     29.52     -5.81     184501
-1.67     29.31     -5.88     185503
-1.67     29.11     -5.94     186506
-1.56     28.80     -5.94     187509
-1.44     28.59     -5.94     188512
-1.32     28.38     -5.94     189514
-1.32     28.18     -5.88     190517
-1.21     27.97     -5.81     191520
-0.98     27.67     -5.69     192523
-0.86     27.56     -5.63     193525
-0.75     27.46     -5.56     194528
-0.63     27.26     -5.38     195530
-0.41     27.16     -5.25     196534
-0.41     27.05     -5.13     197536
-0.18     26.85     -4.94     198539
-0.06     26.85     -4.81     199541
0.05     26.75     -4.63     200545
0.27     26.65     -4.44     201547
0.39     26.75     -4.31     202550
0.27     26.85     -4.13     203552
0.50     26.95     -3.94     204556
0.50     27.16     -3.81     205558
0.39     27.26     -3.75     206561
0.39     27.56     -3.63     207563
0.39     27.67     -3.56     208566
0.39     27.87     -3.50     209569
0.27     28.08     -3.44     210572
0.16     28.18     -3.44     211574
0.16     28.28     -3.44     212577
0.05     28.49     -3.44     213579
-0.06     28.59     -3.44     214583
-0.18     28.69     -3.50     215585
-0.18     28.80     -3.56     216588
-0.29     28.90     -3.56     217590
-0.41     29.00     -3.69     218593
-0.52     29.00     -3.75     219596
-0.63     29.11     -3.81     220599
-0.63     29.11     -3.88     221601
-0.75     29.21     -4.00     222604
-0.86     29.21     -4.06     223607
-0.98     29.31     -4.19     224610
-0.98     29.31     -4.25     225612
-1.21     29.42     -4.38     226615
-1.32     29.42     -4.50     227618
-1.32     29.52     -4.56     228621
-1.44     29.52     -4.69     229623
-1.56     29.52     -4.81     230626
-1.67     29.62     -4.88     231629
-1.79     29.62     -5.00     232632
-1.79     29.62     -5.13     233634
-1.91     29.62     -5.25     234637
-2.02     29.62     -5.38     235640
-2.02     29.62     -5.44     236643
-2.14     29.62     -5.56     237645
-2.14     29.52     -5.69     238648
-2.26     29.42     -5.75     239651
-2.14     29.21     -5.88     240654
-2.14     29.00     -5.94     241656
-2.02     28.80     -5.94     242659
-1.91     28.59     -5.94     243662
-1.79     28.28     -5.94     244665
-1.67     28.08     -5.88     245667
-1.67     27.87     -5.88     246670
-1.44     27.67     -5.75     247672
-1.32     27.46     -5.69     248676
-1.21     27.36     -5.63     249678
-1.09     27.16     -5.50     250681
-0.98     27.05     -5.38     251683
-0.75     26.95     -5.25     252687
-0.63     26.85     -5.06     253689
-0.52     26.75     -4.88     254692
-0.29     26.65     -4.69     255694
-0.18     26.65     -4.56     256698
-0.06     26.55     -4.38     257700
0.05     26.65     -4.25     258703
0.05     26.75     -4.06     259705
0.16     26.95     -3.94     260708
0.16     27.16     -3.81     261711
0.05     27.26     -3.69     262714
0.05     27.46     -3.63     263716
0.05     27.67     -3.56     264719
-0.06     27.87     -3.50     265722
-0.06     27.97     -3.50     266725
-0.18     28.18     -3.44     267727
-0.29     28.28     -3.50     268730
-0.41     28.38     -3.50     269732
-0.41     28.59     -3.50     270736

