22.14     25.94     22.87     0
21.94     26.14     22.87     1002
21.74     26.24     22.69     2004
21.54     26.34     22.44     3007
21.44     26.45     22.25     4011
21.25     26.65     22.06     5013
20.95     26.75     21.75     6016
20.75     26.95     21.50     7018
20.46     27.16     21.31     8020
20.26     27.36     21.00     9024
19.96     27.56     20.75     10027
19.67     27.77     20.50     11029
19.37     27.87     20.12     12032
19.17     28.08     19.87     13035
18.88     28.18     19.56     14038
18.58     28.28     19.19     15040
18.28     28.38     18.87     16043
18.09     28.59     18.50     17046
17.79     28.69     18.19     18049
17.50     28.69     17.87     19051
17.20     28.90     17.50     20055
16.90     28.90     17.19     21057
16.71     29.00     16.87     22060
16.41     29.11     16.50     23062
16.12     29.21     16.19     24066
15.82     29.31     15.88     25068
15.62     29.31     15.44     26071
15.32     29.42     15.13     27073
15.03     29.42     14.81     28077
14.83     29.52     14.44     29079
14.53     29.62     14.13     30082
14.24     29.62     13.75     31084
14.04     29.73     13.44     32088
13.84     29.73     13.13     33090
13.54     29.83     12.75     34093
13.34     29.94     12.44     35095
13.04     29.94     12.13     36099
12.84     30.04     11.75     37101
12.54     30.04     11.44     38104
12.35     30.14     11.19     39107
12.15     30.14     10.75     40110
11.84     30.14     10.50     41112
11.64     30.25     10.13     42115
11.44     30.25     9.88     43118
11.14     30.35     9.56     44121
10.94     30.35     9.19     45123
10.74     30.46     8.94     46126
10.54     30.46     8.63     47129
10.34     30.46     8.31     48132
10.03     30.56     8.06     49134
9.83     30.56     7.81     50137
9.63     30.67     7.44     51140
9.42     30.67     7.19     52143
9.22     30.67     6.88     53145
9.02     30.67     6.63     54148
8.81     30.77     6.38     55150
8.61     30.77     6.06     56153
8.40     30.77     5.81     57156
8.20     30.88     5.56     58159
7.99     30.77     5.25     59161
7.79     30.88     5.00     60164
7.58     30.88     4.75     61166
7.37     30.88     4.50     62170
7.17     30.98     4.25     63172
7.06     30.98     4.06     64175
6.86     30.98     3.75     65177
6.65     30.98     3.56     66180
6.44     31.09     3.25     67182
6.23     31.09     3.06     68186
6.13     31.09     2.81     69188
5.92     31.19     2.56     70191
5.81     31.19     2.38     71193
5.60     31.19     2.13     72196
5.39     31.19     1.88     73198
5.28     31.19     1.69     74202
5.07     31.19     1.50     75204
4.86     31.30     1.25     76207
4.75     31.30     1.06     77209
4.54     31.30     0.81     78212
4.44     31.30     0.63     79214
4.22     31.30     0.44     80218
4.12     31.40     0.19     81220
3.90     31.40     0.00     82223
3.69     31.40     -0.12     83225
3.58     31.40     -0.37     84228
3.47     31.40     -0.56     85230
3.36     31.51     -0.75     86234
3.15     31.51     -0.94     87236
2.93     31.51     -1.12     88239
2.82     31.51     -1.31     89241
2.71     31.51     -1.50     90244
2.60     31.51     -1.63     91246
2.38     31.62     -1.81     92250
2.27     31.62     -2.00     93252
2.17     31.62     -2.13     94255
2.06     31.62     -2.31     95257
1.84     31.62     -2.50     96260
1.73     31.72     -2.63     97263
1.61     31.62     -2.81     98266
1.50     31.72     -2.94     99268
1.39     31.72     -3.13     100271
1.17     31.72     -3.31     101273
1.06     31.72     -3.44     102277
0.95     31.72     -3.63     103279
0.84     31.72     -3.75     104282
0.72     31.72     -3.88     105284
0.61     31.83     -4.06     106287
0.50     31.83     -4.19     107290
0.39     31.83     -4.31     108293
0.27     31.83     -4.44     109295
0.16     31.83     -4.56     110298
0.05     31.83     -4.75     111301
-0.06     31.83     -4.88     112304
-0.18     31.83     -5.00     113306
-0.29     31.93     -5.13     114309
-0.41     31.93     -5.25     115311
-0.52     31.93     -5.38     116315
-0.63     31.93     -5.50     117317
-0.75     31.93     -5.63     118320
-0.86     31.93     -5.75     119322
-0.98     31.93     -5.88     120326
-1.09     32.04     -6.00     121328
-1.21     31.93     -6.13     122331
-1.32     32.04     -6.25     123333
-1.32     31.93     -6.38     124337
-1.44     32.04     -6.44     125339
-1.56     32.04     -6.56     126342
-1.67     32.04     -6.69     127344
-1.79     32.04     -6.81     128347
-1.91     32.04     -6.94     129350
-1.91     32.04     -7.00     130353
-2.14     32.04     -7.13     131355
-2.14     32.04     -7.25     132358
-2.26     32.04     -7.31     133361
-2.37     32.04     -7.44     134364
-2.37     32.15     -7.56     135366
-2.49     32.15     -7.63     136369
-2.61     32.15     -7.75     137372
-2.73     32.15     -7.81     138375
-2.73     32.15     -7.94     139377
-2.85     32.15     -8.00     140380
-2.97     32.15     -8.13     141383
-3.09     32.15     -8.25     142386
-3.09     32.15     -8.31     143388
-3.21     32.15     -8.38     144391
-3.32     32.15     -8.50     145394
-3.32     32.15     -8.56     146397
-3.44     32.15     -8.63     147399
-3.56     32.15     -8.75     148402
-3.56     32.15     -8.81     149405
-3.69     32.15     -8.88     150408
-3.69     32.15     -9.00     151410
-3.81     32.15     -9.06     152413
-3.81     32.25     -9.13     153415
-3.93     32.25     -9.19     154419
-4.05     32.25     -9.25     155421
-4.05     32.25     -9.38     156424
-4.17     32.25     -9.44     157426
-4.29     32.25     -9.50     158430
-4.29     32.25     -9.56     159432
-4.41     32.25     -9.63     160435
-4.41     32.25     -9.75     161437
-4.54     32.25     -9.81     162441
-4.54     32.25     -9.88     163443
-4.66     32.25     -9.94     164446
-4.66     32.25     -10.00     165448
-4.78     32.25     -10.06     166452
-4.91     32.25     -10.13     167454
-4.91     32.25     -10.19     168457
-5.03     32.25     -10.25     169460
-5.03     32.25     -10.31     170463
-5.15     32.25     -10.38     171465
-5.15     32.36     -10.44     172468
-5.15     32.25     -10.50     173471
-5.28     32.25     -10.56     174474
-5.40     32.25     -10.63     175476
-5.40     32.25     -10.69     176480
-5.53     32.25     -10.75     177482
-5.53     32.36     -10.81     178485
-5.53     32.25     -10.88     179487
-5.65     32.36     -10.94     180491
-5.65     32.36     -11.00     181493
-5.78     32.25     -11.06     182496
-5.78     32.36     -11.06     183498
-5.90     32.36     -11.13     184502
-5.90     32.36     -11.19     185504
-5.90     32.36     -11.25     186507
-6.03     32.36     -11.31     187510
-6.03     32.36     -11.38     188513
-6.16     32.36     -11.38     189515
-6.16     32.36     -11.44     190518
-6.16     32.36     -11.50     191521
-6.28     32.36     -11.56     192524
-6.28     32.36     -11.63     193526
-6.41     32.36     -11.63     194530
-6.41     32.36     -11.69     195532
-6.41     32.36     -11.75     196535
-6.54     32.36     -11.81     197537
-6.54     32.36     -11.88     198541
-6.54     32.36     -11.88     199543
-6.67     32.36     -11.94     200546
-6.67     32.47     -11.94     201549
-6.67     32.36     -12.00     202552
-6.79     32.36     -12.06     203554
-6.79     32.36     -12.13     204557
-6.92     32.36     -12.13     205560
-6.92     32.36     -12.19     206563
-6.92     32.47     -12.25     207565
-7.05     32.36     -12.25     208568
-7.05     32.36     -12.31     209571
-7.05     32.36     -12.31     210574
-7.18     32.36     -12.31     211576
-7.18     32.47     -12.31     212579
-7.18     32.47     -12.38     213582
-7.31     32.47     -12.38     214585
-7.31     32.36     -12.38     215587
-7.31     32.36     -12.44     216591
-7.31     32.47     -12.44     217593
-7.44     32.36     -12.44     218596
-7.44     32.47     -12.50     219598
-7.44     32.36     -12.50     220602
-7.57     32.47     -12.50     221604
-7.57     32.47     -12.56     222607
-7.57     32.47     -12.56     223609
-7.57     32.47     -12.63     224613
-7.70     32.36     -12.63     225615
-7.70     32.47     -12.63     226618
-7.70     32.47     -12.69     227621
-7.70     32.47     -12.69     228624
-7.83     32.47     -12.69     229626
-7.83     32.47     -12.75     230629
-7.83     32.47     -12.75     231632
-7.96     32.47     -12.75     232635
-7.96     32.47     -12.81     233637
-7.96     32.47     -12.81     234640
-7.96     32.47     -12.81     235643
-8.10     32.47     -12.88     236646
-8.10     32.47     -12.88     237648
-8.10     32.36     -12.88     238651
-8.10     32.47     -12.94     239654
-8.23     32.47     -12.94     240657
-8.23     32.47     -13.00     241659
-8.23     32.47     -13.00     242662
-8.23     32.47     -13.06     243665
-8.23     32.47     -13.06     244668
-8.36     32.47     -13.06     245670
-8.36     32.47     -13.13     246674
-8.36     32.47     -13.19     247676
-8.49     32.47     -13.19     248679
-8.49     32.47     -13.19     249681
-8.49     32.47     -13.25     250685
-8.49     32.47     -13.25     251687
-8.49     32.47     -13.25     252690
-8.49     32.47     -13.25     253692
-8.49     32.47     -13.25     254696
-8.63     32.47     -13.25     255698
-8.63     32.47     -13.31     256701
-8.63     32.47     -13.31     257703
-8.63     32.47     -13.31     258707
-8.76     32.47     -13.31     259709
-8.76     32.47     -13.31     260712
-8.76     32.47     -13.38     261715
-8.76     32.47     -13.38     262718
-8.76     32.47     -13.38     263720
-8.90     32.47     -13.38     264723
-8.90     32.47     -13.38     265726
-8.90     32.47     -13.38     266729
-8.90     32.47     -13.44     267731
-8.90     32.47     -13.44     268734
-8.90     32.47     -13.44     269737
-9.03     32.57     -13.44     270740
-9.03     32.57     -13.44     271742
-9.03     32.47     -13.44     272745
-9.03     32.57     -13.44     273748
-9.03     32.57     -13.50     274751
-9.17     32.47     -13.50     275753
-9.17     32.47     -13.50     276757
-9.17     32.47     -13.50     277760
-9.17     32.57     -13.50     278762
-9.17     32.47     -13.50     279764
-9.17     32.47     -13.50     280768
-9.17     32.47     -13.56     281771
-9.30     32.47     -13.56     282773
-9.30     32.57     -13.56     283776
-9.30     32.47     -13.56     284779
-9.30     32.57     -13.56     285782
-9.30     32.47     -13.63     286784
-9.30     32.47     -13.63     287787
-9.30     32.47     -13.63     288790
-9.44     32.57     -13.63     289793
-9.44     32.47     -13.63     290795
-9.44     32.47     -13.63     291799
-9.44     32.57     -13.63     292801
-9.44     32.47     -13.69     293804
-9.44     32.57     -13.69     294806
-9.44     32.57     -13.69     295810
-9.44     32.57     -13.69     296812
-9.57     32.57     -13.69     297815
-9.57     32.57     -13.69     298817
-9.57     32.47     -13.75     299821
-9.57     32.57     -13.75     300823
-9.57     32.57     -13.75     301826
-9.57     32.57     -13.75     302828
-9.57     32.47     -13.75     303832
-9.57     32.57     -13.81     304834
-9.71     32.47     -13.81     305837
-9.71     32.57     -13.81     306839
-9.71     32.47     -13.81     307843
-9.71     32.57     -13.81     308845
-9.71     32.57     -13.81     309848
-9.71     32.57     -13.88     310850
-9.71     32.57     -13.88     311854
-9.71     32.57     -13.88     312856
-9.85     32.57     -13.88     313859
-9.85     32.57     -13.88     314862
-9.85     32.57     -13.94     315865
-9.85     32.57     -13.94     316867
-9.85     32.47     -13.94     317870
-9.85     32.47     -13.94     318873
-9.85     32.57     -13.94     319876
-9.99     32.57     -13.94     320878
-9.85     32.47     -13.94     321881
-9.99     32.57     -14.00     322884
-9.99     32.57     -13.94     323887
-9.99     32.57     -14.00     324889
-9.99     32.57     -14.00     325892
-9.99     32.57     -14.00     326895
-9.99     32.57     -14.00     327898
-9.99     32.57     -14.00     328900
-9.99     32.57     -14.06     329903
-9.99     32.57     -14.06     330906
-10.12     32.57     -14.06     331909
-10.12     32.47     -14.06     332911
-10.12     32.57     -14.06     333915
-10.12     32.57     -14.06     334917
-9.99     32.57     -14.06     335920
-10.12     32.57     -14.06     336922
-10.12     32.57     -14.13     337926
-10.12     32.57     -14.13     338928
-10.12     32.57     -14.13     339931
-10.12     32.57     -14.13     340934
-10.26     32.57     -14.13     341937
-10.12     32.57     -14.13     342939
-10.12     32.57     -14.19     343943
-10.26     32.57     -14.19     344945
-10.26     32.57     -14.19     345948
-10.12     32.57     -14.19     346950
-10.26     32.47     -14.19     347954
-10.26     32.57     -14.19     348956
-10.26     32.57     -14.19     349959
-10.26     32.57     -14.25     350962
-10.26     32.57     -14.25     351965
-10.26     32.57     -14.25     352967
-10.26     32.57     -14.25     353971
-10.26     32.57     -14.25     354973
-10.40     32.57     -14.25     355976
-10.40     32.57     -14.25     356978
-10.40     32.57     -14.25     357982
-10.40     32.57     -14.25     358984
-10.40     32.57     -14.25     359987
-10.40     32.57     -14.25     360990
-10.40     32.57     -14.25     361993
-10.40     32.57     -14.25     362995
-10.40     32.57     -14.25     363998
-10.40     32.57     -14.25     365001
-10.40     32.57     -14.25     366004
-10.54     32.57     -14.25     367006
-10.40     32.57     -14.25     368010
-10.54     32.57     -14.25     369012
-10.54     32.57     -14.25     370015
-10.40     32.57     -14.25     371018
-10.54     32.57     -14.25     372021
-10.54     32.57     -14.25     373023
-10.54     32.57     -14.25     374026
-10.54     32.57     -14.25     375029
-10.54     32.57     -14.25     376032
-10.54     32.57     -14.25     377034
-10.54     32.57     -14.25     378038
-10.54     32.57     -14.25     379040
-10.54     32.57     -14.25     380043
-10.54     32.47     -14.25     381046
-10.68     32.57     -14.25     382049
-10.68     32.57     -14.25     383051
-10.54     32.57     -14.25     384054
-10.68     32.57     -14.25     385057
-10.68     32.57     -14.25     386060
-10.54     32.57     -14.25     387062
-10.68     32.57     -14.25     388066
-10.68     32.57     -14.25     389068
-10.68     32.57     -14.25     390071
-10.68     32.57     -14.25     391074
-10.68     32.57     -14.25     392077
-10.68     32.57     -14.25     393079
-10.68     32.57     -14.25     394082
-10.82     32.57     -14.25     395085
-10.68     32.57     -14.25     396088
-10.68     32.57     -14.25     397090
-10.68     32.57     -14.25     398094
-10.68     32.57     -14.25     399096
-10.82     32.57     -14.25     400099
-10.82     32.57     -14.25     401102
-10.82     32.57     -14.25     402105
-10.82     32.57     -14.31     403107
-10.82     32.57     -14.31     404110
-10.82     32.57     -14.38     405113
-10.82     32.57     -14.38     406116
-10.82     32.57     -14.44     407118
-10.82     32.57     -14.44     408122
-10.82     32.57     -14.50     409124
-10.82     32.57     -14.50     410127
-10.82     32.57     -14.56     411130
-10.82     32.57     -14.56     412133
-10.96     32.57     -14.56     413135
-10.82     32.57     -14.56     414138
-10.96     32.57     -14.63     415141
-10.82     32.57     -14.63     416144
-10.96     32.57     -14.63     417146
-10.96     32.57     -14.69     418150
-10.96     32.57     -14.69     419152
-10.82     32.57     -14.69     420155
-10.96     32.57     -14.75     421158
-10.82     32.57     -14.75     422161
-10.96     32.57     -14.75     423163
-10.96     32.57     -14.75     424167
-10.96     32.57     -14.81     425169
-10.96     32.57     -14.81     426172
-10.96     32.57     -14.81     427174
-10.96     32.57     -14.81     428178
-10.96     32.57     -14.88     429180
-10.96     32.57     -14.88     430183
-10.96     32.57     -14.88     431186
-10.96     32.57     -14.88     432189
-10.96     32.57     -14.88     433191
-10.96     32.57     -14.88     434195
-10.96     32.57     -14.94     435197
-10.96     32.57     -14.94     436200
-10.96     32.57     -14.94     437202
-11.11     32.57     -14.94     438206
-11.11     32.57     -14.94     439208
-10.96     32.57     -15.00     440211
-10.96     32.57     -15.00     441214
-11.11     32.57     -15.00     442217
-11.11     32.57     -15.00     443219
-11.11     32.57     -15.00     444223
-11.11     32.57     -15.00     445225
-11.11     32.57     -15.06     446228
-11.11     32.57     -15.06     447230
-11.11     32.57     -15.06     448234
-11.11     32.57     -15.06     449236
-11.11     32.57     -15.06     450239
-11.11     32.57     -15.06     451243
-11.11     32.57     -15.13     452245
-11.11     32.57     -15.13     453248
-11.11     32.57     -15.13     454251
-11.11     32.57     -15.13     455254
-11.11     32.57     -15.13     456256
-11.11     32.57     -15.13     457260
-11.11     32.47     -15.13     458262
-11.11     32.57     -15.13     459265
-11.11     32.57     -15.19     460268
-11.11     32.47     -15.19     461271
-11.11     32.57     -15.19     462273
-11.25     32.57     -15.19     463276
-11.25     32.57     -15.19     464279
-11.11     32.57     -15.19     465282
-11.25     32.57     -15.19     466284
-11.11     32.47     -15.19     467288
-11.25     32.57     -15.25     468290
-11.25     32.57     -15.25     469293
-11.25     32.47     -15.25     470296
-11.25     32.57     -15.25     471299
-11.25     32.57     -15.25     472301
-11.25     32.57     -15.25     473304
-11.25     32.57     -15.25     474307
-11.25     32.47     -15.25     475310
-11.25     32.57     -15.25     476312
-11.25     32.57     -15.31     477316
-11.25     32.57     -15.25     478318
-11.25     32.47     -15.25     479321
-11.25     32.47     -15.31     480324
-11.25     32.57     -15.31     481327
-11.25     32.57     -15.31     482329
-11.25     32.47     -15.31     483333
-11.25     32.47     -15.31     484335
-11.25     32.57     -15.31     485338
-11.25     32.47     -15.31     486340
-11.25     32.47     -15.31     487344
-11.25     32.47     -15.31     488346
-11.39     32.47     -15.31     489349
-11.39     32.57     -15.38     490352
-11.25     32.57     -15.38     491355
-11.39     32.57     -15.38     492357
-11.39     32.47     -15.38     493361
-11.39     32.47     -15.38     494363
-11.39     32.47     -15.44     495366
-11.39     32.57     -15.44     496369
-11.39     32.47     -15.44     497372
-11.39     32.57     -15.44     498374
-11.39     32.47     -15.44     499377
-11.39     32.47     -15.50     500380
-11.39     32.47     -15.50     501383
-11.25     32.47     -15.50     502385
-11.39     32.57     -15.50     503389
-11.39     32.47     -15.50     504391
-11.39     32.57     -15.50     505394
-11.39     32.47     -15.44     506397
-11.39     32.47     -15.50     507400
-11.39     32.47     -15.50     508402
-11.39     32.47     -15.50     509405
-11.39     32.47     -15.56     510408
-11.39     32.47     -15.56     511411
-11.39     32.47     -15.56     512413
-11.39     32.57     -15.56     513417
-11.39     32.47     -15.56     514419
-11.39     32.47     -15.56     515422
-11.39     32.47     -15.56     516425
-11.39     32.47     -15.63     517428
-11.39     32.57     -15.63     518430
-11.39     32.47     -15.63     519433
-11.39     32.47     -15.63     520436
-11.39     32.47     -15.63     521439
-11.53     32.47     -15.63     522441
-11.39     32.47     -15.63     523445
-11.53     32.57     -15.63     524447
-11.39     32.47     -15.69     525450
-11.53     32.57     -15.69     526453
-11.39     32.47     -15.69     527456
-11.53     32.47     -15.69     528458
-11.39     32.47     -15.69     529462
-11.53     32.47     -15.69     530464
-11.53     32.47     -15.69     531467
-11.53     32.47     -15.69     532469
-11.53     32.47     -15.69     533473
-11.39     32.47     -15.69     534475
-11.53     32.47     -15.69     535478
-11.53     32.47     -15.69     536481
-11.53     32.47     -15.69     537484
-11.53     32.47     -15.75     538486
-11.53     32.47     -15.75     539490
-11.53     32.47     -15.75     540492
-11.53     32.47     -15.75     541495
-11.53     32.47     -15.75     542497
-11.53     32.47     -15.75     543501
-11.53     32.47     -15.75     544503
-11.53     32.47     -15.75     545506
-11.53     32.47     -15.75     546509
-11.53     32.47     -15.75     547512
-11.53     32.36     -15.75     548514
-11.53     32.47     -15.75     549518
-11.53     32.47     -15.75     550520
-11.53     32.47     -15.75     551523
-11.53     32.47     -15.75     552525
-11.53     32.47     -15.75     553529
-11.53     32.47     -15.75     554531
-11.53     32.47     -15.81     555534
-11.68     32.47     -15.75     556537
-11.53     32.47     -15.81     557540
-11.53     32.47     -15.81     558542
-11.53     32.47     -15.81     559546
-11.82     32.47     -15.81     560548
-11.53     32.47     -15.81     561551
-11.53     32.47     -15.81     562554
-11.68     32.47     -15.81     563557
-11.53     32.47     -15.81     564559
-11.68     32.47     -15.81     565562
-11.68     32.47     -15.81     566565
-11.53     32.47     -15.81     567568
-11.68     32.47     -15.81     568570
-11.68     32.47     -15.81     569574
-11.68     32.47     -15.81     570576
-11.68     32.47     -15.81     571579
-11.68     32.47     -15.81     572582
-11.68     32.47     -15.81     573585
-11.53     32.47     -15.81     574587
-11.68     32.47     -15.81     575590
-11.68     32.47     -15.81     576593
-11.68     32.47     -15.81     577596
-11.68     32.47     -15.81     578598
-11.68     32.47     -15.88     579602
-11.68     32.47     -15.88     580604
-11.68     32.47     -15.81     581607
-11.68     32.47     -15.88     582610
-11.68     32.47     -15.88     583613
-11.68     32.47     -15.88     584615
-11.68     32.47     -15.88     585619
-11.68     32.47     -15.88     586621
-11.68     32.47     -15.88     587624
-11.68     32.47     -15.88     588626
-11.68     32.47     -15.88     589630
-11.68     32.47     -15.88     590632
-11.68     32.47     -15.88     591635
-11.68     32.47     -15.88     592638
-11.68     32.47     -15.88     593641
-11.68     32.47     -15.88     594643
-11.68     32.36     -15.88     595647
-11.68     32.47     -15.88     596649
-11.68     32.36     -15.88     597652
-11.68     32.36     -15.88     598656
-11.68     32.36     -15.88     599658
-11.68     32.47     -15.88     600660
-11.68     32.47     -15.88     601663
-11.68     32.47     -15.88     602667
-11.82     32.47     -15.88     603669
-11.68     32.47     -15.88     604672
-11.68     32.47     -15.88     605675
-11.82     32.47     -15.88     606678
-11.82     32.47     -15.88     607680
-11.68     32.36     -15.88     608684
-11.82     32.36     -15.88     609686
-11.68     32.47     -15.88     610689
-11.68     32.47     -15.94     611692
-11.82     32.47     -15.94     612695
-11.82     32.47     -15.88     613697
-11.68     32.47     -15.88     614700
-11.82     32.47     -15.94     615703
-11.82     32.36     -15.94     616706
-11.68     32.47     -15.94     617708
-11.82     32.47     -15.88     618712
-11.82     32.47     -15.94     619714
-11.82     32.47     -15.94     620717
-11.82     32.36     -15.94     621720
-11.82     32.47     -15.94     622723
-11.82     32.47     -15.94     623725
-11.68     32.36     -15.94     624729
-11.82     32.36     -15.94     625731
-11.82     32.47     -15.94     626734
-11.82     32.47     -15.94     627736
-11.82     32.36     -15.94     628740
-11.82     32.47     -15.94     629742
-11.82     32.47     -15.94     630745
-11.82     32.47     -15.94     631748
-11.82     32.47     -15.94     632751
-11.82     32.47     -15.94     633753
-11.82     32.47     -15.94     634757
-11.82     32.47     -15.94     635759
-11.82     32.36     -15.94     636762
-11.82     32.47     -15.94     637764
-11.82     32.47     -15.94     638768
-11.82     32.47     -15.94     639770
-11.82     32.47     -15.94     640773
-11.82     32.47     -15.94     641776
-11.82     32.47     -15.94     642779
-11.82     32.47     -15.94     643781
-11.82     32.36     -15.94     644785
-11.82     32.36     -15.94     645787
-11.82     32.47     -15.94     646790
-11.82     32.47     -15.94     647792
-11.82     32.47     -15.94     648796
-11.82     32.47     -15.94     649798
-11.82     32.36     -15.94     650801
-11.82     32.36     -15.94     651804
-11.82     32.47     -15.94     652807
-11.82     32.47     -15.94     653809
-11.82     32.47     -15.94     654813
-11.82     32.47     -15.94     655815
-11.82     32.47     -15.94     656818
-11.82     32.47     -15.94     657820
-11.82     32.47     -15.94     658824
-11.82     32.36     -15.94     659826
-11.82     32.47     -16.00     660829
-11.82     32.47     -16.00     661832
-11.82     32.47     -16.00     662835
-11.82     32.36     -16.00     663837
-11.82     32.36     -16.00     664840
-11.82     32.36     -16.00     665843
-11.82     32.36     -16.00     666846
-11.82     32.47     -16.00     667848
-11.82     32.47     -16.00     668852
-11.82     32.47     -16.00     669854
-11.82     32.47     -16.00     670857
-11.82     32.36     -16.00     671860
-11.82     32.36     -16.00     672863
-11.82     32.47     -16.00     673865
-11.82     32.47     -16.00     674868
-11.97     32.47     -16.00     675871
-11.82     32.47     -16.00     676874
-11.82     32.47     -16.00     677876
-11.82     32.36     -16.00     678880
-11.82     32.47     -16.00     679882
-11.82     32.47     -16.00     680885
-11.97     32.47     -16.00     681887
-11.82     32.36     -16.00     682891
-11.82     32.36     -16.00     683893
-11.82     32.47     -16.00     684896
-11.82     32.36     -16.00     685899
-11.97     32.47     -16.00     686902
