23.55     24.55     23.69     0
23.55     24.55     23.69     1002
23.45     24.55     23.62     2004
23.45     24.65     23.62     3008
23.35     24.85     23.56     4011
23.25     25.05     23.50     5013
23.05     25.45     23.44     6016
22.85     25.76     23.31     7018
22.66     26.06     23.19     8022
22.46     26.36     23.06     9024
22.26     26.57     22.87     10027
21.96     26.87     22.62     11029
21.77     27.07     22.44     12033
21.47     27.38     22.19     13035
21.17     27.59     21.87     14038
20.98     27.69     21.62     15040
20.68     27.89     21.37     16044
20.39     28.10     21.00     17046
20.09     28.20     20.75     18049
19.80     28.31     20.44     19051
19.51     28.51     20.06     20055
19.31     28.62     19.75     21057
19.02     28.72     19.44     22060
18.72     28.82     19.06     23063
18.43     28.93     18.75     24066
18.14     29.03     18.37     25068
17.84     29.03     18.06     26071
17.65     29.13     17.75     27074
17.36     29.24     17.31     28077
17.06     29.34     17.06     29079
16.87     29.45     16.69     30082
16.57     29.45     16.25     31085
16.28     29.55     16.00     32088
15.99     29.55     15.63     33090
15.70     29.65     15.25     34093
15.50     29.65     14.94     35096
15.21     29.76     14.63     36099
14.92     29.86     14.25     37101
14.72     29.86     13.94     38104
14.43     29.86     13.56     39107
14.23     29.97     13.19     40110
13.94     30.07     12.88     41112
13.64     30.07     12.50     42115
13.45     30.07     12.19     43118
13.15     30.18     11.88     44121
12.96     30.18     11.56     45123
12.66     30.28     11.25     46126
12.47     30.28     10.94     47129
12.17     30.28     10.56     48132
11.97     30.39     10.25     49134
11.78     30.49     10.00     50137
11.48     30.39     9.63     51140
11.28     30.49     9.38     52143
11.09     30.49     9.06     53145
10.79     30.60     8.69     54148
10.59     30.60     8.44     55151
10.39     30.60     8.19     56154
10.19     30.60     7.81     57156
10.00     30.70     7.56     58159
9.70     30.70     7.25     59161
9.50     30.70     6.94     60165
9.30     30.70     6.69     61167
9.10     30.81     6.38     62170
8.90     30.81     6.19     63172
8.70     30.81     5.88     64175
8.50     30.81     5.56     65178
8.30     30.92     5.31     66181
7.99     30.92     5.13     67183
7.89     30.92     4.81     68186
7.79     31.02     4.56     69188
7.59     31.02     4.31     70192
7.39     31.02     4.06     71194
7.19     31.02     3.81     72197
6.98     31.02     3.56     73199
6.88     31.13     3.31     74202
6.68     31.02     3.13     75205
6.47     31.13     2.88     76208
6.27     31.13     2.63     77210
6.17     31.13     2.44     78213
5.96     31.13     2.13     79215
5.76     31.23     1.94     80218
5.65     31.23     1.75     81221
5.45     31.23     1.44     82224
5.24     31.23     1.25     83226
5.14     31.23     1.06     84229
4.93     31.34     0.81     85231
4.83     31.34     0.63     86235
4.62     31.34     0.44     87237
4.52     31.34     0.25     88240
4.31     31.34     0.06     89242
4.20     31.34     -0.12     90245
3.99     31.45     -0.37     91247
3.89     31.45     -0.56     92251
3.68     31.45     -0.75     93253
3.57     31.45     -0.94     94256
3.47     31.45     -1.12     95258
3.36     31.55     -1.31     96261
3.15     31.45     -1.50     97264
3.05     31.45     -1.63     98267
2.94     31.55     -1.88     99269
2.73     31.55     -2.00     100272
2.62     31.55     -2.19     101274
2.51     31.55     -2.38     102278
2.41     31.55     -2.56     103280
2.19     31.55     -2.69     104283
2.09     31.55     -2.88     105285
1.98     31.66     -3.00     106288
1.87     31.55     -3.19     107291
1.76     31.55     -3.38     108294
1.55     31.55     -3.50     109296
1.44     31.66     -3.63     110299
1.33     31.66     -3.81     111302
1.22     31.66     -3.94     112305
1.01     31.66     -4.06     113307
1.01     31.66     -4.25     114310
0.90     31.66     -4.38     115313
0.79     31.66     -4.50     116316
0.57     31.66     -4.69     117318
0.57     31.66     -4.81     118321
0.35     31.66     -4.94     119323
0.35     31.66     -5.06     120327
0.24     31.66     -5.19     121329
0.02     31.77     -5.38     122332
0.02     31.66     -5.44     123334
0.02     31.55     -5.56     124338
-0.09     31.45     -5.69     125340
-0.20     31.34     -5.81     126343
-0.09     31.13     -5.88     127345
-0.09     30.81     -5.94     128349
-0.09     30.60     -6.00     129351
0.02     30.28     -6.00     130354
0.13     29.97     -6.00     131356
0.24     29.76     -6.00     132359
0.35     29.45     -5.94     133362
0.46     29.24     -5.88     134365
0.57     29.03     -5.75     135367
0.68     28.93     -5.63     136370
0.79     28.72     -5.50     137373
0.90     28.51     -5.38     138376
1.01     28.31     -5.25     139378
1.22     28.31     -5.13     140381
1.33     28.10     -4.94     141383
1.55     28.00     -4.75     142387
1.55     27.89     -4.56     143389
1.76     27.79     -4.38     144392
1.76     27.89     -4.19     145394
1.87     28.00     -4.06     146398
1.87     28.20     -3.94     147400
1.87     28.31     -3.75     148403
1.87     28.62     -3.69     149405
1.76     28.82     -3.56     150408
1.76     29.03     -3.50     151411
1.66     29.24     -3.44     152414
1.55     29.55     -3.44     153416
1.44     29.65     -3.44     154419
1.44     29.76     -3.44     155422
1.33     29.97     -3.44     156425
1.22     30.07     -3.44     157427
1.12     30.18     -3.50     158430
1.01     30.28     -3.56     159432
0.90     30.39     -3.63     160436
0.90     30.49     -3.63     161438
0.79     30.49     -3.75     162441
0.68     30.60     -3.81     163443
0.57     30.60     -3.88     164447
0.46     30.70     -4.00     165449
0.35     30.81     -4.06     166452
0.24     30.81     -4.19     167454
0.13     30.92     -4.31     168457
0.02     30.92     -4.38     169460
0.02     30.92     -4.44     170463
-0.09     31.02     -4.56     171465
-0.20     31.02     -4.69     172468
-0.31     31.13     -4.81     173471
-0.42     31.13     -4.94     174474
-0.42     31.13     -5.00     175476
-0.64     31.13     -5.13     176479
-0.64     31.13     -5.25     177482
-0.76     31.23     -5.31     178485
-0.87     31.23     -5.44     179487
-0.87     31.13     -5.56     180490
-0.98     31.02     -5.63     181492
-0.87     30.81     -5.75     182496
-0.87     30.70     -5.81     183498
-0.87     30.39     -5.88     184501
-0.76     30.18     -5.94     185503
-0.76     29.86     -5.94     186507
-0.64     29.65     -5.88     187509
-0.53     29.34     -5.81     188512
-0.42     29.13     -5.75     189514
-0.31     28.93     -5.69     190518
-0.09     28.72     -5.63     191520
0.02     28.51     -5.50     192523
0.13     28.31     -5.38     193525
0.24     28.20     -5.25     194528
0.46     28.00     -5.06     195531
0.57     27.89     -4.94     196534
0.68     27.79     -4.75     197536
0.90     27.69     -4.63     198539
1.01     27.69     -4.44     199542
1.12     27.69     -4.25     200545
1.22     27.79     -4.06     201547
1.22     27.89     -3.94     202550
1.22     28.20     -3.81     203552
1.22     28.41     -3.69     204556
1.12     28.51     -3.56     205558
1.12     28.82     -3.50     206561
1.01     29.03     -3.50     207563
1.01     29.24     -3.44     208567
0.90     29.45     -3.44     209569
0.79     29.65     -3.44     210572
0.79     29.76     -3.44     211574
0.68     29.86     -3.50     212577
0.57     29.97     -3.56     213580
0.46     30.18     -3.56     214583
0.35     30.18     -3.63     215585
0.24     30.28     -3.75     216588
0.24     30.39     -3.81     217591
0.13     30.39     -3.88     218594
0.02     30.49     -3.94     219596
-0.09     30.60     -4.06     220599
-0.20     30.70     -4.13     221601
-0.31     30.70     -4.25     222605
-0.42     30.70     -4.38     223607
-0.42     30.81     -4.44     224610
-0.53     30.81     -4.56     225612
-0.64     30.92     -4.63     226616
-0.76     30.92     -4.75     227618
-0.87     30.92     -4.88     228621
-0.87     30.92     -5.00     229623
-0.98     31.02     -5.06     230627
-1.09     31.13     -5.19     231629
-1.20     31.02     -5.31     232632
-1.32     31.02     -5.44     233634
-1.32     30.07     -5.56     234637
-1.43     30.92     -5.63     235640
-1.43     30.70     -5.75     236643
-1.32     30.49     -5.81     237645
-1.32     30.28     -5.88     238648
-1.20     30.07     -5.94     239651
-1.09     29.86     -5.94     240654
-0.98     29.55     -5.94     241656
-0.87     29.24     -5.88     242659
-0.76     29.03     -5.81     243662
-0.64     28.82     -5.75     244665
-0.53     28.62     -5.69     245667
-0.42     28.41     -5.56     246670
-0.20     28.20     -5.44     247672
-0.09     28.10     -5.31     248676
0.02     28.00     -5.19     249678
0.24     27.79     -5.06     250681
0.35     27.69     -4.88     251683
0.46     27.59     -4.69     252687
0.68     27.59     -4.50     253689
0.79     27.59     -4.31     254692
0.79     27.59     -4.13     255694
0.90     27.69     -4.00     256698
0.90     28.00     -3.88     257700
0.90     28.20     -3.75     258703
0.90     28.41     -3.63     259705
0.79     28.62     -3.56     260708
0.79     28.82     -3.50     261711
0.68     29.03     -3.44     262714
0.68     29.24     -3.44     263716
0.57     29.45     -3.44     264719
0.46     29.55     -3.44     265721
0.46     29.65     -3.50     266725
0.24     29.86     -3.56     267727
0.13     29.97     -3.56     268730
0.13     30.07     -3.63     269732
0.02     30.18     -3.69     270736
-0.09     30.28     -3.81     271738
-0.20     30.28     -3.88     272741
-0.20     30.39     -3.94     273743
-0.31     30.49     -4.06     274746
-0.42     30.49     -4.13     275749
-0.53     30.60     -4.25     276752
-0.64     30.60     -4.38     277754
-0.64     30.70     -4.44     278757
-0.76     30.70     -4.56     279760
-0.87     30.81     -4.69     280763
-0.87     30.81     -4.75     281765
-1.09     30.81     -4.88     282768
-1.09     30.81     -5.00     283771
-1.20     30.92     -5.06     284774
-1.32     30.92     -5.25     285776
-1.43     30.92     -5.31     286779
-1.43     30.92     -5.44     287781
-1.54     30.92     -5.56     288785
-1.54     30.70     -5.63     289787
-1.54     30.70     -5.75     290790
-1.54     30.49     -5.88     291792
-1.43     30.18     -5.88     292796
-1.43     29.97     -5.94     293798
-1.32     29.65     -5.94     294801
-1.20     29.45     -5.94     295803
-1.09     29.13     -5.88     296807
-0.98     28.93     -5.88     297809
-0.87     28.72     -5.75     298812
-0.76     28.51     -5.69     299814
-0.53     28.31     -5.56     300818


