23.65     23.75     23.56     0
23.65     23.65     23.56     1002
23.65     23.65     23.56     2004
23.65     23.75     23.56     3007
23.55     23.65     23.50     4011
23.55     23.65     23.56     5013
23.65     23.65     23.56     6016
23.55     23.75     23.50     7018
23.55     23.85     23.56     8022
23.45     24.05     23.50     9024
23.35     24.35     23.50     10027
23.25     24.55     23.44     11029
23.05     24.85     23.31     12033
22.85     25.15     23.19     13035
22.66     25.35     23.06     14038
22.46     25.65     22.81     15040
22.16     25.86     22.62     16044
21.96     26.06     22.37     17046
21.67     26.26     22.12     18049
21.37     26.46     21.87     19052
21.17     26.57     21.56     20055
20.88     26.77     21.25     21057
20.58     26.87     21.00     22060
20.29     26.97     20.62     23063
20.09     27.18     20.37     24066
19.80     27.28     20.06     25068
19.51     27.38     19.62     26071
19.21     27.38     19.31     27074
18.92     27.48     18.94     28077
18.72     27.59     18.62     29079
18.43     27.69     18.25     30082
18.14     27.79     17.87     31085
17.94     27.79     17.50     32088
17.65     27.89     17.19     33090
17.36     28.00     16.75     34093
17.06     28.10     16.44     35096
16.87     28.10     16.12     36099
16.57     28.20     15.69     37101
16.28     28.20     15.38     38104
16.09     28.31     15.06     39107
15.79     28.31     14.63     40110
15.50     28.41     14.31     41112
15.31     28.41     13.94     42115
15.01     28.41     13.56     43118
14.82     28.51     13.25     44121
14.52     28.51     12.81     45123
14.23     28.62     12.50     46126
14.04     28.62     12.19     47129
13.84     28.72     11.81     48132
13.55     28.72     11.50     49134
13.35     28.82     11.19     50138
13.06     28.82     10.81     51140
12.86     28.82     10.50     52143
12.56     28.82     10.19     53145
12.37     28.93     9.81     54149
12.17     29.03     9.56     55151
11.97     29.03     9.25     56154
11.68     29.03     8.88     57156
11.48     29.03     8.56     58159
11.28     29.13     8.31     59162
10.99     29.13     7.94     60165
10.79     29.13     7.69     61167
10.59     29.13     7.31     62170
10.39     29.24     7.06     63173
10.19     29.24     6.81     64176
9.90     29.24     6.44     65178
9.70     29.24     6.19     66181
9.50     29.34     5.94     67183
9.30     29.34     5.63     68187
9.10     29.34     5.38     69189
8.90     29.34     5.13     70192
8.70     29.45     4.81     71194
8.50     29.45     4.56     72197
8.30     29.45     4.31     73200
8.09     29.45     4.00     74203
7.89     29.55     3.75     75205
7.79     29.55     3.56     76208
7.59     29.55     3.25     77210
7.39     29.55     3.00     78213
7.19     29.55     2.81     79216
6.98     29.65     2.56     80219
6.88     29.55     2.31     81221
6.68     29.65     2.06     82224
6.47     29.65     1.81     83226
6.37     29.65     1.63     84230
6.17     29.65     1.37     85232
5.96     29.76     1.12     86235
5.86     29.76     0.94     87237
5.65     29.76     0.69     88240
5.45     29.76     0.50     89242
5.34     29.76     0.25     90246
5.14     29.76     0.06     91248
5.03     29.86     -0.12     92251
4.83     29.86     -0.37     93253
4.62     29.76     -0.56     94256
4.52     29.86     -0.75     95259
4.31     29.86     -0.94     96262
4.20     29.86     -1.19     97264
4.10     29.86     -1.37     98267
3.89     29.86     -1.50     99269
3.68     29.97     -1.75     100272
3.57     29.86     -1.94     101275
3.47     29.97     -2.13     102278
3.26     29.97     -2.31     103280
3.15     29.97     -2.44     104283
3.05     29.97     -2.63     105286
2.83     29.97     -2.81     106289
2.83     29.97     -2.94     107291
2.62     29.97     -3.19     108294
2.51     29.97     -3.31     109296
2.41     30.07     -3.50     110300
2.19     30.07     -3.69     111302
2.09     30.07     -3.81     112305
1.98     30.07     -3.94     113307
1.87     30.07     -4.13     114311
1.66     30.07     -4.25     115313
1.55     30.07     -4.44     116316
1.44     30.07     -4.56     117318
1.33     30.18     -4.75     118321
1.22     30.18     -4.88     119324
1.12     30.18     -5.00     120327
1.01     30.18     -5.13     121329
0.90     30.18     -5.31     122332
0.79     30.18     -5.44     123335
0.68     30.07     -5.56     124338
0.57     30.07     -5.69     125340
0.57     29.86     -5.81     126343
0.46     29.76     -5.94     127346
0.57     29.55     -6.00     128349
0.57     29.24     -6.06     129351
0.68     29.03     -6.06     130354
0.68     28.72     -6.06     131356
0.79     28.51     -6.00     132360
0.90     28.31     -5.94     133362
1.01     28.10     -5.88     134365
1.01     27.89     -5.81     135367
1.22     27.69     -5.69     136371
1.33     27.59     -5.50     137373
1.44     27.38     -5.44     138376
1.55     27.28     -5.31     139378
2.62     27.18     -5.06     140382
1.76     27.07     -4.94     141384
1.87     26.97     -4.75     142387
1.98     26.87     -4.56     143389
2.09     26.87     -4.38     144392
2.19     26.87     -4.19     145395
2.30     26.97     -4.00     146398
2.30     27.07     -3.88     147400
2.30     27.28     -3.75     148403
2.30     27.48     -3.63     149406
2.19     27.69     -3.50     150409
2.19     27.89     -3.44     151411
2.09     28.00     -3.44     152414
1.98     28.20     -3.38     153417
1.87     28.31     -3.44     154420
1.87     28.41     -3.44     155422
1.76     28.62     -3.44     156425
1.66     28.72     -3.50     157427
1.55     28.82     -3.56     158431
1.44     28.93     -3.56     159433
1.33     28.93     -3.69     160436
1.22     29.03     -3.75     161438
1.12     29.13     -3.81     162442
1.01     29.13     -3.94     163444
0.90     29.24     -4.00     164447
0.90     29.24     -4.13     165449
0.79     29.34     -4.19     166452
0.68     29.34     -4.31     167455
0.57     29.45     -4.44     168458
0.46     29.45     -4.56     169460
0.35     29.45     -4.63     170463
0.24     29.55     -4.81     171466
0.24     29.55     -4.94     172469
0.02     29.55     -5.00     173471
-0.09     29.65     -5.13     174474
-0.09     29.65     -5.25     175476
-0.20     29.65     -5.38     176480
-0.31     29.65     -5.50     177482
-0.42     29.55     -5.63     178485
-0.42     29.45     -5.69     179487
-0.42     29.34     -5.81     180491
-0.42     29.13     -5.88     181493
-0.31     28.93     -5.94     182496
-0.31     28.72     -5.94     183498
-0.20     28.51     -5.94     184502
-0.09     28.20     -5.94     185504
0.02     28.00     -5.88     186507
0.02     27.89     -5.81     187509
0.24     27.59     -5.69     188512
0.35     27.48     -5.56     189515
0.46     27.28     -5.50     190518
0.57     27.07     -5.31     191520
0.68     26.97     -5.19     192523
0.90     26.87     -5.06     193526
1.01     26.67     -4.88     194529
1.12     26.67     -4.69     195531
1.22     26.57     -4.56     196534
1.33     26.67     -4.31     197537
1.44     26.67     -4.19     198540
1.44     26.77     -4.00     199542
1.55     26.97     -3.81     200545
1.55     27.18     -3.69     201547
1.44     27.38     -3.63     202551
1.44     27.48     -3.50     203553
1.33     27.69     -3.50     204556
1.33     27.89     -3.44     205558
1.22     28.00     -3.44     206562
1.12     28.20     -3.44     207564
1.12     28.31     -3.44     208567
1.12     28.41     -3.50     209569
0.90     28.51     -3.56     210572
0.79     28.62     -3.63     211575
0.68     28.72     -3.69     212578
0.68     28.82     -3.75     213580
0.57     28.93     -3.81     214583
0.46     28.93     -3.94     215586
0.35     29.03     -4.00     216589
0.24     29.13     -4.13     217591
0.13     29.13     -4.19     218594
0.02     29.13     -4.31     219597
0.02     29.24     -4.44     220600
-0.20     29.24     -4.56     221602
-0.20     29.34     -4.63     222605
-0.20     29.34     -4.81     223607
-0.42     29.45     -4.94     224611
-0.53     29.34     -5.00     225613
-0.53     29.45     -5.13     226616
-0.64     29.45     -5.31     227618
-0.76     29.45     -5.38     228622
-0.87     29.45     -5.50     229624
-0.87     29.45     -5.63     230627
-0.87     29.34     -5.75     231629
-0.87     29.24     -5.88     232633
-0.87     28.93     -5.94     233635
-0.87     28.72     -5.94     234638
-0.76     28.51     -6.00     235640
-0.64     28.31     -6.00     236643
-0.53     28.10     -5.94     237646
-0.42     27.79     -5.94     238649
-0.31     27.69     -5.81     239651
-0.20     27.48     -5.75     240654
-0.09     27.28     -5.63     241657
0.02     27.18     -5.50     242660
0.24     26.97     -5.38     243662
0.35     26.87     -5.25     244665
0.46     26.77     -5.06     245668
0.57     26.67     -4.88     246671
0.68     26.57     -4.75     247673
0.90     26.57     -4.56     248676
1.01     26.46     -4.38     249678

1.01     26.57     -4.19     250682
1.12     26.67     -4.00     251684
1.12     26.77     -3.88     252687
1.12     26.97     -3.75     253689
1.12     27.18     -3.63     254693
1.12     27.38     -3.56     255695
1.01     27.59     -3.50     256698
1.01     27.79     -3.50     257700
0.90     27.89     -3.44     258704
0.79     28.10     -3.50     259706
0.79     28.20     -3.50     260709
0.68     28.31     -3.50     261711
0.57     28.41     -3.56     262714
0.57     28.51     -3.63     263717
0.46     28.62     -3.69     264720
0.35     28.72     -3.75     265722
0.24     28.82     -3.88     266725
0.13     28.82     -3.94     267728
0.02     28.93     -4.06     268731
0.02     29.03     -4.13     269733
-0.20     29.03     -4.25     270736
-0.31     29.13     -4.38     271738
-0.31     29.13     -4.50     272742
-0.42     29.13     -4.56     273744
-0.53     29.24     -4.75     274747
-0.64     29.24     -4.81     275749
-0.76     29.24     -4.94     276753
-0.76     29.34     -5.06     277755
-0.87     29.34     -5.19     278758
-0.98     29.45     -5.31     279760
-0.98     29.45     -5.44     280764
-1.09     29.34     -5.56     281766
-1.09     29.34     -5.69     282769
-1.20     29.24     -5.81     283771
-1.20     29.03     -5.88     284774
-1.09     28.82     -5.94     285777
-1.09     28.62     -6.00     286780
-0.98     28.41     -6.06     287782
-0.87     28.20     -6.00     288785
-0.76     27.89     -5.94     289788
-0.64     27.69     -5.88     290791
-0.53     27.48     -5.81     291793
-0.42     27.28     -5.75     292796
-0.31     27.18     -5.63     293799
-0.20     27.07     -5.44     294802
0.02     26.87     -5.31     295804
0.13     26.77     -5.19     296807
0.35     26.57     -5.00     297810
0.35     26.57     -4.88     298813
0.57     26.46     -4.69     299815
0.68     26.46     -4.50     300818
0.79     26.46     -0.06     301820
0.79     26.46     -4.19     302823
0.90     26.67     -4.00     303826
0.90     26.77     -3.88     304829
0.90     26.97     -3.75     305831
0.90     27.07     -3.63     306834
0.90     27.28     -3.56     307837
0.90     27.48     -3.50     308840
0.79     27.69     -3.44     309842
0.68     27.79     -3.44     310845
0.68     28.00     -3.44     311847
0.57     28.10     -3.50     312851
0.46     28.20     -3.50     313853
0.46     28.31     -3.56     314856
0.35     28.41     -3.63     315858
0.24     28.51     -3.69     316862
0.13     28.62     -3.81     317864
0.02     28.72     -3.88     318867
-0.09     28.82     -3.94     319869
-0.09     28.82     -4.06     320872
-0.20     28.93     -4.19     321875
-0.31     29.03     -4.25     322878
-0.42     29.03     -4.38     323880
-0.53     29.13     -4.50     324883
-0.64     29.13     -4.63     325886
-0.76     29.13     -4.75     326889
-0.76     29.24     -4.88     327891
-0.87     29.24     -4.94     328894
-0.98     29.24     -5.13     329897
-1.09     29.34     -5.25     330900
-1.09     29.34     -5.38     331902
-1.32     29.34     -5.50     332905
-1.32     29.34     -5.63     333907
-1.32     29.24     -0.06     334910
-1.32     29.13     -5.81     335913
-1.43     29.03     -5.88     336916
-1.32     28.93     -6.00     337918
-1.32     28.72     -6.06     338921
-1.20     28.51     -6.06     339924
-1.20     28.31     -6.06     340927
-1.09     28.10     -6.06     341929
-0.98     27.89     -6.00     342932
-0.87     27.69     -5.94     343936
-0.76     27.48     -5.88     344938
-0.53     27.28     -5.81     345940
-0.42     27.18     -5.69     346943
-0.31     26.97     -5.56     347945
-0.20     26.87     -5.44     348949
-0.09     26.77     -5.25     349952
0.02     26.67     -5.13     350954
0.24     26.57     -4.94     351956
0.35     26.46     -4.75     352960
0.46     26.46     -4.63     353963
0.57     26.36     -4.44     354965
0.79     26.46     -4.25     355968
0.79     26.46     -4.06     356971
0.79     26.67     -3.88     357974
0.79     26.87     -3.75     358976
0.79     27.07     -3.69     359979
0.79     27.18     -3.56     360982
0.79     27.38     -3.50     361985
0.68     27.59     -3.44     362987
0.57     27.79     -3.44     363990
0.57     27.89     -3.44     364992
0.46     28.10     -3.50     365996
0.35     28.20     -3.50     366998
0.35     28.31     -3.56     368001
0.24     28.41     -3.63     369003
0.13     28.51     -3.69     370007
0.02     28.62     -3.75     371009
-0.09     28.72     -3.81     372012
-0.20     28.72     -3.94     373014
-0.31     28.82     -4.00     374017
-0.31     28.93     -4.13     375020
-0.42     28.93     -4.25     376023
-0.53     28.93     -4.38     377025
-0.64     29.03     -4.50     378028
-0.76     29.03     -4.56     379031
-0.76     29.13     -4.69     380034
-0.87     29.13     -4.81     381036
-0.98     29.24     -4.94     382039
-1.09     29.24     -5.06     383042
-1.20     29.34     -5.25     384045
-1.20     29.34     -5.31     385047
-1.32     29.34     -5.44     386050
-1.43     29.24     -5.56     387052
-1.43     29.24     -0.06     388056
-1.43     29.24     -5.81     389058
-1.54     29.03     -5.88     390061
-1.54     28.93     -5.94     391063
-1.43     28.72     -6.06     392066
-1.43     28.62     -6.06     393069
-1.32     28.31     -6.13     394072
-1.32     28.10     -6.13     395074
-1.09     27.89     -6.06     396077
-0.98     27.69     -6.00     397080
-0.87     27.48     -5.94     398083
-0.76     27.28     -5.88     399085
-0.64     27.07     -5.75     400088
-0.53     26.97     -5.63     401091
-0.31     26.87     -5.50     402094
-0.20     26.67     -5.38     403096
-0.09     26.57     -5.19     404099
0.13     26.46     -5.00     405102
0.24     26.46     -4.88     406105
0.35     26.36     -4.69     407107
0.46     26.26     -4.50     408110
0.57     26.26     -4.31     409112
0.68     26.36     -4.13     410116
0.79     26.57     -4.00     411118
0.79     26.67     -3.88     412121
0.68     26.87     -3.69     413123
0.79     27.07     -3.56     414127
0.68     27.28     -3.56     415129
0.57     27.48     -3.50     416132
0.57     27.69     -3.44     417134
0.46     27.79     -3.44     418138
0.46     27.89     -3.44     419140
0.35     28.10     -3.50     420143
0.24     28.20     -3.50     421145
0.24     28.31     -3.56     422148
0.13     28.41     -3.63     423151
0.02     28.51     -3.75     424154
-0.09     28.62     -3.81     425156
-0.09     28.72     -3.88     426159
-0.31     28.72     -4.00     427161
-0.31     28.82     -4.06     428165
-0.42     28.82     -4.19     429167
-0.53     28.93     -4.31     430170
-0.64     29.03     -4.44     431172
-0.76     29.03     -4.50     432176
-0.87     29.03     -4.69     433178
-0.98     29.13     -4.81     434181
-0.98     29.24     -4.88     435183
-1.20     29.24     -5.06     436187
-1.20     29.24     -5.13     437189
-1.32     29.24     -5.25     438192
-1.43     29.24     -5.44     439194
-1.43     29.24     -5.56     440198
-1.43     29.24     -0.06     441200
-1.54     29.24     -5.75     442203
-1.54     29.13     -5.88     443205
-1.54     28.93     -5.94     444208
-1.54     28.72     -6.06     445211
-1.54     28.62     -6.06     446214
-1.43     28.31     -6.13     447216
-1.32     28.10     -6.13     448219
-1.20     28.00     -6.06     449221
-1.09     27.69     -6.00     450225
-0.98     27.48     -5.94     451227
-0.76     27.38     -5.88     452230
-0.76     27.18     -5.75     453232
-0.53     26.97     -5.69     454236
-0.42     26.87     -5.56     455238
-0.31     26.77     -5.38     456241
-0.20     26.67     -5.25     457243
-0.09     26.46     -5.06     458247
0.13     26.36     -4.88     459249
0.24     26.36     -4.75     460252
0.35     26.26     -4.56     461254
0.46     26.26     -4.38     462258
0.57     26.36     -4.19     463260
0.68     26.46     -4.00     464263
0.68     26.67     -3.88     465265
0.68     26.87     -3.75     466268
0.68     27.07     -3.63     467271
0.57     27.18     -3.56     468274
0.57     27.38     -3.50     469276
0.46     27.59     -3.44     470279
0.46     27.79     -3.44     471282
0.35     27.89     -3.44     472285
0.35     28.00     -3.50     473287
0.24     28.20     -3.50     474290
0.13     28.31     -3.56     475292
0.02     28.41     -3.63     476296
0.02     28.51     -3.69     477298
-0.09     28.62     -3.81     478301
-0.20     28.62     -3.88     479303
-0.31     28.82     -4.00     480307
-0.42     28.82     -4.06     481309
-0.53     28.82     -4.19     482312
-0.64     28.93     -4.31     483314
-0.64     28.93     -4.44     484317
-0.76     29.03     -4.56     485320
-0.87     29.13     -4.63     486323
-0.98     29.13     -4.81     487325
-1.09     29.13     -4.88     488328
-1.09     29.24     -5.00     489331
-1.20     29.24     -5.13     490334
-1.32     29.24     -5.25     491336
-1.43     29.34     -0.06     492339
-1.43     29.34     -5.56     493341
-1.54     29.24     -5.63     494345
-1.54     29.13     -5.75     495347
-1.66     29.03     -5.88     496350
-1.54     28.82     -5.94     497352
-1.54     28.62     -6.00     498356
-1.43     28.41     -6.06     499358
-1.32     28.20     -6.06     500361
-1.20     28.00     -6.06     501363
-1.09     27.79     -6.00     502367
-1.09     27.59     -5.94     503369
-0.87     27.38     -5.88     504372
-0.76     27.28     -5.75     505374
-0.64     27.07     -5.63     506378
-0.53     26.97     -5.50     507380
-0.42     26.77     -5.38     508383
-0.20     26.67     -5.25     509385
-0.09     26.57     -5.06     510388
0.02     26.36     -4.88     511391
0.13     26.36     -4.75     512394
0.24     26.36     -4.56     513396
0.46     26.26     -4.38     514399
0.57     26.36     -4.25     515402
0.57     26.57     -4.00     516405
0.68     26.67     -3.88     517407
0.57     26.87     -3.75     518410
0.57     27.07     -3.63     519413
0.57     27.28     -3.56     520416
0.57     27.48     -3.50     521418
0.46     27.59     -3.50     522421
0.35     27.69     -3.44     523423
0.24     27.89     -3.50     524427
0.24     28.10     -3.50     525429
0.13     28.20     -3.56     526432
0.02     28.31     -3.63     527434
0.02     28.41     -3.69     528438
-0.09     28.51     -3.75     529440
-0.20     28.62     -3.81     530443
-0.31     28.72     -3.94     531445
-0.31     28.72     -4.00     532448
-0.42     28.82     -4.13     533451
-0.53     28.82     -4.19     534454
-0.64     28.93     -4.31     535456
-0.76     28.93     -4.44     536459
-0.87     29.03     -4.56     537462
-0.98     29.03     -4.69     538465
-1.09     29.13     -4.81     539467
-1.09     29.13     -4.88     540470
-1.20     29.24     -5.06     541473
-1.32     29.24     -5.19     542476
-1.43     29.24     -5.31     543478
-1.43     29.24     -5.44     544481
-1.54     29.24     -5.56     545483
-1.54     29.24     -0.06     546487
-1.54     29.13     -5.81     547489
-1.66     29.03     -5.88     548492
-1.66     28.93     -5.94     549494
-1.54     28.72     -6.00     550498
-1.54     28.51     -6.06     551500
-1.54     28.31     -6.06     552503
-1.43     28.10     -6.06     553505
-1.20     27.89     -6.06     554508
-1.09     27.69     -6.00     555511
-0.98     27.48     -5.94     556514
-0.87     27.28     -5.88     557516
-0.76     27.07     -5.75     558519
-0.64     26.97     -5.63     559522
-0.53     26.77     -5.50     560525
-0.31     26.67     -5.38     561527
-0.20     26.57     -5.19     562530
-0.09     26.46     -5.06     563533
0.02     26.36     -4.88     564536
0.24     26.26     -4.69     565538
0.24     26.26     -4.50     566541
0.46     26.26     -4.38     567543
0.57     26.36     -4.13     568547
0.57     26.46     -4.00     569549
0.57     26.67     -3.81     570552
0.57     26.87     -3.69     571554
0.68     26.97     -3.63     572558
0.57     27.18     -3.50     573560
0.46     27.38     -3.50     574563
0.46     27.59     -3.44     575565
0.35     27.79     -3.44     576569
0.24     27.89     -3.44     577571
0.24     28.00     -3.50     578574
0.13     28.10     -3.56     579576
0.02     28.20     -3.56     580579
-0.09     28.31     -3.63     581582
-0.20     28.51     -3.75     582585
-0.20     28.51     -3.81     583587
-0.31     28.62     -3.88     584590
-0.42     28.72     -4.00     585592
-0.53     28.82     -4.13     586596
-0.64     28.82     -4.19     587598
-0.76     28.82     -4.31     588601
-0.87     28.93     -4.44     589603
-0.87     29.03     -4.56     590607
-0.98     29.03     -4.69     591609
-1.09     29.13     -4.81     592612
-1.20     29.13     -4.94     593614
-1.20     29.24     -5.06     594618
-1.32     29.24     -5.19     595620
-1.43     29.24     -5.06     596623
-1.54     29.24     -0.06     597625
-1.54     29.24     -5.56     598628
-1.66     29.24     -5.75     599631
-1.66     29.13     -5.81     600634

