23.37     24.15     23.75     0
23.37     24.15     23.75     1002
23.48     24.15     23.75     2004
23.37     24.27     23.75     3007
23.25     24.60     23.69     4011
23.14     25.06     23.62     5013
23.03     25.51     23.56     6016
22.81     25.85     23.37     7018
22.58     26.42     23.25     8022
22.47     26.77     23.06     9024
22.14     27.23     22.81     10027
21.92     27.57     22.62     11029
21.58     27.92     22.37     12033
21.36     28.27     22.06     13035
21.03     28.50     21.81     14038
20.81     28.85     21.50     15040
20.47     28.96     21.12     16044
20.14     29.20     20.87     17046
19.81     29.43     20.56     18049
19.59     29.67     20.19     19051
19.37     29.78     19.87     20055
19.04     30.02     19.56     21057
18.71     30.14     19.12     22060
18.38     30.26     18.81     23062
18.05     30.37     18.44     24066
17.83     30.49     18.12     25068
17.51     30.61     17.81     26071
17.18     30.61     17.37     27074
16.85     30.73     17.06     28077
16.63     30.85     16.69     29079
16.30     30.97     16.31     30082
15.98     31.09     16.00     31085
15.76     31.21     15.69     32088
15.43     31.33     15.25     33090
15.10     31.44     14.94     34093
14.77     31.44     14.63     35096
14.56     31.56     14.19     36099
14.23     31.68     13.88     37101
14.01     31.68     13.56     38104
13.68     31.80     13.19     39107
13.46     31.92     12.88     40110
13.14     31.92     12.50     41112
12.92     32.04     12.19     42115
12.59     32.04     11.88     43118
12.37     32.16     11.50     44121
12.15     32.16     11.19     45123
11.83     32.16     10.88     46126
11.61     32.29     10.56     47129
11.28     32.29     10.25     48132
11.06     32.41     9.94     49134
10.84     32.41     9.63     50137
10.51     32.53     9.31     51140
10.29     32.53     9.06     52143
10.07     32.53     8.69     53145
9.85     32.65     8.44     54148
9.63     32.65     8.13     55150
9.41     32.65     7.81     56154
9.08     32.77     7.56     57156
8.86     32.77     7.25     58159
8.64     32.89     7.00     59161
8.42     32.89     6.69     60164
8.20     33.01     6.44     61166
7.98     33.01     6.19     62170
7.75     33.01     5.94     63172
7.53     33.01     5.63     64175
7.31     33.13     5.38     65177
7.09     33.13     5.13     66180
6.86     33.13     4.81     67183
6.64     33.26     4.63     68186
6.42     33.26     4.38     69188
6.20     33.38     4.13     70191
5.97     33.26     3.88     71193
5.86     33.38     3.69     72197
5.64     33.38     3.38     73199
5.41     33.38     3.19     74202
5.19     33.50     2.94     75204
5.07     33.50     2.69     76207
4.85     33.50     2.50     77210
4.62     33.50     2.25     78213
4.40     33.50     2.06     79215
4.28     33.50     1.81     80218
4.06     33.62     1.63     81220
3.94     33.62     1.44     82223
3.72     33.62     1.19     83226
3.60     33.62     1.00     84229
3.37     33.62     0.81     85231
3.26     33.62     0.63     86234
3.03     33.62     0.37     87236
2.92     33.62     0.19     88240
2.80     33.62     0.06     89242
2.57     33.74     -0.19     90245
2.34     33.74     -0.37     91247
2.23     33.74     -0.56     92250
2.11     33.74     -0.75     93252
2.00     33.74     -0.94     94256
1.77     33.74     -1.06     95258
1.65     33.74     -1.25     96261
1.53     33.74     -1.44     97263
1.42     33.74     -1.63     98266
1.19     33.74     -1.81     99269
1.07     33.87     -1.94     100272
0.84     33.87     -2.13     101274
0.72     33.87     -2.25     102277
0.60     33.99     -2.44     103279
0.49     33.99     -2.56     104283
0.37     33.99     -2.75     105285
0.25     33.99     -2.88     106288
0.02     33.99     -3.06     107290
-0.10     33.99     -3.19     108293
-0.22     33.99     -3.31     109296
-0.34     34.11     -3.50     110299
-0.57     34.11     -3.63     111301
-0.69     34.11     -3.75     112304
-0.69     34.24     -3.94     113307
-0.93     34.24     -4.00     114310
-1.05     34.24     -4.19     115312
-1.17     34.11     -4.31     116315
-1.29     34.24     -4.44     117318
-1.41     34.24     -4.56     118321
-1.53     34.24     -4.69     119323
-1.65     34.24     -4.81     120326
-1.77     34.24     -4.94     121328
-1.89     34.24     -5.06     122332
-2.01     34.36     -5.19     123334
-2.01     34.36     -5.31     124337
-2.25     34.36     -5.44     125339
-2.25     34.24     -5.50     126343
-2.37     34.11     -5.63     127345
-2.37     33.99     -5.69     128348
-2.37     33.87     -5.81     129350
-2.37     33.50     -5.88     130354
-2.37     33.26     -5.88     131356
-2.25     32.89     -5.88     132359
-2.25     32.53     -5.88     133361
-2.13     32.16     -5.75     134365
-2.01     31.80     -5.69     135367
-1.89     31.44     -5.56     136370
-1.65     31.09     -5.50     137372
-1.53     30.73     -5.38     138376
-1.41     30.49     -5.19     139378
-1.17     30.26     -5.06     140381
-1.17     30.02     -4.88     141383
-0.93     29.90     -4.69     142387
-0.81     29.67     -4.50     143389
-0.57     29.55     -4.31     144392
-0.46     29.55     -4.13     145394
-0.46     29.55     -3.94     146398
-0.34     29.78     -3.81     147400
-0.34     30.02     -3.69     148403
-0.34     30.26     -3.56     149405
-0.46     30.49     -3.44     150408
-0.46     30.85     -3.44     151411
-0.57     31.09     -3.38     152414
-0.57     31.44     -3.38     153416
-0.69     31.68     -3.38     154419
-0.81     31.92     -3.38     155422
-0.93     32.16     -3.38     156425
-1.05     32.29     -3.44     157427
-1.05     32.41     -3.44     158430
-1.17     32.53     -3.50     159432
-1.17     32.65     -3.56     160436
-1.29     32.77     -3.63     161438
-1.41     32.89     -3.75     162441
-1.53     32.89     -3.81     163443
-1.65     33.01     -3.88     164447
-1.77     33.13     -3.94     165449
-1.77     33.26     -4.06     166452
-1.89     33.26     -4.13     167454
-2.01     33.26     -4.25     168458
-2.13     33.38     -4.31     169460
-2.13     33.38     -4.44     170463
-2.25     33.50     -4.56     171465
-2.37     33.50     -4.63     172469
-2.37     33.50     -4.75     173471
-2.49     33.50     -4.88     174474
-2.61     33.62     -4.94     175476
-2.73     33.62     -5.06     176480
-2.86     33.62     -5.13     177482
-2.98     33.74     -5.25     178485
-2.98     33.62     -5.31     179487
-3.10     33.62     -5.44     180491
-3.10     33.62     -5.56     181493
-3.22     33.62     -5.63     182496
-3.22     33.38     -5.69     183498
-3.22     33.13     -5.81     184502
-3.10     32.89     -5.81     185504
-3.10     32.53     -5.81     186507
-2.98     32.29     -5.81     187509
-2.86     31.80     -5.75     188512
-2.73     31.44     -5.69     189515
-2.61     31.09     -5.56     190518
-2.49     30.85     -5.50     191520
-2.37     30.49     -5.38     192523
-2.13     30.26     -5.25     193526
-2.01     30.02     -5.06     194529
-1.89     29.78     -4.94     195531
-1.65     29.67     -4.69     196534
-1.53     29.43     -4.56     197537
-1.41     29.31     -4.38     198540
-1.29     29.31     -4.19     199542
-1.17     29.31     -4.00     200545
-1.17     29.55     -3.88     201548
-1.05     29.78     -3.75     202551
-1.05     30.02     -3.63     203553
-1.05     30.37     -3.56     204556
-1.17     30.61     -3.50     205558
-1.17     30.97     -3.44     206562
-1.29     31.21     -3.44     207564
-1.29     31.44     -3.44     208567
-1.41     31.68     -3.44     209569
-1.53     31.92     -3.44     210573
-1.65     32.16     -3.50     211575
-1.65     32.29     -3.56     212578
-1.77     32.41     -3.56     213580
-1.89     32.65     -3.63     214584
-2.01     32.77     -3.69     215586
-2.13     32.89     -3.81     216589
-2.13     33.01     -3.88     217591
-2.37     33.01     -3.94     218595
-2.37     33.13     -4.06     219597
-2.49     33.13     -4.13     220600
-2.49     33.26     -4.25     221602
-2.61     33.26     -4.31     222605
-2.73     33.38     -4.44     223608
-2.86     33.38     -4.50     224611
-2.98     33.50     -4.63     225613
-3.10     33.50     -4.75     226616
-3.10     33.50     -4.81     227619
-3.22     33.62     -4.94     228622
-3.34     33.62     -5.00     229624
-3.34     33.62     -5.13     230627
-3.47     33.74     -5.25     231630
-3.47     33.74     -5.31     232633
-3.59     33.74     -5.44     233635
-3.71     33.62     -5.50     234638
-3.71     33.62     -5.63     235641
-3.84     33.62     -5.69     236644
-3.71     33.38     -5.81     237646
-3.71     33.13     -5.81     238649
-3.71     32.77     -5.88     239652
-3.59     32.41     -5.81     240655
-3.47     32.04     -5.81     241657
-3.34     31.56     -5.69     242660
-3.22     31.33     -5.63     243662
-2.98     30.97     -5.56     244666
-2.86     30.61     -5.44     245668
-2.73     30.37     -5.31     246671
-2.49     30.14     -5.19     247673
-2.37     29.90     -5.00     248677
-2.25     29.67     -4.81     249679
-2.01     29.43     -4.63     250682
-1.89     29.43     -4.44     251684
-1.65     29.31     -4.25     252688
-1.65     29.31     -4.06     253690
-1.53     29.31     -3.94     254693
-1.41     29.55     -3.81     255695
-1.41     29.90     -3.69     256699
-1.41     30.14     -3.56     257701
-1.41     30.37     -3.50     258704
-1.53     30.73     -3.44     259706
-1.53     30.97     -3.44     260709
-1.65     31.33     -3.44     261712
-1.65     31.56     -3.44     262715
-1.77     31.80     -3.44     263717
-1.77     31.92     -3.44     264720
-1.89     32.16     -3.50     265723
-2.01     32.29     -3.56     266726
-2.13     32.41     -3.63     267728
-2.25     32.53     -3.69     268731
-2.25     32.65     -3.75     269734
-2.37     32.77     -3.88     270737
-2.49     32.89     -3.94     271739
-2.49     32.89     -4.00     272742
-2.61     33.01     -4.13     273745
-2.73     33.13     -4.19     274748
-2.86     33.13     -4.31     275750
-2.98     33.26     -4.44     276753
-3.10     33.26     -4.50     277756
-3.10     33.38     -4.56     278759
-3.22     33.38     -4.75     279761
-3.34     33.50     -4.81     280764
-3.47     33.50     -4.94     281766
-3.47     33.50     -5.06     282770
-3.59     33.50     -5.13     283772
-3.71     33.62     -5.25     284775
-3.71     33.62     -5.31     285777
-3.84     33.62     -5.44     286781
-3.84     33.50     -5.56     287783
-3.84     33.50     -5.63     288786
-3.96     33.38     -5.75     289788
-3.84     33.13     -5.81     290792
-3.84     32.89     -5.81     291794
-3.71     32.53     -5.88     292797
-3.59     32.16     -5.81     293799
-3.47     31.80     -5.81     294803
-3.34     31.44     -5.75     295805
-3.10     31.09     -5.63     296808
-3.10     30.73     -5.56     297810
-2.86     30.49     -5.44     298814
-2.73     30.14     -5.25     299816
-2.49     29.90     -5.13     300819
-2.37     29.67     -5.00     301821
-2.13     29.43     -4.75     302824
-2.01     29.31     -4.63     303827
-1.77     29.20     -4.44     304830
-1.65     29.08     -4.25     305832
-1.53     29.08     -4.06     306835
-1.53     29.20     -3.94     307838
-1.41     29.43     -3.81     308841
-1.41     29.67     -3.69     309843
-1.53     30.02     -3.56     310846
-1.53     30.26     -3.50     311849
-1.53     30.61     -3.44     312852
-1.65     30.85     -3.44     313854
-1.65     31.21     -3.44     314857
-1.77     31.44     -3.44     315859
-1.77     31.68     -3.44     316863
-1.89     31.92     -3.50     317865
-2.01     32.04     -3.56     318868
-2.13     32.29     -3.56     319870
-2.13     32.41     -3.63     320874
-2.25     32.53     -3.69     321876
-2.37     32.65     -3.81     322879
-2.49     32.77     -3.88     323881
-2.61     32.89     -3.94     324885
-2.73     33.01     -4.06     325888
-2.86     33.01     -4.13     326890
-2.98     33.13     -4.25     327892
-2.98     33.13     -4.31     328896
-3.10     33.26     -4.44     329899
-3.22     33.26     -4.50     330901
-3.34     33.38     -4.63     331904
-3.34     33.38     -4.75     332907
-3.47     33.38     -4.81     333910
-3.47     33.50     -4.94     334912
-3.59     33.50     -5.06     335915
-3.71     33.62     -5.13     336917
-3.84     33.62     -5.25     337921
-3.96     33.62     -5.31     338923
-3.96     33.62     -5.44     339926
-4.08     33.62     -5.56     340928
-4.08     33.62     -5.63     341932
-4.08     33.38     -5.75     342934
-4.08     33.13     -5.81     343937
-4.08     32.89     -5.81     344939
-3.96     32.53     -5.81     345943
-3.84     32.16     -5.81     346945
-3.71     31.80     -5.81     347948
-3.59     31.44     -5.75     348950
-3.34     31.09     -5.63     349953
-3.34     30.85     -5.56     350956
-3.10     30.49     -5.44     351959
-2.98     30.37     -5.31     352961
-2.73     30.02     -5.19     353964
-2.61     29.78     -5.00     354967
-2.49     29.55     -4.81     355970
-2.25     29.43     -4.63     356972
-2.13     29.20     -4.44     357975
-2.01     29.08     -4.31     358978
-1.77     29.08     -4.06     359981
-1.77     29.20     -3.94     360983
-1.65     29.43     -3.81     361986
-1.65     29.67     -3.69     362989
-1.65     30.02     -3.56     363992
-1.77     30.37     -3.56     364994
-1.77     30.61     -3.50     365997
-1.77     30.97     -3.44     366999
-1.89     31.21     -3.44     368003
-2.01     31.56     -3.44     369005
-2.01     31.80     -3.44     370008
-2.13     31.92     -3.50     371010
-2.25     32.16     -3.56     372014
-2.25     32.29     -3.56     373016
-2.37     32.41     -3.63     374019
-2.49     32.53     -3.75     375021
-2.61     32.77     -3.81     376025
-2.73     32.77     -3.88     377027
-2.73     32.89     -3.94     378030
-2.86     32.89     -4.06     379032
-2.86     33.01     -4.19     380036
-2.98     33.01     -4.25     381038
-3.10     33.13     -4.31     382041
-3.22     33.13     -4.44     383043
-3.22     33.26     -4.56     384046
-3.34     33.26     -4.63     385049
-3.47     33.38     -4.75     386052
-3.59     33.38     -4.88     387054
-3.71     33.50     -4.94     388057
-3.71     33.50     -5.06     389060
-3.71     33.50     -5.19     390063
-3.84     33.50     -5.25     391065
-3.96     33.50     -5.38     392068
-3.96     33.50     -5.50     393071
-4.08     33.38     -5.56     394074
-4.08     33.38     -5.69     395076
-4.08     33.26     -5.75     396079
-4.08     33.01     -5.81     397082
-3.96     32.65     -5.88     398085
-3.84     32.29     -5.88     399087
-3.71     31.92     -5.88     400090
-3.59     31.56     -5.81     401093
-3.47     31.21     -5.75     402096
-3.34     30.85     -5.63     403098
-3.22     30.61     -5.50     404101
-3.10     30.26     -5.44     405103
-2.86     30.14     -5.25     406107
-2.73     29.78     -5.13     407109
-2.61     29.55     -5.00     408112
-2.37     29.43     -4.75     409114
-2.25     29.20     -4.63     410118
-2.13     29.08     -4.44     411120
-1.89     29.08     -4.25     412123
-1.89     29.08     -4.06     413125
-1.77     29.20     -3.94     414129
-1.77     29.43     -3.75     415131
-1.77     29.67     -3.63     416134
-1.65     30.02     -3.56     417136
-1.77     30.37     -3.50     418140
-1.77     30.61     -3.44     419142
-1.89     30.97     -3.44     420145
-1.89     31.21     -3.44     421147
-2.01     31.44     -3.44     422150
-2.13     31.68     -3.44     423153
-2.25     31.92     -3.50     424156
-2.25     32.04     -3.50     425158
-2.37     32.29     -3.56     426161
-2.49     32.41     -3.63     427164
-2.49     32.53     -3.69     428167
-2.61     32.65     -3.81     429169
-2.73     32.65     -3.88     430172
-2.73     32.89     -3.94     431175
-2.86     32.89     -4.06     432178
-2.98     33.01     -4.13     433180
-3.10     33.01     -4.25     434183
-3.10     33.01     -4.38     435185
-3.22     33.13     -4.44     436189
-3.34     33.13     -4.56     437191
-3.34     33.26     -4.69     438194
-3.47     33.26     -4.75     439196
-3.59     33.26     -4.88     440200
-3.71     33.38     -5.00     441202
-3.71     33.38     -5.06     442205
-3.84     33.50     -5.19     443207
-3.96     33.50     -5.31     444211
-4.08     33.50     -5.38     445213
-4.08     33.50     -5.50     446216
-4.08     33.38     -5.63     447218
-4.21     33.38     -5.69     448222
-4.08     33.13     -5.75     449224
-4.21     32.89     -5.81     450227
-4.08     32.53     -5.81     451229
-3.96     32.29     -5.88     452232
-3.84     31.92     -5.81     453235
-3.71     31.56     -5.81     454238
-3.59     31.33     -5.69     455240
-3.47     30.85     -5.63     456243
-3.34     30.61     -5.50     457246
-3.10     30.37     -5.38     458249
-2.98     30.02     -5.25     459251
-2.86     29.78     -5.06     460254
-2.61     29.55     -4.88     461257
-2.49     29.31     -4.75     462260
-2.25     29.20     -4.56     463262
-2.13     29.08     -4.38     464265
-2.01     29.08     -4.19     465268
-1.89     29.08     -4.00     466271
-1.77     29.20     -3.88     467273
-1.65     29.55     -3.75     468276
-1.77     29.78     -3.63     469279
-1.77     30.14     -3.56     470282
-1.77     30.49     -3.50     471284
-1.89     30.73     -3.44     472287
-1.89     30.97     -3.44     473289
-2.01     31.33     -3.44     474293
-2.13     31.44     -3.44     475295
-2.13     31.68     -3.50     476298
-2.25     31.92     -3.56     477300
-2.37     32.04     -3.56     478304
-2.37     32.29     -3.63     479306
-2.37     32.41     -3.69     480309
-2.49     32.53     -3.81     481311
-2.61     32.53     -3.88     482315
-2.73     32.65     -3.94     483317
-2.86     32.77     -4.06     484320
-2.98     32.89     -4.13     485322
-3.10     33.01     -4.25     486325
-3.22     33.01     -4.31     487328
-3.22     33.13     -4.44     488331
-3.34     33.13     -4.56     489333
-3.34     33.26     -4.63     490336
-3.47     33.26     -4.75     491339
-3.59     33.26     -4.88     492342
-3.59     33.38     -4.94     493344
-3.71     33.38     -5.06     494347
-3.84     33.38     -5.19     495350
-3.84     33.50     -5.25     496353
-3.96     33.50     -5.38     497355
-4.08     33.50     -5.50     498358
-4.08     33.38     -5.56     499361
-4.21     33.38     -5.69     500364
-4.21     33.26     -5.75     501366
-4.21     33.01     -5.81     502369
-4.08     32.65     -5.88     503372
-3.96     32.29     -5.88     504375
-3.84     31.92     -5.81     505377
-3.71     31.56     -5.81     506380
-3.47     31.09     -5.69     507383
-3.47     30.85     -5.63     508386
-3.22     30.49     -5.50     509388
-3.10     30.26     -5.38     510391
-2.86     29.90     -5.31     511393
-2.61     29.67     -5.13     512397
-2.49     29.55     -4.94     513399
-2.37     29.31     -4.81     514402
-2.13     29.08     -4.56     515404
-2.01     28.96     -4.44     516408
-1.89     28.85     -4.25     517410
-1.77     28.96     -4.06     518413
-1.65     29.08     -3.94     519415
-1.65     29.31     -3.81     520419
-1.65     29.55     -3.69     521421
-1.65     29.90     -3.63     522424
-1.65     30.26     -3.50     523426
-1.77     30.49     -3.50     524430
-1.77     30.85     -3.44     525432
-1.89     31.21     -3.44     526435
-2.01     31.33     -3.44     527437
-2.01     31.56     -3.44     528440
-2.13     31.80     -3.56     529443
-2.25     31.92     -3.56     530446
-2.25     32.04     -3.63     531448
-2.37     32.16     -3.69     532451
-2.49     32.29     -3.75     533454
-2.49     32.41     -3.81     534457
-2.61     32.53     -3.94     535459
-2.61     32.53     -4.00     536462
-2.73     32.65     -4.06     537465
-2.86     32.65     -4.19     538468
-2.98     32.77     -4.31     539470
-2.98     32.77     -4.38     540473
-3.10     32.89     -4.50     541476
-3.10     32.89     -4.63     542479
-3.22     33.01     -4.69     543481
-3.34     33.01     -4.81     544484
-3.47     33.13     -4.94     545486
-3.47     33.13     -5.00     546490
-3.71     33.13     -5.13     547492
-3.71     33.26     -5.25     548495
-3.84     33.26     -5.38     549497
-3.96     33.38     -5.44     550501
-4.08     33.26     -5.56     551503
-4.08     33.26     -5.63     552506
-4.08     33.13     -5.75     553508
-4.08     32.89     -5.81     554512
-4.08     32.65     -5.88     555514
-3.96     32.29     -5.88     556517
-3.84     31.92     -5.88     557519
-3.71     31.56     -5.81     558523
-3.59     31.21     -5.75     559525
-3.34     30.73     -5.69     560528
-3.22     30.49     -5.56     561530
-3.10     30.26     -5.44     562534
-2.98     29.90     -5.31     563536
-2.73     29.67     -5.19     564539
-2.61     29.43     -5.06     565541
-2.37     29.31     -4.88     566544
-2.25     29.08     -4.63     567547
-2.01     28.96     -4.50     568550
-1.89     28.85     -4.31     569552
-1.77     28.85     -4.13     570555
-1.65     28.96     -4.00     571558
-1.65     29.08     -3.81     572561
-1.65     29.43     -3.75     573563
-1.65     29.67     -3.63     574566
-1.65     30.02     -3.56     575569
-1.77     30.37     -3.50     576572
-1.77     30.73     -3.50     577574
-1.89     30.97     -3.50     578577
-1.89     31.21     -3.50     579580
-2.01     31.44     -3.50     580583
-2.13     31.68     -3.56     581585
-2.13     31.80     -3.56     582588
-2.25     32.04     -3.63     583590
-2.37     32.16     -3.69     584594
-2.49     32.29     -3.75     585596
-2.49     32.41     -3.81     586599
-2.61     32.53     -3.94     587601
-2.73     32.65     -4.00     588605
-2.73     32.65     -4.06     589607
-2.86     32.77     -4.19     590610
-2.98     32.89     -4.25     591612
-3.10     32.89     -4.38     592616
-3.22     33.01     -4.50     593618
-3.34     33.13     -4.56     594621
-3.34     33.13     -4.75     595623
-3.47     33.26     -4.81     596626
-3.59     33.26     -4.88     597629
-3.71     33.38     -5.06     598632
-3.84     33.38     -5.13     599634
-3.96     33.50     -5.19     600637
-3.96     33.50     -5.31     601640
-4.08     33.50     -5.44     602643
-4.21     33.50     -5.50     603645
-4.21     33.38     -5.63     604648
-4.21     33.26     -5.69     605651
-4.21     33.13     -5.75     606654
-4.08     32.89     -5.81     607656
-4.08     32.53     -5.81     608659
-3.96     32.16     -5.81     609662
-3.84     31.80     -5.81     610665
-3.71     31.33     -5.75     611667
-3.59     31.09     -5.69     612670
-3.47     30.73     -5.56     613672
-3.22     30.37     -5.44     614676
-3.10     30.14     -5.31     615678
-2.98     29.90     -5.19     616681
-2.73     29.67     -5.06     617683
-2.61     29.55     -4.88     618687
-2.37     29.31     -4.69     619689
-2.37     29.20     -4.50     620692
-2.13     29.08     -4.31     621694
-2.01     29.08     -4.13     622698
-2.01     29.20     -4.00     623700
-1.89     29.31     -3.81     624703
-1.89     29.67     -3.69     625705
-1.89     29.90     -3.63     626709
-1.89     30.26     -3.50     627712
-1.89     30.49     -3.44     628714
-2.01     30.85     -3.44     629716
-2.01     31.21     -3.44     630719
-2.13     31.44     -3.44     631723
-2.25     31.56     -3.44     632725
-2.25     31.80     -3.50     633728
-2.37     32.04     -3.56     634730
-2.37     32.16     -3.56     635734
-2.49     32.29     -3.69     636736
-2.61     32.41     -3.75     637739
-2.73     32.53     -3.81     638741
-2.86     32.65     -3.88     639745
-2.86     32.77     -3.94     640747
-2.98     32.77     -4.06     641750
-3.10     32.89     -4.19     642752
-3.10     33.01     -4.25     643755
-3.22     33.01     -4.38     644758
-3.22     33.13     -4.50     645761
-3.34     33.13     -4.56     646763
-3.34     33.26     -4.69     647766
-3.59     33.26     -4.81     648769
-3.71     33.26     -4.88     649772
-3.71     33.38     -5.00     650774
-3.84     33.50     -5.06     651777
-3.96     33.50     -5.19     652780
-4.08     33.50     -5.31     653783
-4.08     33.50     -5.44     654785
-4.08     33.62     -5.50     655788
-4.21     33.50     -5.63     656791
-4.21     33.38     -5.75     657794
-4.21     33.13     -5.81     658796
-4.21     32.89     -5.88     659799
-4.08     32.53     -5.88     660802
-3.96     32.16     -5.88     661805
-3.84     31.80     -5.88     662807



