23.08     23.72     23.31     0
23.08     23.72     23.31     1002
23.08     23.72     23.31     2004
22.95     23.85     23.31     3007
22.95     24.11     23.31     4011
22.82     24.49     23.31     5013
22.56     25.00     23.25     6016
22.56     25.51     23.12     7018
22.18     25.89     23.00     8020
22.05     26.40     22.87     9024
21.66     26.90     22.69     10027
21.40     27.28     22.50     11029
21.14     27.66     22.25     12032
20.88     28.04     22.00     13035
20.62     28.29     21.75     14038
20.35     28.54     21.50     15040
20.09     28.79     21.12     16043
19.70     29.04     20.87     17045
19.43     29.29     20.56     18049
19.17     29.54     20.19     19051
18.77     29.67     19.87     20054
18.50     29.92     19.50     21056
18.24     30.05     19.19     22060
17.84     30.17     18.87     23062
17.70     30.42     18.50     24065
17.30     30.42     18.12     25067
17.03     30.67     17.87     26071
16.63     30.80     17.44     27073
16.49     30.92     17.12     28076
16.08     31.05     16.81     29078
15.81     31.17     16.37     30082
15.54     31.17     16.06     31084
15.26     31.30     15.75     32087
14.85     31.42     15.38     33089
14.57     31.55     15.06     34092
14.30     31.67     14.69     35095
14.02     31.67     14.31     36098
13.74     31.80     14.00     37100
13.46     31.92     13.63     38103
13.18     31.92     13.31     39106
12.90     32.05     13.00     40109
12.61     32.17     12.63     41111
12.47     32.17     12.31     42114
12.05     32.30     12.00     43117
11.76     32.30     11.63     44120
11.47     32.42     11.31     45122
11.33     32.42     11.00     46125
11.04     32.55     10.69     47127
10.75     32.55     10.38     48131
10.46     32.67     10.06     49133
10.32     32.67     9.75     50136
10.02     32.80     9.44     51138
9.73     32.80     9.19     52141
9.58     32.80     8.81     53144
9.29     32.92     8.56     54147
8.99     32.92     8.25     55149
8.69     33.05     7.94     56152
8.54     33.05     7.69     57154
8.24     33.05     7.38     58157
8.09     33.05     7.06     59159
7.94     33.17     6.81     60163
7.64     33.17     6.50     61165
7.49     33.29     6.25     62168
7.18     33.29     6.00     63170
6.87     33.29     5.69     64173
6.72     33.42     5.44     65175
6.57     33.42     5.19     66178
6.41     33.42     4.94     67181
6.10     33.42     4.69     68184
5.95     33.54     4.44     69186
5.79     33.54     4.19     70189
5.63     33.54     3.94     71191
5.32     33.67     3.75     72194
5.16     33.67     3.44     73196
5.00     33.67     3.25     74200
4.84     33.67     3.00     75202
4.53     33.67     2.75     76205
4.53     33.79     2.56     77207
4.37     33.79     2.25     78210
4.04     33.79     2.06     79212
3.88     33.79     1.88     80215
3.72     33.79     1.63     81218
3.56     33.92     1.44     82221
3.40     33.92     1.25     83223
3.07     33.92     1.00     84226
2.91     33.92     0.81     85228
2.74     34.04     0.69     86231
2.58     34.04     0.44     87234
2.41     34.04     0.31     88237
2.24     34.04     0.12     89239
2.08     34.04     -0.12     90242
1.91     34.04     -0.31     91244
1.74     34.17     -0.44     92247
1.57     34.04     -0.69     93249
1.57     34.17     -0.81     94253
1.40     34.17     -1.00     95255
1.23     34.29     -1.19     96258
0.89     34.29     -1.37     97260
0.89     34.29     -1.56     98263
0.72     34.42     -1.69     99265
0.55     34.29     -1.88     100268
0.38     34.29     -2.06     101271
0.20     34.42     -2.19     102274
0.20     34.42     -2.38     103276
0.03     34.42     -2.50     104279
-0.14     34.29     -2.63     105281
-0.14     34.42     -2.81     106285
-0.32     34.42     -2.94     107287
-0.49     34.42     -3.13     108290
-0.67     34.42     -3.25     109292
-0.85     34.54     -3.44     110295
-0.85     34.54     -3.56     111298
-1.02     34.54     -3.69     112301
-1.20     34.54     -3.81     113303
-1.20     34.54     -3.94     114306
-1.20     34.54     -4.06     115308
-1.38     34.54     -4.25     116312
-1.56     34.54     -4.38     117314
-1.74     34.54     -4.50     118317
-1.74     34.54     -4.63     119319
-1.92     34.67     -4.75     120322
-1.92     34.54     -4.88     121325
-2.10     34.54     -5.00     122328
-2.10     34.54     -5.06     123330
-2.10     34.67     -5.25     124333
-2.47     34.54     -5.31     125335
-2.47     34.54     -5.44     126339
-2.47     34.42     -5.56     127341
-2.47     34.29     -5.63     128344
-2.47     34.04     -5.75     129346
-2.47     33.67     -5.81     130350
-2.47     33.29     -5.88     131352
-2.10     32.92     -5.88     132355
-2.10     32.55     -5.88     133357
-1.92     32.17     -5.88     134360
-1.92     31.80     -5.81     135363
-1.74     31.30     -5.69     136366
-1.56     31.05     -5.63     137368
-1.20     30.80     -5.44     138371
-1.20     30.42     -5.31     139373
-1.02     30.17     -5.19     140377
-0.85     29.92     -5.06     141379
-0.67     29.67     -4.88     142382
-0.49     29.42     -4.69     143384
-0.32     29.42     -4.44     144387
-0.14     29.29     -4.25     145390
-0.14     29.29     -4.13     146393
0.03     29.54     -3.94     147395
-0.14     29.80     -3.81     148398
-0.32     30.05     -3.69     149400
-0.32     30.42     -3.56     150404
-0.32     30.67     -3.44     151406
-0.32     31.05     -3.38     152409
-0.49     31.30     -3.38     153411
-0.49     31.55     -3.38     154414
-0.67     31.80     -3.38     155417
-0.67     31.92     -3.38     156420
-0.85     32.17     -3.38     157422
-1.02     32.30     -3.44     158425
-1.20     32.55     -3.50     159427
-1.20     32.67     -3.56     160431
-1.38     32.80     -3.56     161433
-1.38     32.92     -3.69     162436
-1.56     33.05     -3.75     163438
-1.56     33.17     -3.81     164441
-1.74     33.17     -3.88     165444
-1.74     33.29     -3.94     166447
-1.74     33.29     -4.06     167449
-1.92     33.42     -4.13     168452
-2.10     33.42     -4.25     169454
-2.10     33.54     -4.38     170458
-2.29     33.67     -4.44     171460
-2.47     33.67     -4.56     172463
-2.47     33.79     -4.63     173465
-2.47     33.67     -4.75     174468
-2.65     33.79     -4.81     175471
-2.84     33.79     -4.94     176474
-2.84     33.92     -5.06     177476
-2.84     33.92     -5.13     178479
-3.02     33.92     -5.25     179482
-3.21     33.92     -5.31     180485
-3.02     33.92     -5.44     181487
-3.21     33.79     -5.50     182490
-3.21     33.67     -5.63     183492
-3.21     33.42     -5.69     184496
-3.21     33.17     -5.75     185498
-3.02     32.80     -5.81     186501
-3.02     32.42     -5.81     187503
-2.84     32.05     -5.81     188506
-2.65     31.67     -5.75     189509
-2.65     31.30     -5.69     190512
-2.47     30.92     -5.63     191514
-2.29     30.67     -5.50     192517
-2.29     30.42     -5.38     193519
-2.10     30.17     -5.25     194523
-1.92     29.92     -5.06     195525
-1.56     29.54     -4.88     196528
-1.56     29.42     -4.69     197530
-1.38     29.29     -4.56     198533
-1.20     29.17     -4.31     199536
-1.02     29.29     -4.19     200539
-1.02     29.42     -4.00     201541
-1.02     29.54     -3.88     202544
-1.02     29.80     -3.75     203546
-1.02     30.17     -3.56     204550
-1.20     30.42     -3.50     205552
-1.20     30.80     -3.44     206555
-1.20     31.05     -3.44     207557
-1.38     31.42     -3.44     208560
-1.38     31.67     -3.44     209563
-1.56     31.92     -3.44     210566
-1.56     32.05     -3.44     211568
-1.74     32.30     -3.50     212571
-1.92     32.42     -3.56     213573
-1.92     32.67     -3.56     214577
-2.10     32.80     -3.69     215579
-2.10     32.92     -3.75     216582
-2.29     32.92     -3.81     217584
-2.29     33.05     -3.88     218587
-2.47     33.17     -3.94     219590
-2.65     33.17     -4.06     220593
-2.65     33.29     -4.13     221595
-2.84     33.42     -4.25     222598
-2.84     33.42     -4.31     223600
-3.02     33.54     -4.44     224604
-3.02     33.54     -4.50     225606
-3.21     33.67     -4.63     226609
-3.39     33.79     -4.75     227611
-3.58     33.79     -4.81     228614
-3.58     33.79     -4.94     229617
-3.58     33.92     -5.06     230620
-3.58     33.92     -5.13     231622
-3.77     34.04     -5.25     232625
-3.77     33.92     -5.31     233627
-3.77     33.92     -5.44     234631
-3.77     33.79     -5.50     235633
-3.77     33.67     -5.63     236636
-3.96     33.54     -5.69     237638
-3.77     33.17     -5.75     238641
-3.77     32.92     -5.81     239644
-3.77     32.55     -5.81     240647
-3.39     32.17     -5.81     241649
-3.39     31.80     -5.75     242652
-3.21     31.42     -5.69     243654
-3.02     31.05     -5.63     244658
-3.02     30.80     -5.50     245660
-2.84     30.42     -5.38     246663
-2.65     30.17     -5.25     247665
-2.47     29.92     -5.13     248668
-2.29     29.67     -4.94     249671
-2.10     29.42     -4.75     250674
-1.74     29.29     -4.56     251676
-1.56     29.17     -4.38     252679
-1.38     29.17     -4.19     253682
-1.38     29.42     -4.06     254685
-1.38     29.54     -3.94     255687
-1.38     29.80     -3.75     256690
-1.38     30.17     -3.63     257692
-1.38     30.42     -3.56     258696
-1.56     30.80     -3.50     259698
-1.56     31.05     -3.44     260701
-1.74     31.30     -3.44     261703
-1.74     31.55     -3.44     262706
-1.74     31.80     -3.44     263708
-1.74     32.05     -3.44     264712
-1.92     32.30     -3.50     265714
-1.92     32.30     -3.56     266717
-2.10     32.42     -3.56     267719
-2.29     32.67     -3.63     268722
-2.29     32.80     -3.75     269725
-2.47     32.92     -3.81     270728

