23.37     24.04     23.81     0
23.37     24.15     23.81     1002
23.25     24.27     23.81     2004
23.25     24.49     23.81     3007
23.14     24.83     23.75     4011
23.03     25.17     23.75     5013
22.81     25.62     23.69     6016
22.58     26.08     23.56     7018
22.36     26.65     23.37     8022
22.14     27.00     23.25     9024
21.80     27.46     23.06     10027
21.47     27.69     22.81     11029
21.25     28.15     22.56     12033
20.92     28.50     22.31     13035
20.70     28.73     22.00     14038
20.25     29.08     21.75     15040
20.03     29.31     21.50     16044
19.70     29.55     21.12     17046
19.37     29.78     20.81     18049
19.04     29.90     20.50     19051
18.71     30.14     20.12     20055
18.38     30.26     19.81     21057
18.05     30.49     19.50     22060
17.83     30.61     19.06     23062
17.51     30.85     18.75     24066
17.18     30.85     18.37     25068
16.85     31.09     18.06     26071
16.52     31.21     17.69     27073
16.30     31.33     17.31     28077
15.98     31.44     17.00     29079
15.65     31.56     16.62     30082
15.32     31.56     16.25     31084
15.10     31.68     15.94     32088
14.88     31.80     15.56     33090
14.45     31.92     15.19     34093
14.23     31.92     14.88     35095
13.90     32.04     14.56     36099
13.57     32.16     14.13     37101
13.35     32.16     13.81     38104
13.03     32.29     13.50     39106
12.81     32.41     13.13     40110
12.48     32.41     12.81     41112
12.26     32.53     12.38     42115
12.04     32.53     12.13     43118
11.83     32.65     11.81     44121
11.50     32.65     11.44     45123
11.28     32.77     11.13     46126
10.95     32.77     10.81     47129
10.73     32.77     10.44     48132
10.51     32.89     10.19     49134
10.29     32.89     9.88     50137
10.07     33.01     9.56     51140
9.74     33.01     9.25     52143
9.52     33.13     9.00     53145
9.30     33.13     8.63     54148
9.08     33.13     8.38     55150
8.86     33.26     8.13     56153
8.53     33.26     7.75     57156
8.31     33.38     7.50     58159
8.09     33.38     7.25     59161
7.86     33.38     6.94     60164
7.64     33.50     6.69     61166
7.53     33.50     6.38     62170
7.20     33.50     6.13     63172
7.09     33.62     5.88     64175
6.86     33.62     5.56     65177
6.53     33.62     5.38     66180
6.31     33.74     5.13     67183
6.08     33.74     4.81     68186
5.86     33.87     4.63     69188
5.64     33.87     4.38     70191
5.52     33.87     4.13     71193
5.19     33.99     3.88     72197
5.07     33.99     3.69     73199
4.85     33.99     3.44     74202
4.62     34.11     3.19     75204
4.40     34.11     3.00     76207
4.28     34.11     2.75     77210
4.06     34.11     2.56     78213
3.94     34.24     2.31     79215
3.72     34.24     2.13     80218
3.49     34.24     1.94     81220
3.37     34.24     1.69     82223
3.26     34.24     1.50     83226
3.03     34.24     1.31     84229
2.92     34.36     1.06     85231
2.80     34.24     0.88     86234
2.69     34.36     0.69     87236
2.57     34.36     0.44     88239
2.34     34.36     0.25     89242
2.11     34.36     0.06     90245
2.00     34.36     -0.12     91247
1.77     34.48     -0.31     92250
1.65     34.48     -0.44     93252
1.42     34.48     -0.69     94256
1.30     34.61     -0.81     95258
1.19     34.61     -1.00     96261
0.95     34.61     -1.19     97263
0.84     34.61     -1.37     98266
0.72     34.48     -1.50     99268
0.60     34.61     -1.69     100272
0.60     34.61     -1.81     101274
0.49     34.48     -2.00     102277
0.25     34.61     -2.19     103279
0.13     34.61     -2.31     104282
0.02     34.61     -2.50     105285
-0.10     34.61     -2.63     106288
-0.22     34.73     -2.81     107290
-0.34     34.73     -2.94     108293
-0.46     34.73     -3.13     109296
-0.69     34.61     -3.25     110299
-0.81     34.73     -3.38     111301
-0.93     34.73     -3.50     112304
-1.17     34.85     -3.69     113307
-1.17     34.73     -3.81     114310
-1.29     34.85     -3.94     115312
-1.29     34.85     -4.06     116315
-1.41     34.85     -4.25     117317
-1.53     34.85     -4.31     118321
-1.77     34.85     -4.50     119323
-1.89     34.85     -4.63     120326
-2.01     34.85     -4.75     121328
-2.13     34.98     -4.88     122332
-2.25     34.98     -5.00     123334
-2.37     34.98     -5.06     124337
-2.37     34.85     -5.19     125339
-2.49     34.98     -5.31     126343
-2.61     34.85     -5.44     127345
-2.61     34.73     -5.56     128348
-2.73     34.61     -5.63     129350
-2.73     34.48     -5.69     130354
-2.73     34.24     -5.81     131356
-2.73     33.87     -5.88     132359
-2.61     33.50     -5.88     133361
-2.49     33.01     -5.88     134365
-2.37     32.65     -5.81     135367
-2.25     32.29     -5.75     136370
-2.13     31.92     -5.63     137372
-1.89     31.56     -5.56     138376
-1.77     31.21     -5.44     139378
-1.65     30.97     -5.31     140381
-1.41     30.73     -5.13     141383
-1.29     30.37     -4.94     142387
-1.17     30.26     -4.81     143389
-0.93     30.02     -4.63     144392
-0.81     30.02     -4.44     145394
-0.81     29.90     -4.25     146397
-0.69     30.02     -4.06     147400
-0.57     30.14     -3.88     148403
-0.57     30.37     -3.75     149405
-0.69     30.61     -3.63     150408
-0.69     30.97     -3.50     151411
-0.81     31.33     -3.44     152414
-0.81     31.56     -3.44     153416
-0.93     31.80     -3.38     154419
-0.93     32.16     -3.38     155422
-1.05     32.41     -3.38     156425
-1.17     32.65     -3.38     157427
-1.29     32.77     -3.44     158430
-1.41     33.01     -3.44     159432
-1.41     33.13     -3.50     160436
-1.53     33.13     -3.56     161438
-1.65     33.26     -3.63     162441
-1.77     33.38     -3.69     163443
-1.89     33.50     -3.75     164447
-1.89     33.62     -3.81     165449
-2.13     33.62     -3.94     166452
-2.13     33.74     -4.00     167454
-2.25     33.87     -4.13     168458
-2.37     33.87     -4.19     169460
-2.49     33.99     -4.31     170463
-2.49     33.99     -4.38     171465
-2.61     33.99     -4.50     172469
-2.73     34.11     -4.56     173471
-2.86     34.24     -4.69     174474
-2.98     34.24     -4.81     175476
-3.10     34.24     -4.88     176479
-3.10     34.36     -5.00     177482
-3.22     34.36     -5.06     178485
-3.34     34.36     -5.13     179487
-3.47     34.48     -5.25     180490
-3.59     34.48     -5.38     181493
-3.59     34.36     -5.44     182496
-3.71     34.36     -5.56     183498
-3.71     34.24     -5.63     184501
-3.71     33.99     -5.69     185504
-3.59     33.62     -5.75     186507
-3.59     33.26     -5.81     187509
-3.34     33.01     -5.81     188512
-3.34     32.53     -5.75     189515
-3.22     32.16     -5.75     190518
-3.10     31.80     -5.63     191520
-2.86     31.56     -5.56     192523
-2.73     31.21     -5.44     193525
-2.61     30.97     -5.31     194529
-2.49     30.61     -5.19     195531
-2.25     30.37     -5.00     196534
-2.01     30.26     -4.81     197536
-2.01     30.02     -4.69     198540
-1.77     29.90     -4.50     199542
-1.65     29.90     -4.31     200545
-1.53     29.90     -4.13     201547
-1.41     30.14     -4.00     202551
-1.41     30.37     -3.81     203553
-1.53     30.61     -3.69     204556
-1.53     30.97     -3.56     205558
-1.53     31.33     -3.50     206562
-1.65     31.56     -3.44     207564
-1.77     31.80     -3.44     208567
-1.77     32.04     -3.38     209569
-1.89     32.29     -3.38     210572
-2.01     32.53     -3.44     211575
-2.13     32.77     -3.44     212578
-2.13     32.89     -3.44     213580
-2.25     33.13     -3.50     214583
-2.37     33.26     -3.56     215586
-2.49     33.38     -3.63     216589
-2.49     33.50     -3.75     217591
-2.61     33.50     -3.81     218594
-2.61     33.62     -3.88     219597
-2.61     33.74     -3.94     220600
-2.73     33.74     -4.06     221602
-2.86     33.74     -4.13     222605
-2.86     33.87     -4.25     223608
-2.98     33.99     -4.31     224611
-3.10     33.99     -4.44     225613
-3.22     34.11     -4.56     226616
-3.34     34.11     -4.63     227618
-3.47     34.24     -4.75     228622
-3.47     34.24     -4.88     229624
-3.59     34.36     -4.94     230627
-3.71     34.36     -5.06     231629
-3.71     34.36     -5.13     232633
-3.84     34.36     -5.25     233635
-3.84     34.36     -5.38     234638
-3.96     34.36     -5.50     235640
-3.96     34.24     -5.56     236644
-3.96     33.99     -5.63     237646
-3.96     33.74     -5.69     238649
-3.84     33.50     -5.75     239651
-3.84     33.13     -5.81     240655
-3.71     32.77     -5.81     241657
-3.59     32.41     -5.81     242660
-3.47     32.04     -5.75     243662
-3.34     31.68     -5.69     244666
-3.22     31.44     -5.56     245668
-2.98     31.09     -5.44     246671
-2.86     30.73     -5.31     247673
-2.73     30.49     -5.19     248676
-2.49     30.26     -5.00     249679
-2.37     30.02     -4.88     250682
-2.13     29.90     -4.63     251684
-2.01     29.67     -4.50     252687
-1.77     29.67     -4.31     253690
-1.65     29.78     -4.06     254693
-1.53     29.90     -3.94     255695
-1.53     30.14     -3.81     256698
-1.53     30.37     -3.69     257701
-1.53     30.73     -3.56     258704
-1.65     30.97     -3.50     259706
-1.65     31.33     -3.44     260709
-1.65     31.56     -3.44     261712
-1.77     31.80     -3.44     262715
-1.89     32.04     -3.44     263717
-2.01     32.29     -3.44     264720
-2.01     32.41     -3.50     265722
-2.25     32.65     -3.50     266726
-2.25     32.77     -3.56     267728
-2.37     32.89     -3.63     268731
-2.37     33.01     -3.69     269733
-2.49     33.13     -3.75     270737
-2.61     33.26     -3.88     271739
-2.73     33.38     -3.94     272742
-2.73     33.38     -4.00     273744
-2.86     33.50     -4.13     274748
-2.86     33.50     -4.25     275750
-2.98     33.62     -4.31     276753
-3.10     33.62     -4.44     277755
-3.10     33.74     -4.50     278759
-3.22     33.74     -4.63     279761
-3.22     33.74     -4.75     280764
-3.34     33.87     -4.81     281766
-3.34     33.87     -4.94     282769
-3.47     33.87     -5.06     283772
-3.59     33.99     -5.13     284775
-3.59     33.99     -5.25     285777
-3.71     33.99     -5.31     286780
-3.84     33.99     -5.44     287783
-3.84     33.87     -5.50     288786
-3.84     33.74     -5.63     289788
-3.84     33.50     -5.69     290791
-3.71     33.26     -5.81     291794
-3.71     32.89     -5.81     292797
-3.59     32.53     -5.81     293799
-3.47     32.16     -5.81     294802
-3.34     31.80     -5.81     295805
-3.22     31.44     -5.69     296808
-2.98     31.09     -5.63     297810
-2.86     30.73     -5.50     298813
-2.73     30.49     -5.44     299815
-2.61     30.26     -5.25     300819
-2.37     30.02     -5.13     301821
-2.25     29.78     -5.00     302824
-2.01     29.67     -4.75     303826
-1.89     29.43     -4.63     304830
-1.77     29.43     -4.44     305832
-1.65     29.31     -4.25     306835
-1.65     29.43     -4.06     307837
-1.53     29.67     -3.94     308841
-1.53     30.02     -3.75     309843
-1.53     30.26     -3.63     310846
-1.53     30.61     -3.56     311848
-1.65     30.85     -3.50     312852
-1.65     31.21     -3.44     313854
-1.77     31.44     -3.38     314857
-1.77     31.68     -3.38     315859
-1.89     31.92     -3.38     316862
-2.01     32.16     -3.44     317865
-2.13     32.41     -3.44     318868
-2.13     32.53     -3.44     319870
-2.13     32.65     -3.50     320873
-2.37     32.77     -3.56     321876
-2.37     32.89     -3.63     322879
-2.49     33.01     -3.75     323881
-2.61     33.01     -3.81     324884
-2.61     33.13     -3.88     325888
-2.73     33.26     -3.94     326890
-2.86     33.38     -4.06     327892
-2.98     33.38     -4.13     328895
-2.98     33.50     -4.25     329899
-3.10     33.50     -4.31     330901
-3.22     33.62     -4.44     331904
-3.34     33.62     -4.50     332906
-3.47     33.74     -4.63     333908
-3.47     33.74     -4.75     334912
-3.59     33.74     -4.81     335915
-3.59     33.74     -4.94     336917
-3.71     33.87     -5.00     337920
-3.71     33.87     -5.13     338923
-3.84     33.87     -5.19     339926
-3.96     33.87     -5.31     340928
-3.96     33.87     -5.44     341931
-4.08     33.74     -5.50     342934
-4.08     33.62     -5.63     343937
-4.08     33.50     -5.69     344939
-4.08     33.26     -5.75     345942
-3.96     32.89     -5.81     346945
-3.96     32.65     -5.81     347948
-3.84     32.29     -5.81     348950
-3.59     31.80     -5.75     349953
-3.47     31.44     -5.69     350955
-3.34     31.09     -5.63     351959
-3.22     30.85     -5.56     352961
-2.98     30.49     -5.44     353964
-2.86     30.14     -5.31     354966
-2.61     30.02     -5.19     355970
-2.49     29.78     -5.00     356972
-2.37     29.55     -4.81     357975
-2.13     29.43     -4.69     358977
-1.89     26.77     -4.50     359981
-1.89     29.20     -4.31     360983
-1.89     29.31     -4.13     361986
-1.65     29.55     -4.00     362988
-1.77     29.78     -3.81     363992
-1.77     30.14     -3.69     364994
-1.77     30.37     -3.56     365997
-1.89     30.73     -3.50     366999
-1.89     30.97     -3.44     368002
-1.89     31.33     -3.44     369005
-2.01     31.56     -3.38     370008
-2.13     31.80     -3.38     371010
-2.25     32.04     -3.44     372013
-2.25     32.29     -3.44     373016
-2.37     32.41     -3.50     374019
-2.49     32.53     -3.56     375021
-2.61     32.65     -3.56     376024
-2.61     32.89     -3.63     377027
-2.73     32.89     -3.75     378030
-2.86     33.01     -3.81     379032
-2.86     33.13     -3.88     380035
-2.98     33.13     -3.94     381038
-3.10     33.26     -4.06     382041
-3.10     33.38     -4.13     383043
-3.34     33.50     -4.25     384046
-3.47     33.62     -4.38     385048
-3.47     33.62     -4.44     386052
-3.59     33.74     -4.56     387054
-3.71     33.74     -4.63     388057
-3.71     33.74     -4.75     389059
-3.71     33.87     -4.88     390063
-3.96     33.87     -4.94     391065
-3.96     33.87     -5.06     392068
-4.08     33.99     -5.19     393070
-4.21     33.99     -5.25     394074
-4.21     33.99     -5.38     395076
-4.21     33.87     -5.44     396079
-4.33     33.87     -5.56     397081
-4.21     33.62     -5.69     398085
-4.21     33.38     -5.75     399087
-4.21     33.13     -5.81     400090
-4.08     32.77     -5.88     401092
-3.96     32.41     -5.81     402096
-3.84     32.04     -5.81     403098
-3.71     31.68     -5.75     404101
-3.59     31.33     -5.69     405103
-3.47     30.97     -5.63     406107
-3.22     30.73     -5.50     407109
-3.10     30.49     -5.38     408112
-2.98     30.14     -5.25     409114
-2.73     29.90     -5.13     410117
-2.49     29.67     -4.94     411120
-2.37     29.55     -4.81     412123
-2.25     29.43     -4.63     413125
-2.13     29.31     -4.44     414128
-1.89     29.31     -4.25     415131
-1.89     29.43     -4.06     416134
-1.77     29.55     -3.94     417136
-1.77     29.90     -3.81     418139
-1.77     30.26     -3.69     419142
-1.89     30.49     -3.56     420145
-1.89     30.85     -3.50     421147
-2.01     31.09     -3.44     422150
-2.13     31.44     -3.44     423153
-2.13     31.68     -3.44     424156
-2.13     31.92     -3.44     425158
-2.37     32.16     -3.44     426161
-2.37     32.41     -3.50     427163
-2.49     32.53     -3.50     428167
-2.61     32.65     -3.56     429169
-2.73     32.77     -3.63     430172
-2.73     32.89     -3.69     431174
-2.86     33.01     -3.75     432178
-2.98     33.13     -3.81     433180
-3.10     33.26     -3.94     434183
-3.22     33.38     -4.00     435185
-3.22     33.38     -4.13     436189
-3.34     33.50     -4.19     437191
-3.47     33.62     -4.31     438194
-3.59     33.62     -4.38     439196
-3.59     33.74     -4.44     440199
-3.71     33.74     -4.56     441202
-3.84     33.87     -4.69     442205
-3.96     33.99     -4.75     443207
-3.96     33.99     -4.88     444210
-4.08     33.99     -5.00     445213
-4.21     33.99     -5.06     446216
-4.21     33.99     -5.19     447218
-4.21     33.99     -5.25     448221
-4.33     33.99     -5.38     449224
-4.33     33.99     -5.50     450227
-4.33     33.87     -5.56     451229
-4.46     33.74     -5.63     452232
-4.33     33.50     -5.75     453234
-4.33     33.13     -5.81     454238
-4.21     32.89     -5.88     455240
-4.08     32.41     -5.88     456243
-4.08     32.04     -5.81     457245
-3.84     31.68     -5.75     458249
-3.59     31.33     -5.75     459251
-3.59     31.09     -5.63     460254
-3.34     30.73     -5.50     461256
-3.10     30.49     -5.38     462260
-2.98     30.14     -5.31     463262
-2.73     29.90     -5.13     464265
-2.61     29.67     -4.94     465267
-2.37     29.55     -4.81     466271
-2.25     29.31     -4.63     467273
-2.13     29.31     -4.44     468276
-2.01     29.20     -4.25     469278
-1.89     29.43     -4.06     470282
-1.77     29.55     -3.94     471284
-1.77     29.78     -3.81     472287
-1.77     30.14     -3.69     473289
-1.89     30.49     -3.63     474292
-1.89     30.85     -3.56     475295
-1.89     31.09     -3.50     476298
-2.01     31.33     -3.44     477300
-2.01     31.68     -3.44     478303
-2.13     31.80     -3.44     479306
-2.25     32.04     -3.50     480309
-2.37     32.29     -3.50     481311
-2.49     32.41     -3.56     482314
-2.49     32.65     -3.63     483317
-2.61     32.77     -3.69     484320
-2.73     32.89     -3.75     485322
-2.86     33.01     -3.81     486325
-2.98     33.13     -3.88     487328
-3.10     33.26     -4.00     488331
-3.22     33.38     -4.06     489333
-3.22     33.38     -4.13     490336
-3.34     33.50     -4.25     491338
-3.47     33.62     -4.31     492342
-3.47     33.50     -4.44     493344
-3.59     33.62     -4.50     494347
-3.71     33.62     -4.63     495349
-3.71     33.74     -4.75     496353
-3.84     33.87     -4.81     497355
-3.84     33.87     -4.94     498358
-3.96     33.87     -5.06     499360
-4.08     33.99     -5.13     500364
-4.21     33.99     -5.25     501366
-4.21     33.99     -5.38     502369
-4.33     33.99     -5.44     503371
-4.33     33.87     -5.56     504375
-4.33     33.62     -5.63     505377
-4.21     33.50     -5.69     506380
-4.21     33.13     -5.81     507382


