22.14     24.04     23.00     0
22.25     24.04     23.00     0
22.14     24.04     23.00     502
22.14     24.04     23.00     1005
22.14     24.04     23.00     1507
22.14     24.04     23.00     2010
22.14     24.15     23.00     2512
22.14     24.15     23.00     3015
22.14     24.38     23.00     3518
22.03     24.49     23.00     4021
22.03     24.72     23.00     4524
21.92     24.94     22.94     5026
21.80     25.06     22.94     5529
21.80     25.28     22.87     6031
21.69     25.62     22.87     6534
21.58     25.74     22.81     7036
21.47     26.08     22.69     7539
21.36     26.19     22.62     8042
21.25     26.42     22.56     8545
21.14     26.65     22.50     9048
21.03     26.88     22.37     9550
20.81     27.00     22.25     10053
20.70     27.23     22.12     10556
20.59     27.46     22.06     11059
20.47     27.57     21.94     11561
20.25     27.80     21.81     12063
20.14     28.03     21.69     12566
20.03     28.15     21.50     13069
19.81     28.27     21.37     13572
19.70     28.38     21.25     14074
19.59     28.50     21.12     14577
19.48     28.61     21.00     15080
19.26     28.73     20.81     15583
19.15     28.85     20.69     16086
19.04     28.96     20.50     16588
18.82     29.08     20.37     17091
18.71     29.20     20.25     17594
18.49     29.31     20.12     18097
18.38     29.43     19.87     18599
18.27     29.43     19.69     19102
18.05     29.55     19.56     19605
17.94     29.67     19.44     20107
17.73     29.78     19.25     20610
17.62     29.78     19.06     21112
17.51     29.90     18.87     21615
17.29     30.02     18.69     22118
17.18     30.02     18.56     22621
17.07     30.14     18.37     23123
16.85     30.14     18.25     23626
16.74     30.14     18.00     24129
16.63     30.26     17.87     24632
16.41     30.37     17.69     25135
16.30     30.37     17.50     25637
16.08     30.49     17.37     26140
15.98     30.49     17.12     26643
15.87     30.61     16.94     27146
15.65     30.61     16.75     27649
15.54     30.73     16.62     28150
15.43     30.73     16.44     28653
15.21     30.73     16.31     29156
15.10     30.85     16.06     29659
14.99     30.97     15.88     30161
14.77     30.97     15.75     30664
14.66     31.09     15.56     31167
14.45     31.09     15.44     31670
14.45     31.21     15.19     32173
14.23     31.21     15.00     32675
14.12     31.21     14.88     33178
13.90     31.21     14.69     33681
13.79     31.33     14.56     34184
13.68     31.33     14.38     34686
13.46     31.33     14.13     35189
13.35     31.33     14.00     35692
13.25     31.44     13.81     36194
13.14     31.44     13.69     36697
12.92     31.56     13.50     37199
12.81     31.56     13.31     37702
12.70     31.56     13.13     38205
12.59     31.56     13.00     38708
12.37     31.68     12.81     39211
12.26     31.56     12.69     39713
12.15     31.68     12.56     40216
12.04     31.80     12.25     40719
11.93     31.80     12.13     41222
11.72     31.80     12.00     41724
11.61     31.80     11.81     42227
11.50     31.92     11.69     42730
11.39     31.92     11.44     43233
11.17     31.92     11.31     43736
11.17     31.92     11.13     44237
10.95     32.04     11.00     44740
10.84     32.04     10.88     45243
10.73     32.04     10.75     45746
10.62     32.16     10.50     46248
10.51     32.16     10.38     46751
10.40     32.16     10.19     47254
10.18     32.16     10.06     47757
10.07     32.16     9.94     48260
9.96     32.29     9.69     48762
9.85     32.29     9.56     49265
9.74     32.29     9.44     49767
9.63     32.29     9.25     50270
9.52     32.29     9.13     50772
9.41     32.29     9.00     51275
9.30     32.41     8.75     51778
9.19     32.41     8.63     52281
9.08     32.41     8.50     52784
8.97     32.41     8.38     53285
8.75     32.53     8.25     53788
8.75     32.53     8.06     54291
8.53     32.53     7.94     54794
8.42     32.65     7.75     55297
8.31     32.53     7.63     55799
8.31     32.65     7.50     56302
8.09     32.65     7.38     56805
8.09     32.65     7.19     57307
7.86     32.65     7.06     57809
7.75     32.65     6.94     58312
7.64     32.65     6.81     58815
7.53     32.77     6.69     59318
7.42     32.77     6.50     59821
7.31     32.77     6.31     60323
7.20     32.77     6.25     60826
7.09     32.77     6.13     61328
6.98     32.77     6.00     61831
6.86     32.77     5.88     62333
6.86     32.89     5.69     62836
6.75     32.89     5.56     63339
6.64     32.89     5.44     63842
6.53     32.89     5.31     64345
6.42     32.89     5.19     64847
6.31     32.89     5.00     65349
6.20     32.89     4.94     65852
6.08     32.89     4.75     66355
5.97     33.01     4.63     66857
5.86     33.01     4.56     67360
5.75     33.01     4.44     67863
5.64     33.13     4.25     68366
5.52     33.13     4.19     68869
5.52     33.13     4.06     69370
5.41     33.13     3.94     69873
5.30     33.13     3.81     70376
5.19     33.13     3.69     70879
5.07     33.13     3.56     71382
4.96     33.13     3.44     71884
4.85     33.26     3.31     72387
4.85     33.26     3.25     72889
4.74     33.26     3.13     73392
4.62     33.26     2.94     73894
4.51     33.26     2.81     74397
4.40     33.26     2.75     74900
4.40     33.26     2.63     75403
4.28     33.38     2.50     75906
4.17     33.38     2.38     76408
4.06     33.38     2.25     76910
4.06     33.38     2.19     77413
3.94     33.38     2.06     77916
3.83     33.38     1.94     78418
3.72     33.38     1.88     78921
3.72     33.38     1.69     79424
3.60     33.38     1.63     79927
3.49     33.50     1.50     80429
3.37     33.50     1.44     80931
3.26     33.50     1.31     81434
3.26     33.50     1.25     81937
3.15     33.50     1.12     82440
3.03     33.50     1.00     82942
2.92     33.50     0.94     83445
2.80     33.50     0.81     83948
2.80     33.50     0.69     84450
2.69     33.50     0.56     84953
2.57     33.50     0.50     85455
2.57     33.50     0.37     85958
2.46     33.50     0.31     86461
2.46     33.50     0.19     86964
2.34     33.50     0.12     87465
2.23     33.62     0.00     87968
2.23     33.50     -0.12     88471
2.11     33.62     -0.19     88974
2.00     33.50     -0.31     89477
2.00     33.50     -0.37     89979
1.88     33.62     -0.50     90482
1.77     33.62     -0.56     90984
1.77     33.62     -0.69     91487
1.65     33.62     -0.75     91990
1.53     33.62     -0.81     92492
1.53     33.62     -0.94     92995
1.30     33.62     -1.06     93498
1.30     33.74     -1.12     94001
1.30     33.62     -1.25     94502
1.19     33.74     -1.31     95005
1.07     33.62     -1.37     95508
1.07     33.74     -1.50     96011
0.95     33.74     -1.56     96514
0.84     33.74     -1.69     97016
0.84     33.74     -1.75     97519
0.72     33.74     -1.81     98021
0.72     33.74     -1.88     98524
0.60     33.74     -2.00     99026
0.49     33.74     -2.06     99529
0.49     33.74     -2.13     100032
0.37     33.87     -2.25     100535
0.25     33.87     -2.31     101038
0.25     33.87     -2.44     101540
0.13     33.87     -2.50     102043
0.02     33.87     -2.56     102545
0.02     33.87     -2.63     103048
0.02     33.87     -2.69     103550
-0.10     33.87     -2.81     104053
-0.10     33.87     -2.88     104556
-0.22     33.87     -2.94     105059
-0.34     33.87     -3.06     105562
-0.34     33.87     -3.13     106064
-0.46     33.87     -3.19     106567
-0.46     33.87     -3.25     107070
-0.46     33.87     -3.38     107572
-0.57     33.87     -3.44     108075
-0.69     33.87     -3.50     108577
-0.69     33.99     -3.56     109080
-0.81     33.99     -3.63     109583
-0.81     33.99     -3.69     110086
-0.81     33.99     -3.81     110588
-0.93     33.99     -3.88     111091
-1.05     33.99     -3.88     111594
-1.05     33.99     -4.00     112097
-1.17     33.99     -4.06     112599
-1.17     33.99     -4.13     113101
-1.29     33.99     -4.19     113604
-1.41     33.99     -4.25     114107
-1.41     34.11     -4.31     114610
-1.41     34.11     -4.38     115112
-1.53     33.99     -4.50     115615
-1.53     33.99     -4.56     116118
-1.65     34.11     -4.63     116621
-1.77     34.11     -4.69     117124
-1.77     34.11     -4.75     117626
-1.77     34.11     -4.75     118129
-1.89     34.11     -4.88     118631
-1.89     34.11     -4.94     119134
-2.01     34.11     -5.00     119636
-2.01     34.11     -5.06     120139
-2.01     34.11     -5.13     120642
-2.13     34.11     -5.19     121145
-2.13     34.11     -5.25     121648
-2.25     34.11     -5.31     122150
-2.25     34.11     -5.38     122653
-2.37     34.11     -5.44     123156
-2.37     34.11     -5.50     123659
-2.37     34.11     -5.56     124162
-2.49     34.11     -5.63     124663
-2.49     34.11     -5.69     125166
-2.61     34.24     -5.75     125669
-2.61     34.24     -5.75     126172
-2.61     34.11     -5.88     126674
-2.73     34.24     -5.94     127177
-2.73     34.24     -5.94     127680
-2.86     34.24     -6.00     128183
-2.86     34.24     -6.06     128686
-2.86     34.24     -6.06     129188
-2.98     34.24     -6.19     129691
-2.98     34.24     -6.25     130194
-3.10     34.24     -6.31     130696
-3.10     34.24     -6.31     131198
-3.10     34.24     -6.38     131701
-3.22     34.24     -6.44     132204
-3.22     34.24     -6.50     132707
-3.22     34.24     -6.56     133210
-3.34     34.11     -6.56     133712
-3.34     34.24     -6.63     134215
-3.47     34.24     -6.69     134718
-3.47     34.24     -6.75     135221
-3.47     34.24     -6.81     135724
-3.59     34.24     -6.88     136226
-3.59     34.24     -6.88     136728
-3.71     34.36     -6.94     137231
-3.71     34.24     -7.00     137734
-3.71     34.24     -7.06     138236
-3.84     34.24     -7.13     138739
-3.84     34.24     -7.13     139242
-3.84     34.24     -7.19     139745
-3.84     34.24     -7.25     140248
-3.96     34.24     -7.31     140750
-3.96     34.24     -7.38     141253
-4.08     34.24     -7.38     141756
-4.08     34.24     -7.44     142259
-4.08     34.24     -7.44     142760
-4.21     34.24     -7.50     143263
-4.21     34.24     -7.56     143766
-4.21     34.36     -7.63     144269
-4.33     34.36     -7.69     144772
-4.33     34.36     -7.75     145274
-4.46     34.36     -7.75     145777
-4.46     34.36     -7.81     146280
-4.46     34.36     -7.88     146783
-4.46     34.36     -7.94     147286
-4.58     34.36     -7.94     147788
-4.58     34.36     -8.00     148290
-4.71     34.36     -8.00     148793
-4.71     34.36     -8.06     149296
-4.71     34.36     -8.13     149798
-4.83     34.36     -8.19     150301
-4.83     34.36     -8.19     150804
-4.96     34.36     -8.25     151307
-4.83     34.36     -8.31     151810
-4.96     34.36     -8.31     152312
-4.96     34.36     -8.38     152815
-5.08     34.36     -8.44     153318
-5.08     34.36     -8.44     153820
-5.08     34.36     -8.50     154322
-5.21     34.36     -8.56     154825
-5.21     34.48     -8.56     155328
-5.21     34.48     -8.63     155831
-5.33     34.48     -8.63     156334
-5.21     34.48     -8.69     156836
-5.33     34.48     -8.75     157339
-5.33     34.48     -8.75     157842
-5.33     34.48     -8.81     158345
-5.46     34.48     -8.88     158848
-5.46     34.48     -8.88     159350
-5.59     34.48     -8.94     159852
-5.59     34.48     -8.94     160355
-5.59     34.48     -9.00     160858
-5.59     34.48     -9.00     161360
-5.59     34.48     -9.06     161863
-5.59     34.48     -9.06     162366
-5.71     34.48     -9.13     162869
-5.71     34.48     -9.19     163372
-5.71     34.48     -9.19     163874
-5.71     34.61     -9.25     164377
-5.84     34.48     -9.25     164879
-5.84     34.48     -9.31     165382
-5.84     34.48     -9.38     165884
-5.97     34.48     -9.38     166387
-5.97     34.48     -9.44     166890
-6.09     34.48     -9.44     167393
-6.09     34.61     -9.44     167896
-6.09     34.61     -9.50     168398
-6.09     34.61     -9.56     168901
-6.22     34.61     -9.56     169404
-6.22     34.61     -9.63     169907
-6.22     34.61     -9.63     170408
-6.22     34.61     -9.69     170911
-6.22     34.61     -9.75     171414
-6.22     34.61     -9.75     171917
-6.35     34.61     -9.75     172420
-6.35     34.61     -9.81     172922
-6.35     34.61     -9.81     173425
-6.48     34.61     -9.88     173928
-6.48     34.61     -9.88     174431
-6.48     34.61     -9.94     174934
-6.61     34.61     -9.94     175436
-6.61     34.73     -10.00     175939
-6.74     34.61     -10.00     176441
-6.61     34.73     -10.00     176944
-6.74     34.73     -10.06     177446
-6.74     34.73     -10.06     177949
-6.74     34.73     -10.13     178452
-6.74     34.73     -10.13     178955
-6.86     34.73     -10.19     179458
-6.86     34.73     -10.19     179960
-6.86     34.73     -10.25     180463
-6.86     34.73     -10.25     180966
-6.86     34.73     -10.31     181469
-6.86     34.73     -10.31     181971
-6.99     34.73     -10.31     182474
-6.99     34.73     -10.38     182977
-6.99     34.73     -10.38     183480
-6.99     34.73     -10.44     183983
-7.12     34.73     -10.44     184485
-7.12     34.73     -10.44     184988
-7.12     34.73     -10.50     185491
-7.12     34.73     -10.50     185994
-7.25     34.73     -10.50     186497
-7.25     34.73     -10.56     186998
-7.25     34.73     -10.56     187501
-7.38     34.73     -10.56     188004
-7.25     34.73     -10.63     188507
-7.38     34.73     -10.63     189009
-7.38     34.73     -10.63     189512
-7.38     34.73     -10.69     190015
-7.38     34.73     -10.69     190518
-7.38     34.73     -10.75     191021
-7.38     34.73     -10.75     191523
-7.51     34.73     -10.81     192026
-7.51     34.73     -10.81     192529
-7.51     34.73     -10.81     193032
-7.51     34.73     -10.81     193534
-7.51     34.73     -10.88     194037
-7.51     34.73     -10.88     194540
-7.51     34.73     -10.94     195043
-7.64     34.73     -10.94     195546
-7.64     34.73     -10.94     196048
-7.64     34.73     -11.00     196551
-7.64     34.73     -11.00     197054
-7.64     34.73     -11.06     197557
-7.64     34.73     -11.06     198060
-7.64     34.73     -11.06     198562
-7.78     34.73     -11.13     199065
-7.64     34.73     -11.13     199568
-7.78     34.73     -11.19     200070
-7.78     34.73     -11.19     200572
-7.78     34.73     -11.19     201075
-7.78     34.73     -11.25     201578
-7.78     34.73     -11.25     202081
-7.91     34.73     -11.31     202584
-7.91     34.85     -11.31     203086
-7.91     34.73     -11.31     203589
-8.04     34.85     -11.31     204092
-8.04     34.85     -11.38     204595
-8.04     34.85     -11.38     205097
-8.04     34.85     -11.44     205600
-8.04     34.85     -11.44     206103
-8.17     34.85     -11.44     206606
-8.04     34.85     -11.50     207109
-8.17     34.85     -11.50     207611
-8.17     34.73     -11.50     208114
-8.17     34.85     -11.56     208617
-8.30     34.73     -11.56     209120
-8.30     34.85     -11.56     209623
-8.30     34.85     -11.63     210125
-8.30     34.85     -11.63     210628
-8.30     34.85     -11.63     211131
-8.30     34.85     -11.69     211634
-8.30     34.85     -11.69     212136
-8.30     34.85     -11.69     212639
-8.30     34.85     -11.69     213141
-8.43     34.85     -11.75     213644
-8.30     34.85     -11.75     214147
-8.30     34.73     -11.75     214649
-8.30     34.73     -11.81     215152
-8.43     34.85     -11.81     215655
-8.43     34.85     -11.81     216158
-8.43     34.85     -11.88     216660
-8.57     34.85     -11.88     217163
-8.43     34.85     -11.88     217666
-8.43     34.73     -11.94     218169
-8.43     34.85     -11.94     218672
-8.57     34.85     -11.94     219174
-8.57     34.85     -11.94     219677
-8.57     34.85     -12.00     220180
-8.57     34.85     -12.00     220683
-8.57     34.85     -12.00     221186
-8.57     34.85     -12.00     221688
-8.70     34.85     -12.06     222191
-8.70     34.85     -12.06     222694
-8.70     34.85     -12.06     223197
-8.70     34.85     -12.13     223699
-8.70     34.85     -12.13     224202
-8.70     34.85     -12.13     224705
-8.70     34.85     -12.19     225208
-8.70     34.85     -12.19     225711
-8.70     34.85     -12.19     226212
-8.83     34.85     -12.19     226715
-8.83     34.85     -12.25     227218
-8.83     34.73     -12.25     227721
-8.83     34.85     -12.25     228224
-8.97     34.85     -12.31     228726
-8.97     34.85     -12.31     229229
-8.83     34.85     -12.31     229732
-8.83     34.85     -12.31     230235
-8.97     34.85     -12.38     230737
-8.97     34.85     -12.38     231240
-8.97     34.85     -12.38     231743
-8.97     34.85     -12.38     232246
-8.97     34.85     -12.44     232749
-9.10     34.85     -12.44     233251
-9.10     34.85     -12.44     233754
-9.10     34.85     -12.44     234257
-8.97     34.85     -12.50     234760
-9.10     34.85     -12.50     235262
-9.10     34.85     -12.50     235765
-9.10     34.85     -12.50     236268
-9.10     34.85     -12.56     236771
-9.10     34.85     -12.56     237274
-9.24     34.85     -12.56     237776
-9.24     34.85     -12.56     238279
-9.24     34.98     -12.63     238782
-9.24     34.85     -12.63     239285
-9.37     34.98     -12.63     239788
-9.24     34.98     -12.63     240289
-9.37     34.98     -12.69     240792
-9.37     34.98     -12.69     241295
-9.37     34.98     -12.69     241798
-9.51     34.98     -12.69     242300
-9.37     34.98     -12.69     242803
-9.37     34.98     -12.75     243306
-9.51     34.98     -12.75     243809
-9.51     34.98     -12.75     244312
-9.51     34.98     -12.75     244814
-9.51     34.98     -12.75     245317
-9.51     34.98     -12.81     245820
-9.51     34.98     -12.81     246323
-9.51     34.98     -12.81     246825
-9.51     34.98     -12.81     247328
-9.51     34.98     -12.81     247831
-9.51     34.98     -12.88     248334
-9.51     34.98     -12.88     248837
-9.51     34.98     -12.88     249339
-9.51     34.98     -12.88     249842
-9.51     34.98     -12.88     250345
-9.51     34.98     -12.88     250848
-9.64     34.98     -12.94     251351
-9.64     34.98     -12.94     251853
-9.51     34.98     -12.94     252356
-9.64     34.98     -12.94     252859
-9.64     34.98     -12.94     253362
-9.64     34.98     -13.00     253864
-9.64     34.98     -13.00     254367
-9.78     34.98     -13.00     254870
-9.78     34.98     -13.00     255372
-9.78     34.98     -13.00     255875
-9.78     35.10     -13.00     256377
-9.78     35.10     -13.06     256880
-9.78     35.10     -13.06     257383
-9.91     35.10     -13.06     257886
-9.78     35.10     -13.06     258388
-9.91     35.10     -13.06     258891
-9.91     35.10     -13.06     259394
-9.91     35.10     -13.06     259897
-9.91     35.10     -13.13     260400
-9.91     35.10     -13.06     260902
-9.91     35.10     -13.13     261405
-9.91     35.10     -13.13     261908
-10.05     35.10     -13.13     262411
-9.91     35.10     -13.13     262914
-9.91     35.10     -13.13     263416
-10.05     35.10     -13.19     263919
-10.05     35.10     -13.19     264422
-10.05     35.10     -13.19     264925
-10.05     34.98     -13.19     265427
-10.05     35.10     -13.19     265930
-10.05     34.98     -13.19     266433
-10.05     34.98     -13.25     266936
-10.05     35.10     -13.25     267439
-10.05     35.10     -13.25     267941
-10.05     35.10     -13.25     268444
-10.05     35.10     -13.25     268947
-10.05     35.10     -13.25     269450
-10.19     35.10     -13.25     269953
-10.19     35.10     -13.31     270455
-10.19     35.10     -13.31     270958
-10.05     35.10     -13.31     271461
-10.19     35.10     -13.31     271964
-10.19     35.10     -13.31     272466
-10.19     35.10     -13.31     272969
-10.19     35.10     -13.38     273472
-10.19     35.10     -13.38     273975
-10.19     35.10     -13.38     274478
-10.19     35.10     -13.38     274980
-10.19     35.10     -13.38     275483
-10.19     35.10     -13.38     275986
-10.19     35.10     -13.38     276489
-10.32     35.10     -13.44     276992
-10.32     35.10     -13.44     277494
-10.32     35.10     -13.44     277997
-10.32     35.10     -13.44     278500
-10.32     35.10     -13.44     279003
-10.32     35.23     -13.44     279505
-10.32     35.23     -13.44     280008
-10.32     35.10     -13.44     280511
-10.32     35.10     -13.50     281014
-10.32     35.10     -13.50     281517
-10.32     35.10     -13.50     282019
-10.32     35.10     -13.50     282522
-10.32     35.10     -13.50     283025
-10.32     35.10     -13.50     283528
-10.32     35.10     -13.56     284030
-10.46     35.23     -13.56     284533
-10.46     35.10     -13.56     285036
-10.46     35.10     -13.56     285539
-10.46     35.10     -13.56     286042
-10.46     35.10     -13.56     286544
-10.46     35.10     -13.56     287047
-10.46     35.23     -13.63     287550
-10.46     35.23     -13.56     288053
-10.46     35.23     -13.63     288556
-10.46     35.10     -13.63     289058
-10.46     35.23     -13.63     289561
-10.46     35.23     -13.63     290064
-10.60     35.10     -13.63     290567
-10.46     35.10     -13.63     291069
-10.46     35.10     -13.69     291572
-10.46     35.10     -13.69     292075
-10.46     35.10     -13.69     292578
-10.46     35.23     -13.69     293081
-10.60     35.23     -13.69     293583
-10.60     35.23     -13.69     294086
-10.60     35.23     -13.69     294589
-10.60     35.10     -13.75     295092
-10.60     35.10     -13.75     295595
-10.60     35.10     -13.75     296097
-10.60     35.23     -13.75     296600
-10.60     35.23     -13.75     297103
-10.60     35.23     -13.75     297606
-10.60     35.23     -13.75     298108
-10.60     35.23     -13.75     298611
-10.74     35.23     -13.75     299114
-10.74     35.23     -13.81     299617
-10.60     35.23     -13.81     300120
-10.74     35.23     -13.81     300622
-10.60     35.23     -13.81     301125
-10.74     35.23     -13.81     301628
-10.74     35.23     -13.81     302131
-10.74     35.23     -13.81     302633
-10.60     35.35     -13.81     303136
-10.74     35.23     -13.88     303639
-10.74     35.35     -13.88     304142
-10.87     35.35     -13.88     304645
-10.74     35.23     -13.88     305147
-10.74     35.23     -13.88     305650
-10.87     35.23     -13.88     306153
-10.87     35.23     -13.88     306656
-10.74     35.35     -13.88     307160
-10.87     35.23     -13.88     307662
-10.87     35.23     -13.88     308165
-10.74     35.23     -13.94     308668
-10.87     35.23     -13.94     309171
-10.87     35.23     -13.94     309673
-10.87     35.23     -13.94     310176
-10.87     35.23     -13.94     310679
-10.87     35.23     -13.94     311182
-10.87     35.23     -13.94     311685
-10.87     35.23     -13.94     312187
-10.87     35.23     -13.94     312690
-10.87     35.23     -13.94     313193
-10.87     35.23     -14.00     313696
-10.74     35.23     -13.94     314199
-10.87     35.23     -14.00     314701
-10.87     35.23     -13.94     315204
-10.74     35.10     -14.00     315707
-10.87     35.10     -14.00     316210
-10.74     35.10     -14.00     316712
-10.74     35.10     -14.00     317215
-10.87     35.10     -14.00     317718
-10.87     35.10     -14.00     318221
-10.87     35.10     -14.00     318724
-10.87     35.23     -14.00     319226
-10.87     35.10     -14.00     319729
-10.87     35.10     -14.06     320232
-10.87     35.23     -14.06     320735
-10.87     35.23     -14.06     321238
-10.87     35.23     -14.06     321740
-10.87     35.23     -14.06     322243
-11.01     35.23     -14.06     322746
-10.87     35.10     -14.06     323249
-10.87     35.23     -14.06     323751
-11.01     35.23     -14.06     324254
-11.01     35.23     -14.06     324757
-11.01     35.23     -14.13     325260
-11.01     35.23     -14.13     325763
-11.01     35.23     -14.06     326265
-11.01     35.23     -14.13     326768
-11.01     35.23     -14.13     327271
-11.01     35.23     -14.13     327774
-11.01     35.23     -14.13     328276
-11.01     35.23     -14.13     328779
-11.15     35.23     -14.13     329282
-11.15     35.35     -14.13     329785
-11.15     35.23     -14.13     330288
-11.15     35.35     -14.13     330790
-11.15     35.35     -14.13     331293
-11.15     35.35     -14.13     331796
-11.15     35.35     -14.19     332299
-11.15     35.35     -14.19     332802
-11.15     35.35     -14.19     333304
-11.15     35.35     -14.19     333807
-11.15     35.35     -14.19     334310
-11.29     35.35     -14.19     334813
-11.29     35.35     -14.19     335315
-11.29     35.35     -14.19     335818
-11.29     35.48     -14.19     336321
-11.29     35.35     -14.19     336824
-11.29     35.48     -14.19     337327
-11.29     35.35     -14.25     337829
-11.29     35.48     -14.19     338332
-11.29     35.48     -14.19     338835
-11.29     35.35     -14.25     339338
-11.29     35.35     -14.25     339841
-11.29     35.48     -14.25     340343
-11.29     35.35     -14.25     340846
-11.29     35.35     -14.25     341349
-11.29     35.35     -14.25     341852
-11.29     35.35     -14.25     342354
-11.29     35.35     -14.25     342857
-11.29     35.35     -14.25     343360
-11.29     35.35     -14.25     343863
-11.29     35.35     -14.25     344366
-11.29     35.35     -14.25     344868
-11.29     35.35     -14.25     345371
-11.29     35.35     -14.25     345874
-11.43     35.35     -14.25     346377
-11.29     35.35     -14.31     346880
-11.29     35.35     -14.25     347382
-11.29     35.35     -14.31     347885
-11.29     35.35     -14.31     348388
-11.29     35.35     -14.31     348891
-11.29     35.35     -14.31     349393
-11.29     35.35     -14.31     349896
-11.29     35.35     -14.31     350399
-11.29     35.35     -14.31     350902
-11.29     35.35     -14.31     351405
-11.29     35.35     -14.31     351907
-11.29     35.23     -14.31     352410
-11.29     35.23     -14.31     352913
-11.29     35.23     -14.31     353416
-11.29     35.23     -14.31     353918
-11.15     35.23     -14.31     354421
-11.15     35.23     -14.31     354924
-11.15     35.23     -14.31     355427
-11.15     35.23     -14.38     355930
-11.15     35.23     -14.31     356432
-11.15     35.23     -14.31     356935
-11.15     35.23     -14.38     357438
-11.15     35.10     -14.38     357941
-11.15     35.23     -14.38     358444
-11.15     35.23     -14.38     358946
-11.15     35.23     -14.38     359449
-11.15     35.10     -14.38     359952
-11.15     35.10     -14.38     360455
-11.15     35.10     -14.38     360957
-11.15     35.10     -14.38     361460
-11.15     35.10     -14.38     361963
-11.29     35.10     -14.38     362466
-11.15     35.10     -14.38     362969
-11.29     35.10     -14.44     363471
-11.15     35.23     -14.44     363974
-11.29     35.10     -14.44     364477
-11.29     35.10     -14.44     364980
-11.29     35.10     -14.44     365483
-11.15     35.10     -14.44     365985
-11.29     35.10     -14.44     366488
-11.15     35.10     -14.44     366991
-11.15     35.10     -14.44     367494
-11.15     35.10     -14.44     367996
-11.15     35.10     -14.44     368499
-11.15     35.10     -14.44     369002
-11.29     35.10     -14.44     369505
-11.15     35.10     -14.44     370008
-11.29     35.10     -14.44     370510
-11.15     35.10     -14.44     371013
-11.29     35.10     -14.44     371516
-11.29     35.10     -14.44     372019
-11.29     35.10     -14.44     372521
-11.15     35.10     -14.44     373024
-11.29     35.10     -14.50     373527
-11.29     35.10     -14.50     374030
-11.29     35.10     -14.50     374533
-11.29     35.10     -14.50     375035
-11.29     35.10     -14.50     375538
-11.29     35.10     -14.50     376041
-11.29     35.23     -14.50     376544
-11.29     35.10     -14.50     377047
-11.29     35.10     -14.50     377549
-11.43     35.10     -14.50     378052
-11.29     35.23     -14.50     378555
-11.43     35.23     -14.50     379058
-11.29     35.23     -14.50     379560
-11.43     35.23     -14.50     380063
-11.43     35.23     -14.50     380566
-11.43     35.23     -14.50     381069
-11.43     35.23     -14.50     381572
-11.43     35.23     -14.50     382074
-11.43     35.23     -14.50     382577
-11.43     35.23     -14.50     383080
-11.43     35.23     -14.50     383583
-11.57     35.23     -14.44     384086
-11.57     35.23     -14.44     384588
-11.57     35.23     -14.50     385091
-11.57     35.23     -14.44     385594
-11.57     35.23     -14.50     386097
-11.57     35.23     -14.50     386600
-11.57     35.23     -14.50     387102
-11.57     35.23     -14.50     387606
-11.57     35.23     -14.50     388108
-11.57     35.35     -14.50     388612
-11.57     35.23     -14.50     389113
-11.57     35.35     -14.50     389617
-11.57     35.35     -14.50     390119
-11.57     35.35     -14.50     390623
-11.57     35.23     -14.50     391124
-11.57     35.23     -14.50     391628
-11.57     35.23     -14.50     392130
-11.57     35.23     -14.50     392634
-11.57     35.23     -14.50     393136
-11.57     35.23     -14.50     393639
-11.57     35.23     -14.50     394141
-11.43     35.35     -14.50     394645
-11.57     35.23     -14.50     395147
-11.57     35.23     -14.50     395651
-11.57     35.23     -14.50     396152
-11.57     35.23     -14.50     396656
-11.57     35.23     -14.50     397158
-11.57     35.23     -14.50     397662
-11.57     35.23     -14.50     398163
-11.57     35.23     -14.50     398667
-11.57     35.10     -14.56     399169
-11.57     35.10     -14.56     399673
-11.57     35.23     -14.50     400175
-11.43     35.23     -14.56     400678
-11.57     35.23     -14.56     401180
-11.57     35.23     -14.56     401684
-11.57     35.23     -14.56     402186
-11.57     35.23     -14.56     402690
-11.71     35.23     -14.56     403192
-11.71     35.23     -14.56     403695
-11.57     35.23     -14.56     404198
-11.57     35.35     -14.56     404701
-11.57     35.23     -14.56     405203
-11.71     35.23     -14.56     405706
-11.71     35.23     -14.56     406209
-11.71     35.23     -14.56     406712
-11.71     35.23     -14.56     407215
-11.71     35.23     -14.56     407717
-11.71     35.23     -14.56     408220
-11.71     35.23     -14.56     408723
-11.71     35.23     -14.56     409226
-11.71     35.23     -14.56     409729
-11.71     35.23     -14.56     410231
-11.71     35.23     -14.56     410734
-11.71     35.23     -14.56     411237
-11.71     35.23     -14.56     411740
-11.71     35.23     -14.56     412242
-11.71     35.23     -14.56     412745
-11.71     35.10     -14.56     413248
-11.71     35.23     -14.56     413751
-11.57     35.23     -14.63     414254
-11.71     35.23     -14.56     414756
-11.71     35.23     -14.56     415259
-11.57     35.23     -14.63     415762
-11.71     35.23     -14.63     416265
-11.71     35.23     -14.56     416768
-11.71     35.23     -14.63     417270
-11.71     35.23     -14.63     417773
-11.71     35.23     -14.63     418276
-11.71     35.23     -14.63     418779
-11.71     35.23     -14.63     419281
-11.71     35.23     -14.63     419784
-11.71     35.23     -14.63     420287
-11.71     35.23     -14.63     420790
-11.71     35.23     -14.63     421293
-11.71     35.23     -14.63     421795
-11.71     35.23     -14.63     422298
-11.71     35.23     -14.63     422801
-11.71     35.23     -14.63     423304
-11.71     35.23     -14.63     423806
-11.71     35.23     -14.63     424309
-11.71     35.35     -14.63     424812
-11.86     35.23     -14.63     425315
-11.86     35.23     -14.63     425818
-11.86     35.23     -14.63     426320
-11.71     35.23     -14.63     426823
-11.71     35.23     -14.63     427326
-11.86     35.23     -14.63     427829
-11.71     35.23     -14.63     428332
-11.71     35.23     -14.63     428834
-11.71     35.23     -14.63     429337
-11.86     35.23     -14.63     429840
-11.71     35.23     -14.69     430343
-11.71     35.23     -14.69     430845
-11.71     35.23     -14.69     431348
-11.71     35.23     -14.69     431851
-11.71     35.23     -14.69     432354
-11.71     35.23     -14.69     432857
-11.71     35.10     -14.69     433359
-11.71     35.10     -14.69     433862
-11.71     35.23     -14.69     434365
-11.71     35.23     -14.69     434868
-11.71     35.23     -14.69     435371
-11.71     35.23     -14.69     435873
-11.71     35.23     -14.69     436376
-11.71     35.23     -14.69     436879
-11.71     35.23     -14.69     437382
-11.71     35.23     -14.69     437884
-11.71     35.23     -14.69     438387
-11.71     35.23     -14.69     438890
-11.86     35.10     -14.69     439393
-11.71     35.10     -14.69     439896
-11.71     35.10     -14.69     440398
-11.71     35.10     -14.69     440901
-11.71     35.10     -14.69     441404
-11.71     35.10     -14.69     441907
-11.71     35.23     -14.69     442409
-11.71     35.23     -14.69     442912
-11.71     35.23     -14.69     443415
-11.71     35.23     -14.69     443919
-11.71     35.23     -14.75     444421
-11.86     35.23     -14.69     444924
-11.71     35.23     -14.69     445427
-11.86     35.23     -14.69     445930
-11.71     35.23     -14.69     446433
-11.71     35.23     -14.69     446936
-11.86     35.23     -14.69     447438
-11.71     35.23     -14.69     447941
-11.86     35.23     -14.75     448444
-11.86     35.23     -14.75     448947
-11.86     35.10     -14.75     449449
-11.86     35.10     -14.75     449952
-11.71     35.10     -14.75     450455
-11.71     35.10     -14.75     450958
-11.71     35.10     -14.75     451461
-11.71     35.10     -14.75     451963
-11.71     35.10     -14.75     452466
-11.71     35.10     -14.75     452969
-11.71     35.10     -14.75     453472
-11.71     35.10     -14.75     453975
-11.71     35.10     -14.75     454477
-11.71     35.10     -14.75     454980
-11.71     35.10     -14.75     455483
-11.71     35.23     -14.75     455986
-11.71     35.10     -14.75     456488
-11.71     35.10     -14.75     456991
-11.71     35.10     -14.75     457494
-11.71     35.10     -14.75     457997
-11.71     35.23     -14.75     458500
-11.71     35.23     -14.75     459002
-11.86     35.10     -14.75     459505
-11.71     35.10     -14.81     460008
-11.86     35.23     -14.75     460511
-11.86     35.23     -14.75     461014
-11.86     35.23     -14.81     461516
-11.86     35.23     -14.75     462019
-11.86     35.23     -14.81     462522
-11.86     35.23     -14.81     463025
-11.71     35.23     -14.81     463527
-11.86     35.23     -14.81     464030
-11.86     35.23     -14.81     464533
-11.86     35.23     -14.81     465036
-11.86     35.23     -14.81     465539
-11.86     35.23     -14.81     466041
-11.86     35.23     -14.81     466544
-11.86     35.23     -14.81     467047
-11.86     35.23     -14.81     467550
-11.86     35.23     -14.81     468052
-11.86     35.35     -14.81     468555
-11.86     35.35     -14.81     469058
-11.86     35.23     -14.81     469561
-12.00     35.23     -14.81     470064
-12.00     35.23     -14.81     470566
-12.00     35.35     -14.81     471069
-11.86     35.35     -14.81     471572
-11.86     35.23     -14.81     472075
-11.86     35.35     -14.81     472578
-11.86     35.35     -14.81     473080
-12.00     35.23     -14.81     473583
-12.00     35.23     -14.81     474086
-12.00     35.23     -14.81     474589
-12.00     35.23     -14.81     475091
-12.00     35.35     -14.81     475594
-12.00     35.35     -14.81     476097
-12.00     35.35     -14.81     476600
-12.00     35.23     -14.81     477103
-12.00     35.23     -14.81     477605
-12.00     35.35     -14.81     478108
-12.00     35.35     -14.81     478611
-12.00     35.35     -14.81     479114
-12.00     35.23     -14.81     479617
-12.00     35.23     -14.81     480119
-12.00     35.23     -14.81     480622
-12.00     35.23     -14.81     481125
-12.00     35.23     -14.81     481628
-11.86     35.23     -14.81     482130
-11.86     35.23     -14.81     482633
-12.00     35.23     -14.81     483136
-12.00     35.23     -14.81     483639
-11.86     35.23     -14.81     484142
-12.00     35.35     -14.81     484644
-11.86     35.23     -14.81     485147
-12.00     35.23     -14.81     485650
-12.00     35.23     -14.81     486153
-12.00     35.23     -14.81     486656
-12.00     35.23     -14.81     487158
-12.00     35.35     -14.81     487661
-12.00     35.23     -14.81     488164
-12.00     35.23     -14.81     488667
-12.00     35.23     -14.81     489169
-12.00     35.35     -14.81     489672
-12.00     35.35     -14.81     490175
-12.00     35.35     -14.81     490678
-12.00     35.23     -14.81     491181
-12.14     35.35     -14.81     491683
-12.14     35.35     -14.81     492186
-12.00     35.35     -14.81     492689
-12.14     35.23     -14.81     493192
-12.14     35.35     -14.81     493694
-12.14     35.35     -14.81     494197
-12.14     35.35     -14.81     494700
-12.14     35.35     -14.81     495203
-12.14     35.35     -14.81     495706
-12.14     35.35     -14.81     496208
-12.14     35.35     -14.81     496711
-12.14     35.35     -14.81     497214
-12.14     35.35     -14.81     497717
-12.28     35.35     -14.81     498220
-12.28     35.35     -14.81     498722
-12.14     35.48     -14.81     499225
-12.14     35.48     -14.81     499728
-12.14     35.48     -14.81     500231
-12.14     35.48     -14.81     500733
-12.28     35.48     -14.81     501236
-12.28     35.48     -14.81     501739
-12.28     35.48     -14.81     502242
-12.28     35.48     -14.81     502745
-12.14     35.48     -14.81     503247
-12.28     35.60     -14.81     503750
-12.28     35.60     -14.81     504253
-12.28     35.60     -14.81     504756
-12.28     35.60     -14.81     505259
-12.28     35.60     -14.81     505761
-12.28     35.60     -14.81     506264
-12.42     35.73     -14.81     506767
-12.28     35.73     -14.81     507270
-12.42     35.73     -14.81     507772
-12.28     35.73     -14.81     508275
-12.42     35.73     -14.81     508778
-12.42     35.73     -14.88     509281
-12.28     35.73     -14.88     509784
-12.28     35.73     -14.88     510286
-12.42     35.73     -14.88     510789
-12.42     35.73     -14.88     511292
-12.42     35.73     -14.88     511795
-12.42     35.73     -14.88     512297
-12.42     35.73     -14.88     512800
-12.42     35.73     -14.88     513303
-12.42     35.85     -14.88     513806
-12.42     35.85     -14.88     514309
-12.42     35.85     -14.88     514811
-12.42     35.85     -14.88     515314
-12.42     35.73     -14.88     515817
-12.42     35.85     -14.94     516320
-12.42     35.85     -14.88     516823
-12.42     35.85     -14.94     517325
-12.42     35.85     -14.94     517828
-12.42     35.85     -14.94     518331
-12.42     35.85     -14.94     518834
-12.42     35.85     -14.88     519336
-12.42     35.85     -14.94     519839
-12.42     35.85     -14.94     520342
-12.42     35.85     -14.94     520845
-12.42     35.85     -14.94     521348
-12.57     35.85     -14.94     521850
-12.57     35.85     -14.94     522353
-12.42     35.85     -14.94     522856
-12.57     35.85     -14.94     523359
-12.57     35.85     -14.94     523862
-12.57     35.85     -14.94     524364
-12.57     35.73     -14.94     524867
-12.42     35.85     -14.94     525370
-12.57     35.85     -14.94     525873
-12.57     35.85     -14.94     526375
-12.57     35.85     -14.94     526878
-12.57     35.85     -14.94     527381
-12.57     35.85     -14.94     527884
-12.57     35.85     -14.94     528387
-12.57     35.85     -14.94     528889
-12.57     35.85     -14.94     529392
-12.57     35.85     -14.94     529895
-12.57     35.73     -14.94     530398
-12.57     35.85     -15.00     530900
-12.57     35.85     -15.00     531403
-12.57     35.85     -14.94     531906
-12.57     35.85     -14.94     532409
-12.57     35.85     -14.94     532912
-12.57     35.85     -15.00     533414
-12.57     35.85     -14.94     533917
-12.57     35.85     -14.94     534420
-12.57     35.73     -14.94     534923
-12.57     35.85     -15.00     535426
-12.57     35.73     -14.94     535928
-12.57     35.85     -15.00     536431
-12.57     35.73     -15.00     536934
-12.71     35.73     -14.94     537437
-12.57     35.73     -15.00     537939
-12.57     35.73     -15.00     538442
-12.57     35.73     -15.00     538945
-12.57     35.73     -15.00     539448
-12.71     35.73     -15.00     539951
-12.71     35.73     -15.00     540453
-12.71     35.73     -15.00     540956
-12.57     35.85     -15.00     541459
-12.71     35.73     -15.00     541962
-12.71     35.73     -15.00     542465
-12.57     35.73     -15.00     542967
-12.57     35.85     -15.00     543470
-12.71     35.73     -15.00     543973
-12.71     35.73     -15.00     544476
-12.71     35.73     -15.00     544978
-12.71     35.73     -15.00     545481
-12.57     35.73     -15.00     545984
-12.57     35.73     -15.00     546487
-12.71     35.73     -15.00     546990
-12.71     35.73     -15.00     547492
-12.57     35.73     -15.00     547995
-12.71     35.73     -15.00     548498
-12.71     35.73     -15.00     549001
-12.71     35.73     -15.00     549504
-12.71     35.73     -15.00     550006
-12.71     35.73     -15.00     550509
-12.71     35.60     -15.00     551012
-12.71     35.73     -15.00     551515
-12.71     35.73     -15.00     552017
-12.71     35.73     -15.00     552520
-12.71     35.73     -15.06     553023
-12.71     35.60     -15.00     553526
-12.71     35.73     -15.00     554029
-12.71     35.60     -15.06     554531
-12.71     35.60     -15.00     555034
-12.57     35.60     -15.06     555537
-12.71     35.60     -15.06     556040
-12.71     35.60     -15.06     556542
-12.71     35.73     -15.06     557045
-12.71     35.60     -15.06     557548
-12.71     35.73     -15.00     558051
-12.71     35.73     -15.06     558554
-12.57     35.73     -15.06     559055
-12.71     35.73     -15.06     559559
-12.71     35.73     -15.06     560061
-12.71     35.73     -15.06     560565
-12.71     35.73     -15.06     561067
-12.71     35.73     -15.06     561570
-12.71     35.73     -15.06     562072
-12.71     35.73     -15.06     562576
-12.71     35.73     -15.06     563078
-12.71     35.85     -15.06     563580
-12.71     35.73     -15.06     564083
-12.71     35.73     -15.06     564586
-12.71     35.85     -15.06     565089
-12.71     35.85     -15.06     565592
-12.71     35.73     -15.06     566094
-12.86     35.85     -15.06     566597
-12.71     35.73     -15.06     567100
-12.71     35.85     -15.06     567603
-12.86     35.85     -15.06     568105
-12.86     35.73     -15.06     568608
-12.71     35.73     -15.06     569111
-12.71     35.85     -15.06     569614
-12.86     35.73     -15.06     570117
-12.86     35.85     -15.06     570619
-12.86     35.73     -15.06     571122
-12.86     35.85     -15.06     571625
-12.71     35.85     -15.06     572128
-12.86     35.85     -15.06     572631
-12.86     35.73     -15.06     573133
-12.86     35.85     -15.06     573636
-12.71     35.85     -15.06     574139
-12.86     35.85     -15.06     574642
-12.86     35.85     -15.06     575144
-12.86     35.85     -15.06     575647
-12.86     35.85     -15.06     576150
-12.71     35.85     -15.06     576653
-12.86     35.85     -15.06     577156
-12.86     35.85     -15.06     577658
-12.86     35.85     -15.06     578161
-12.86     35.85     -15.06     578664
-12.86     35.85     -15.06     579167
-12.86     35.85     -15.06     579670
-12.86     35.73     -15.06     580172
-12.86     35.73     -15.06     580675
-12.86     35.85     -15.06     581178
-12.71     35.85     -15.06     581681
-12.86     35.85     -15.06     582183
-12.86     35.85     -15.06     582686
-12.86     35.85     -15.06     583189
-12.86     35.85     -15.06     583692
-12.86     35.85     -15.06     584195
-12.86     35.85     -15.06     584697
-12.86     35.73     -15.06     585200
-12.86     35.85     -15.06     585703
-12.86     35.85     -15.06     586206
-12.86     35.85     -15.06     586708
-12.86     35.85     -15.06     587211
-12.86     35.85     -15.06     587714
-12.86     35.85     -15.06     588217
-12.86     35.85     -15.06     588720
-12.86     35.85     -15.06     589222
-12.86     35.85     -15.06     589725
-12.86     35.85     -15.06     590228
-12.86     35.98     -15.06     590731
-12.86     35.85     -15.06     591234
-12.86     35.85     -15.06     591736
-12.86     35.98     -15.06     592239
-12.86     35.98     -15.06     592742
-12.86     35.85     -15.06     593245
-12.86     35.85     -15.06     593747
-12.86     35.98     -15.06     594250
-12.86     35.98     -15.06     594753
-12.86     35.98     -15.06     595256
-12.86     35.85     -15.06     595759
-12.86     36.10     -15.06     596261
-12.86     35.98     -15.06     596764
-12.86     35.98     -15.06     597267
-12.86     35.98     -15.06     597770
-12.86     35.98     -15.06     598273
-12.86     35.98     -15.06     598775
-12.86     35.98     -15.06     599278
-12.86     35.98     -15.06     599781
-12.86     35.98     -15.06     600284
-12.86     35.98     -15.06     600786
-12.86     35.98     -15.06     601289
-13.00     35.85     -15.06     601792
-13.00     35.98     -15.06     602295
-12.86     35.98     -15.06     602798
-12.86     35.85     -15.06     603300
-12.86     35.98     -15.06     603803
-12.86     35.98     -15.06     604306
-12.86     35.98     -15.06     604809
-12.86     35.98     -15.06     605312
-12.86     35.98     -15.06     605814
-13.00     35.98     -15.06     606317
-12.86     35.98     -15.00     606820
-13.00     35.98     -15.06     607323
-12.86     35.98     -15.06     607825
-12.86     35.98     -15.06     608328
-13.00     35.98     -15.06     608831
-12.86     35.98     -15.00     609334
-12.86     36.10     -15.00     609837
-13.00     35.98     -15.06     610339
-12.86     35.98     -15.00     610842
-12.86     36.10     -15.00     611345
-13.00     36.10     -15.06     611848
-12.86     36.10     -15.06     612350
-12.86     36.10     -15.00     612853
-12.86     36.10     -15.06     613356
-12.86     36.10     -15.00     613859
-13.00     36.10     -15.00     614362
-12.86     36.10     -15.06     614864
-13.00     36.10     -15.00     615367
-13.00     36.10     -15.00     615870
-12.86     36.10     -15.06     616373
-12.86     36.10     -15.06     616876
-13.00     36.10     -15.06     617378
-13.00     35.98     -15.00     617881
-12.86     36.10     -15.00     618384
-12.86     36.10     -15.06     618887
-13.00     36.10     -15.06     619389
-13.00     36.10     -15.06     619892
-13.00     35.98     -15.06     620395
-12.86     35.98     -15.06     620898
-13.00     36.10     -15.00     621401
-13.00     36.10     -15.06     621903
-13.00     36.10     -15.06     622406
-13.00     36.10     -15.06     622909
-13.00     36.10     -15.06     623412
-13.00     36.10     -15.06     623915
-12.86     36.10     -15.06     624417
-13.00     36.10     -15.06     624920
-13.00     36.10     -15.06     625423
-13.00     36.10     -15.06     625926
-13.00     36.10     -15.06     626428
-13.00     36.10     -15.06     626931
-13.00     36.10     -15.06     627434
-13.00     36.10     -15.06     627937
-13.00     36.10     -15.06     628440
-13.00     36.10     -15.06     628942
-13.00     36.10     -15.06     629445
-13.00     36.10     -15.06     629948
-13.00     36.10     -15.06     630451
-13.00     36.10     -15.06     630953
-13.00     36.10     -15.06     631456
-13.00     36.10     -15.06     631959
-12.86     36.10     -15.06     632462
-13.00     36.23     -15.06     632965
-13.00     36.23     -15.06     633467
-12.86     36.10     -15.06     633970
-13.00     36.10     -15.06     634473
-13.00     36.23     -15.06     634976
-13.00     36.23     -15.06     635478
-13.00     36.23     -15.06     635981
-13.00     36.23     -15.06     636483
-13.00     36.23     -15.06     636986
-13.00     36.10     -15.06     637489
-13.00     36.23     -15.06     637991
-13.00     36.23     -15.06     638494
-13.00     36.23     -15.06     638997
-13.00     36.23     -15.06     639500
-13.00     36.23     -15.06     640003
-13.00     36.10     -15.06     640505
-13.00     36.23     -15.06     641008
-13.00     36.23     -15.06     641511
-13.00     36.23     -15.06     642014
-13.00     36.23     -15.06     642516
-13.00     36.23     -15.06     643019
-13.00     36.23     -15.06     643522
-13.00     36.23     -15.06     644025
-13.00     36.23     -15.06     644528
-13.00     36.23     -15.06     645030
-13.00     36.23     -15.06     645533
-13.00     36.23     -15.06     646036
-13.00     36.23     -15.06     646539
-13.00     36.23     -15.06     647042
-13.00     36.23     -15.06     647544
-13.00     36.23     -15.06     648047
-13.00     36.23     -15.06     648550
-13.00     36.23     -15.06     649053
-13.00     36.23     -15.06     649555
-13.00     36.23     -15.06     650058
-13.00     36.23     -15.06     650561
-13.00     36.23     -15.06     651064
-13.00     36.23     -15.06     651567
-13.00     36.23     -15.06     652069
-13.00     36.23     -15.06     652572
-13.00     36.23     -15.06     653075
-13.00     36.23     -15.06     653578
-13.00     36.23     -15.06     654081
-13.00     36.23     -15.06     654583
-13.00     36.23     -15.06     655086
-13.00     36.23     -15.06     655589
-13.00     36.36     -15.06     656092
-13.00     36.23     -15.06     656594
-13.00     36.10     -15.06     657097
-13.00     36.23     -15.06     657600
-13.00     36.10     -15.06     658103
-13.00     36.23     -15.06     658606
-13.00     36.23     -15.06     659108
-13.00     36.23     -15.06     659611
-13.00     36.23     -15.06     660114
-13.00     36.10     -15.06     660617
-13.00     36.10     -15.06     661120
-13.00     36.10     -15.06     661622
-13.00     36.10     -15.06     662125
-13.00     36.23     -15.06     662628
-13.00     36.23     -15.06     663131
-13.00     36.23     -15.06     663633
-13.00     36.23     -15.06     664136
-13.00     36.23     -15.06     664639
-13.00     36.23     -15.06     665142
-13.00     36.23     -15.06     665645
-13.15     36.23     -15.06     666147
-13.00     36.23     -15.06     666650
-13.00     36.23     -15.06     667153
-13.00     36.23     -15.06     667656
-13.00     36.23     -15.00     668158
-13.00     36.23     -15.00     668661
-13.00     36.10     -15.06     669164
-13.00     36.23     -15.00     669666
-13.00     36.10     -15.00     670170
-13.00     36.23     -15.00     670671
-13.00     36.10     -15.00     671174
-13.00     36.23     -15.00     671677
-13.00     36.23     -15.00     672180
-13.00     36.23     -15.00     672683
-13.15     36.23     -15.00     673185
-13.00     36.23     -15.00     673688
-13.00     36.23     -15.00     674191
-13.00     36.23     -15.00     674694
-13.00     36.23     -15.00     675196
-13.00     36.10     -15.00     675699
-13.00     36.23     -15.00     676202
-13.00     36.23     -15.00     676705
-13.00     36.23     -15.00     677208
-13.00     36.23     -15.00     677710
-13.00     36.23     -15.00     678213
-13.15     36.23     -15.00     678716
-13.00     36.23     -15.00     679219
-13.00     36.23     -15.00     679721
-13.00     36.23     -14.94     680224
-13.00     36.10     -14.94     680727
-13.00     36.10     -15.00     681230
-13.00     36.10     -14.94     681733
-13.00     36.10     -14.94     682235
-13.00     36.10     -14.94     682738
-13.00     36.10     -14.94     683241
-13.15     36.10     -14.94     683744
-13.00     36.10     -14.94     684247
-13.00     36.10     -14.94     684749
-13.00     36.10     -14.94     685252
-13.00     36.10     -14.94     685755
-13.00     35.98     -14.94     686258
-13.00     36.10     -14.94     686760
-13.00     36.10     -14.94     687263
-13.00     36.10     -14.94     687766
-13.00     36.10     -14.94     688269
-13.00     36.10     -14.94     688772
-13.00     36.23     -14.94     689274
-13.00     36.10     -14.94     689777
-13.00     36.10     -14.94     690280
-13.00     36.10     -14.94     690783
-13.00     36.10     -14.94     691286
-13.00     36.10     -14.94     691788
-13.15     36.10     -14.94     692291
-13.00     36.10     -14.94     692794
-13.00     36.10     -14.88     693297
-13.00     36.10     -14.88     693799
-13.00     36.10     -14.88     694302
-13.15     36.10     -14.88     694805
-13.00     36.10     -14.88     695308
-13.00     36.10     -14.88     695811
-13.00     36.10     -14.88     696313
-13.00     36.10     -14.75     696816
-13.00     36.10     -14.81     697319
-13.00     36.10     -14.81     697822
-13.00     36.10     -14.81     698324
-13.00     36.10     -14.81     698827
-13.00     36.10     -14.81     699330
-13.00     36.10     -14.81     699833
-13.00     36.10     -14.81     700336
-13.00     36.10     -14.81     700838
-13.00     36.10     -14.81     701341
-13.00     36.10     -14.81     701844
-13.00     36.10     -14.81     702347
-13.00     36.10     -14.81     702850
-13.00     36.10     -14.81     703352
-13.15     36.10     -14.81     703855
-13.00     35.98     -14.81     704358
-13.00     35.98     -14.81     704861
-13.00     35.98     -14.81     705363
-13.00     35.98     -14.81     705865
-13.00     35.98     -14.81     706368
-13.00     36.10     -14.81     706871
-13.00     35.98     -14.81     707374
-13.00     35.98     -14.81     707876
-13.00     35.98     -14.81     708379
-13.00     35.98     -14.81     708882
-13.00     35.98     -14.81     709385
-13.15     35.85     -14.81     709888
-13.00     35.85     -14.75     710390
-13.00     35.98     -14.75     710893
-13.00     35.85     -14.75     711396
-13.00     35.85     -14.75     711899
-13.00     35.85     -14.75     712401
-13.00     35.85     -14.75     712904
-13.00     35.85     -14.75     713407
-13.15     35.85     -14.75     713910
-13.00     35.73     -14.75     714413
-13.00     35.73     -14.75     714915
-13.15     35.73     -14.75     715418
-13.00     35.73     -14.81     715921
-13.00     35.85     -14.81     716424
-13.00     35.73     -14.81     716926
-13.00     35.73     -14.75     717429
-13.00     35.85     -14.81     717932
-13.00     35.73     -14.81     718435
-13.00     35.73     -14.81     718938
-13.00     35.73     -14.81     719440
-13.00     35.73     -14.81     719943
-13.00     35.73     -14.81     720446
-13.00     35.73     -14.81     720949
-13.00     35.60     -14.81     721452
-12.86     35.73     -14.81     721954
-13.00     35.73     -14.81     722457
-13.00     35.73     -14.81     722960
-13.00     35.73     -14.81     723463
-13.00     35.73     -14.81     723965
-13.00     35.73     -14.81     724468
-13.00     35.73     -14.81     724971
-13.00     35.73     -14.81     725474
-13.00     35.73     -14.81     725977
-13.00     35.73     -14.88     726479
-12.86     35.73     -14.88     726982
-13.00     35.73     -14.88     727485
-13.00     35.73     -14.88     727988
-13.00     35.73     -14.88     728491
-13.00     35.73     -14.88     728993
-13.00     35.73     -14.88     729496
-12.86     35.73     -14.88     729999
-13.00     35.85     -14.88     730502
-13.00     35.73     -14.88     731004
-13.00     35.73     -14.88     731507
-13.00     35.73     -14.88     732010
-13.00     35.85     -14.88     732513
-13.00     35.85     -14.88     733016
-13.00     35.85     -14.88     733518
-13.00     35.85     -14.88     734021
-12.86     35.85     -14.88     734524
-13.00     35.85     -14.88     735027
-13.00     35.85     -14.88     735529
-13.00     35.73     -14.88     736032
-13.00     35.85     -14.88     736535
-12.86     35.73     -14.88     737038
-12.86     35.85     -14.88     737541
-13.00     35.73     -14.88     738043
-12.86     35.73     -14.94     738546
-13.00     35.73     -14.88     739049
-13.00     35.73     -14.94     739552
-13.00     35.73     -14.94     740055
-13.00     35.73     -14.94     740557
-12.86     35.73     -14.94     741060
-13.00     35.73     -14.94     741563
-12.86     35.73     -14.94     742066
-13.00     35.73     -14.94     742568
-13.00     35.73     -14.94     743071
-13.00     35.73     -14.94     743574
-13.00     35.73     -14.94     744077
-13.00     35.73     -14.94     744580
-13.00     35.73     -14.94     745082
-13.00     35.73     -14.94     745585
-13.00     35.73     -14.94     746088
-13.00     35.85     -14.94     746591
-12.86     35.85     -14.94     747094
-12.86     35.73     -14.94     747596
-13.00     35.73     -14.94     748099
-13.00     35.73     -14.94     748602
-13.00     35.85     -14.94     749105
-12.86     35.85     -14.94     749607
-13.00     35.85     -14.94     750110
-13.00     35.85     -14.94     750613
-13.00     35.85     -14.94     751116
-13.00     35.85     -14.94     751619
-13.00     35.85     -14.94     752121
-13.00     35.85     -14.94     752624
-13.00     35.85     -14.94     753127
-13.00     35.85     -14.94     753630
-13.00     35.85     -14.94     754132
-13.00     35.85     -14.94     754635
-13.00     35.85     -14.94     755138
-13.00     35.85     -14.94     755641
-13.00     35.85     -14.94     756144
-13.00     35.85     -14.94     756646
-12.86     35.85     -14.94     757149
-13.00     35.85     -14.94     757652
-13.00     35.85     -14.94     758155
-13.00     35.85     -14.94     758658
-13.00     35.85     -14.94     759160
-13.00     35.85     -14.94     759663
-13.00     35.85     -14.94     760166
-13.00     35.85     -14.94     760669
-13.00     35.85     -14.94     761171
-13.00     35.85     -14.94     761674
-13.00     35.85     -14.94     762177
-13.00     35.85     -14.94     762680
-13.00     35.85     -14.94     763183
-13.00     35.85     -14.94     763685
-13.00     35.85     -14.94     764188
-12.86     35.85     -14.94     764691
-13.00     35.85     -14.94     765194
-12.86     35.85     -14.94     765697
-13.00     35.85     -14.94     766199
-13.00     35.85     -14.94     766702
-12.86     35.85     -14.94     767205
-13.00     35.85     -14.94     767708
-13.00     35.85     -14.94     768210
-13.00     35.85     -14.94     768713
-13.00     35.85     -14.94     769216
-13.00     35.85     -14.94     769719
-13.00     35.85     -14.94     770222
-13.00     35.85     -14.94     770724
-13.00     35.98     -14.94     771227
-13.00     35.85     -14.94     771730
-13.00     35.85     -14.94     772233
-13.00     35.85     -14.94     772736
-13.00     35.85     -14.94     773238
-13.00     35.85     -14.94     773741
-12.86     35.85     -14.94     774244
-12.86     35.73     -14.94     774747
-12.86     35.85     -14.94     775249
-13.00     35.85     -14.94     775752
-13.00     35.85     -14.94     776255
-13.00     35.85     -14.94     776758
-13.00     35.85     -14.94     777261
-13.00     35.98     -14.94     777763
-13.00     35.85     -14.94     778266
-13.00     35.85     -14.94     778769
-13.00     35.85     -14.94     779272
-13.00     35.85     -14.94     779774
-13.00     35.85     -14.94     780277
-13.00     35.85     -14.94     780780
-13.00     35.98     -14.94     781283
-13.00     35.85     -14.94     781786
-13.00     35.98     -14.94     782288
-13.00     35.85     -14.94     782791
-13.00     35.85     -14.94     783294
-13.00     35.85     -14.94     783797
-13.00     35.85     -14.94     784300
-12.86     35.85     -14.94     784802
-13.00     35.85     -14.94     785305
-13.00     35.85     -14.94     785808
-13.00     35.85     -14.94     786311
-13.00     35.85     -14.94     786813
-13.00     35.85     -14.94     787316
-13.00     35.85     -14.94     787819
-13.00     35.85     -14.94     788322
-13.00     35.85     -14.88     788825
-13.00     35.85     -14.94     789327
-13.00     35.85     -14.88     789830
-13.00     35.85     -14.94     790333
-13.00     35.85     -14.88     790836
-13.00     35.85     -14.94     791339
-13.00     35.85     -14.94     791841
-13.00     35.85     -14.94     792343
-13.00     35.85     -14.88     792847
-13.00     35.85     -14.94     793349
-13.00     35.85     -14.94     793852
-13.00     35.98     -14.94     794354
-13.00     35.85     -14.94     794858
-13.00     35.85     -14.94     795360
-13.00     35.98     -14.94     795863
-13.00     35.85     -14.94     796365
-13.00     35.85     -14.94     796868
-13.00     35.85     -14.94     797371
-13.00     35.85     -14.94     797874
-13.00     35.85     -14.94     798376
-13.00     35.73     -14.94     798879
-13.00     35.73     -14.94     799382
-13.00     35.73     -14.94     799885
-13.00     35.73     -14.94     800388
-13.00     35.73     -14.94     800890
-12.86     35.73     -14.94     801393
-12.86     35.73     -14.94     801896
-13.00     35.73     -14.94     802399
-13.00     35.73     -14.94     802902
-13.00     35.73     -14.94     803404
-13.00     35.73     -14.94     803907
-12.86     35.73     -14.94     804410
-12.86     35.73     -14.94     804913
-12.86     35.73     -14.94     805415
-13.00     35.73     -14.94     805918
-12.86     35.60     -14.94     806421
-13.00     35.60     -14.94     806924
-13.00     35.60     -14.94     807427
-12.86     35.60     -14.94     807929
-13.00     35.60     -15.00     808432
-12.86     35.60     -14.94     808935
-13.00     35.60     -15.00     809438
-12.86     35.60     -15.00     809940
-12.86     35.60     -15.00     810443
-12.86     35.60     -15.00     810946
-12.86     35.73     -15.00     811449
-12.86     35.60     -15.00     811952
-12.86     35.60     -15.00     812454
-12.86     35.60     -15.00     812957
-12.86     35.60     -15.00     813460
-12.86     35.60     -15.00     813963
-12.86     35.60     -15.00     814466
-12.86     35.60     -15.00     814968
-12.86     35.60     -15.00     815471
-12.86     35.60     -15.00     815974
-12.86     35.60     -15.00     816477
-12.86     35.60     -15.00     816979
-13.00     35.60     -15.00     817482
-12.86     35.60     -15.00     817985
-12.86     35.60     -15.00     818488
-12.86     35.60     -15.06     818991
-12.86     35.60     -15.06     819493
-12.86     35.60     -15.00     819996
-12.86     35.60     -15.00     820499
-12.86     35.60     -15.06     821002
-12.86     35.60     -15.06     821505
-12.86     35.60     -15.06     822007
-13.00     35.60     -15.06     822510
-12.86     35.60     -15.06     823013
-13.00     35.60     -15.06     823516
-13.00     35.60     -15.06     824018
-12.86     35.60     -15.06     824521
-13.00     35.73     -15.06     825024
-12.86     35.73     -15.06     825527
-12.86     35.73     -15.06     826030
-12.86     35.73     -15.06     826532
-13.00     35.73     -15.06     827035
-12.86     35.85     -15.06     827538
-13.00     35.73     -15.06     828041
-12.86     35.73     -15.06     828544
-13.00     35.73     -15.06     829046
-12.86     35.73     -15.06     829549
-13.00     35.85     -15.06     830052
-13.00     35.85     -15.06     830555
-12.86     35.85     -15.06     831057
-13.00     35.73     -15.06     831560
-13.00     35.85     -15.06     832063
-13.00     35.73     -15.06     832566
-12.86     35.73     -15.06     833069
-12.86     35.73     -15.06     833571
-12.86     35.73     -15.06     834074
-13.00     35.73     -15.06     834577
-13.00     35.60     -15.06     835080
-12.86     35.60     -15.06     835582
-12.86     35.60     -15.06     836085
-12.86     35.60     -15.06     836588
-12.86     35.60     -15.06     837091
-12.86     35.73     -15.06     837593
-12.86     35.73     -15.06     838096
-12.86     35.73     -15.06     838598
-12.86     35.60     -15.06     839102
-12.86     35.73     -15.06     839604
-12.86     35.73     -15.06     840107
-12.86     35.73     -15.06     840609
-12.86     35.73     -15.06     841112
-12.86     35.73     -15.06     841615
-12.86     35.73     -15.06     842118
-12.86     35.73     -15.06     842620
-12.86     35.73     -15.06     843123
-12.86     35.73     -15.06     843626
-12.86     35.73     -15.06     844129
-12.86     35.73     -15.06     844632
-12.86     35.73     -15.06     845134
-12.86     35.73     -15.06     845637
-12.86     35.73     -15.06     846140
-12.86     35.73     -15.06     846643
-12.86     35.73     -15.06     847145
-12.86     35.73     -15.06     847648
-13.00     35.73     -15.06     848151
-12.86     35.73     -15.06     848654
-12.86     35.73     -15.06     849157
-13.00     35.73     -15.06     849659
-12.86     35.73     -15.06     850162
-12.86     35.73     -15.06     850665
-12.86     35.73     -15.06     851168
-12.86     35.73     -15.06     851671
-13.00     35.73     -15.06     852173
-12.71     35.73     -15.06     852676
-12.86     35.73     -15.06     853179
-12.86     35.73     -15.06     853682
-12.86     35.73     -15.06     854184
-12.86     35.73     -15.06     854687
-12.86     35.73     -15.06     855190
-12.86     35.73     -15.06     855693
-12.86     35.73     -15.06     856196
-12.86     35.73     -15.06     856698
-12.86     35.73     -15.06     857201
-12.86     35.73     -15.06     857704
-12.86     35.73     -15.06     858207
-12.86     35.73     -15.13     858710
-13.00     35.73     -15.06     859212
-12.86     35.73     -15.06     859715
-12.86     35.73     -15.06     860218
-13.00     35.73     -15.13     860721
-13.00     35.85     -15.06     861223
-12.86     35.73     -15.06     861726
-12.86     35.73     -15.06     862229
-12.86     35.85     -15.06     862732
-12.86     35.73     -15.06     863235
-13.00     35.85     -15.06     863737
-13.00     35.85     -15.06     864240
-13.00     35.85     -15.06     864743
-13.00     35.85     -15.06     865246
-12.86     35.73     -15.06     865748
-13.00     35.73     -15.06     866251
-12.86     35.73     -15.06     866754
-12.86     35.73     -15.06     867257
-13.00     35.60     -15.06     867760
-13.00     35.73     -15.06     868262
-13.00     35.73     -15.06     868765
-13.00     35.73     -15.06     869268
-12.86     35.60     -15.06     869771
-12.86     35.73     -15.06     870274
-13.00     35.73     -15.06     870776
-12.86     35.73     -15.06     871279
-13.00     35.73     -15.06     871782
-12.86     35.73     -15.06     872285
-13.00     35.73     -15.06     872787
-13.00     35.73     -15.06     873290
-13.00     35.73     -15.06     873793
-13.00     35.73     -15.06     874296
-13.00     35.73     -15.06     874799
-13.00     35.73     -15.06     875301
-13.00     35.85     -15.06     875804
-13.00     35.85     -15.06     876307
-13.00     35.85     -15.06     876810
-13.00     35.73     -15.06     877313
-12.86     35.73     -15.06     877815
-13.00     35.73     -15.06     878318
-12.86     35.73     -15.06     878821
-12.86     35.73     -15.06     879324
-12.86     35.60     -15.06     879826
-12.86     35.73     -15.06     880329
-12.86     35.73     -15.06     880832
-12.86     35.73     -15.06     881335
-12.86     35.73     -15.06     881838
-12.86     35.60     -15.06     882340
-12.86     35.60     -15.06     882843
-12.86     35.60     -15.06     883346
-12.86     35.60     -15.06     883849
-12.86     35.60     -15.06     884352
-12.86     35.60     -15.06     884854
-12.86     35.60     -15.06     885357
-12.86     35.60     -15.06     885860
-12.86     35.60     -15.06     886363
-12.86     35.60     -15.06     886865
-12.86     35.48     -15.06     887368
-12.86     35.60     -15.06     887871
-12.86     35.60     -15.06     888374
-12.86     35.60     -15.06     888877
-12.86     35.60     -15.06     889379
-12.86     35.48     -15.06     889882
-12.86     35.48     -15.06     890385
-12.86     35.48     -15.06     890888
-12.86     35.48     -15.06     891390
-12.86     35.60     -15.06     891893
-12.86     35.60     -15.06     892396
-13.00     35.60     -15.06     892899
-12.86     35.60     -15.06     893402
-12.86     35.60     -15.13     893904
-12.86     35.60     -15.13     894407
-13.00     35.60     -15.13     894910
-12.86     35.60     -15.13     895413
-12.86     35.60     -15.13     895916
-12.86     35.60     -15.13     896418
-12.86     35.60     -15.06     896921
-12.86     35.60     -15.13     897424
-12.86     35.60     -15.13     897927
-12.86     35.60     -15.13     898429
-12.86     35.60     -15.13     898932
-12.86     35.60     -15.13     899435
-12.86     35.60     -15.13     899938
-12.86     35.60     -15.13     900441
-13.00     35.73     -15.13     900943
-12.86     35.73     -15.13     901446
-12.86     35.60     -15.13     901949
-12.86     35.73     -15.13     902452
-12.86     35.73     -15.13     902955
-12.86     35.73     -15.13     903457
-13.00     35.73     -15.13     903960
-12.86     35.73     -15.13     904463
-13.00     35.73     -15.13     904966
-12.86     35.73     -15.13     905468
-13.00     35.73     -15.13     905971
-13.00     35.73     -15.13     906474
-13.00     35.73     -15.13     906977
-12.86     35.73     -15.13     907480
-12.86     35.73     -15.13     907982
-13.00     35.85     -15.13     908485
-13.00     35.85     -15.13     908988
-13.00     35.73     -15.13     909491
-13.00     35.85     -15.13     909993
-12.86     35.73     -15.13     910496
-13.00     35.85     -15.13     910999
-12.86     35.85     -15.13     911502
-12.86     35.85     -15.13     912005
-12.86     35.73     -15.13     912507
-13.00     35.85     -15.13     913010
-13.00     35.85     -15.13     913513
-13.00     35.85     -15.13     914016
-13.00     35.85     -15.13     914519
-13.00     35.85     -15.13     915021
-13.00     35.85     -15.13     915524
-13.00     35.85     -15.13     916027
-13.00     35.85     -15.13     916530
-12.86     35.85     -15.13     917032
-13.00     35.85     -15.13     917535
-12.86     35.85     -15.13     918038
-13.00     35.73     -15.13     918541
-13.00     35.85     -15.13     919044
-12.86     35.85     -15.13     919546
-12.86     35.85     -15.13     920049
-13.00     35.85     -15.13     920552
-13.00     35.73     -15.13     921055
-13.00     35.85     -15.13     921558
-13.00     35.85     -15.13     922060
-13.00     35.85     -15.13     922563
-12.86     35.73     -15.19     923066
-13.00     35.73     -15.13     923569
-13.00     35.85     -15.13     924071
-13.00     35.73     -15.19     924574
-13.00     35.85     -15.13     925077
-13.00     35.73     -15.13     925580
-12.86     35.73     -15.13     926083
-13.00     35.85     -15.13     926585
-13.00     35.73     -15.19     927088
-12.86     35.73     -15.13     927591
-13.00     35.73     -15.13     928094
-13.00     35.73     -15.19     928596
-12.86     35.73     -15.19     929099
-12.86     35.73     -15.19     929602
-12.86     35.73     -15.13     930105
-12.86     35.73     -15.13     930608
-12.86     35.73     -15.19     931110
-12.86     35.73     -15.19     931613
-13.00     35.60     -15.19     932116
-12.86     35.73     -15.19     932619
-12.86     35.60     -15.19     933122
-12.86     35.60     -15.19     933624
-12.86     35.60     -15.19     934127
-12.71     35.60     -15.19     934630
-12.86     35.60     -15.19     935133
-12.86     35.73     -15.19     935635
-12.86     35.60     -15.19     936138
-12.86     35.60     -15.19     936641
-12.86     35.73     -15.19     937144
-12.86     35.73     -15.19     937647
-12.86     35.60     -15.19     938149
-12.86     35.73     -15.19     938652
-12.86     35.73     -15.19     939155
-12.86     35.73     -15.19     939658
-12.86     35.73     -15.19     940161
-12.86     35.73     -15.19     940663
-12.86     35.60     -15.19     941166
-12.86     35.60     -15.19     941669
-12.86     35.60     -15.19     942172
-12.86     35.60     -15.19     942674
-12.86     35.60     -15.19     943177
-12.86     35.60     -15.19     943680
-12.86     35.60     -15.19     944183
-12.86     35.60     -15.19     944686
-12.86     35.73     -15.19     945188
-12.86     35.73     -15.19     945691
-12.86     35.73     -15.19     946194
-12.86     35.73     -15.19     946697
-12.86     35.73     -15.19     947200
-13.00     35.73     -15.19     947702
-12.86     35.60     -15.19     948205
-12.86     35.73     -15.19     948708
-12.86     35.60     -15.19     949211
-12.86     35.73     -15.19     949713
-12.86     35.60     -15.19     950216
-12.86     35.73     -15.19     950719
-13.00     35.73     -15.19     951222
-13.00     35.73     -15.19     951725
-13.00     35.73     -15.19     952227
-12.86     35.73     -15.19     952730
-13.00     35.73     -15.19     953233
-12.86     35.73     -15.19     953736
-13.00     35.73     -15.19     954238
-12.86     35.73     -15.19     954741
-13.00     35.73     -15.19     955244
-12.86     35.73     -15.19     955747
-13.00     35.73     -15.19     956250
-12.86     35.73     -15.19     956752
-12.86     35.60     -15.19     957255
-12.86     35.73     -15.19     957758
-12.86     35.60     -15.19     958261
-12.86     35.73     -15.19     958764
-13.00     35.73     -15.19     959266
-12.86     35.73     -15.19     959769
-13.00     35.73     -15.19     960272
-12.86     35.73     -15.19     960775
-13.00     35.73     -15.19     961277
-12.86     35.73     -15.19     961780
-13.00     35.73     -15.19     962283
-12.86     35.73     -15.19     962786
-13.00     35.73     -15.19     963289
-13.00     35.85     -15.19     963791
-13.00     35.85     -15.19     964294
-13.00     35.73     -15.19     964797
-12.86     35.73     -15.19     965300
-13.00     35.73     -15.19     965803
-12.86     35.73     -15.19     966305
-13.00     35.85     -15.19     966808
-12.86     35.85     -15.19     967311
-13.00     35.85     -15.19     967814
-12.86     35.85     -15.19     968316
-13.00     35.85     -15.19     968819
-12.86     35.85     -15.19     969322
-13.00     35.73     -15.19     969825
-13.00     35.85     -15.19     970328
-13.00     35.85     -15.19     970830
-13.00     35.85     -15.19     971333
-13.00     35.85     -15.19     971836
-13.00     35.85     -15.19     972339
-13.00     35.85     -15.19     972841
-13.00     35.85     -15.19     973344
-13.00     35.85     -15.19     973847
-13.00     35.85     -15.19     974350
-13.00     35.85     -15.19     974853
-13.00     35.85     -15.19     975355
-13.00     35.85     -15.19     975858
-13.00     35.73     -15.19     976361
-13.00     35.85     -15.19     976864
-13.00     35.85     -15.19     977367
-13.00     35.85     -15.19     977869
-12.86     35.85     -15.19     978372
-13.00     35.85     -15.19     978875
-13.00     35.85     -15.19     979378
-13.00     35.85     -15.19     979880
-13.00     35.85     -15.19     980383
-13.00     35.85     -15.19     980886
-13.15     35.85     -15.19     981389
-13.00     35.85     -15.19     981892
-13.00     35.85     -15.19     982394
-13.00     35.85     -15.19     982897
-13.00     35.85     -15.19     983400
-13.00     35.98     -15.19     983903
-13.00     35.98     -15.13     984406
-13.00     35.98     -15.19     984908
-13.00     35.85     -15.19     985410
-13.15     35.98     -15.19     985914
-13.00     35.98     -15.19     986416
-13.15     35.98     -15.13     986919
-13.00     35.98     -15.19     987421
-13.15     35.98     -15.13     987925
-13.00     35.85     -15.13     988427
-13.15     35.98     -15.13     988931
-13.00     35.98     -15.13     989432
-13.00     35.98     -15.13     989936
-13.00     35.98     -15.13     990438
-13.15     35.98     -15.13     990942
-13.00     35.98     -15.13     991443
-13.15     35.98     -15.13     991947
-13.00     35.98     -15.13     992450
-13.15     35.85     -15.13     992953
-13.00     35.98     -15.13     993456
-13.15     35.98     -15.13     993958
-13.15     35.98     -15.13     994461
-13.15     35.98     -15.13     994964
-13.00     35.98     -15.13     995467
-13.00     35.98     -15.13     995970
-13.15     35.98     -15.13     996472
-13.00     35.98     -15.13     996975
-13.15     35.98     -15.13     997478
-13.00     35.98     -15.13     997981
-13.15     35.98     -15.13     998483
-13.00     35.98     -15.13     998986
-13.00     35.98     -15.19     999489
-13.15     35.98     -15.13     999992
-13.00     35.98     -15.13     1000495
-13.00     36.10     -15.13     1000997
-13.15     35.98     -15.13     1001500
-13.00     36.10     -15.13     1002003
-13.15     35.98     -15.13     1002506
-13.15     35.98     -15.13     1003009
-13.00     35.98     -15.13     1003511
-13.00     35.98     -15.13     1004014
-13.15     35.98     -15.13     1004517
-13.00     35.98     -15.13     1005020
-13.00     35.98     -15.13     1005522
-13.00     35.85     -15.13     1006025
-13.00     35.85     -15.19     1006528
-13.00     35.85     -15.19     1007031
-13.00     35.85     -15.19     1007534
-13.00     35.85     -15.13     1008036
-13.00     35.98     -15.13     1008539
-13.00     35.98     -15.19     1009042
-13.00     35.85     -15.19     1009545
-13.00     35.85     -15.13     1010048
-13.00     35.98     -15.19     1010550
-13.00     35.85     -15.19     1011054
-13.00     35.98     -15.13     1011557
-13.00     35.98     -15.13     1012060
-13.00     35.98     -15.19     1012562
-13.00     35.98     -15.13     1013065
-13.15     35.98     -15.13     1013568
-13.15     35.98     -15.13     1014071
-13.00     35.98     -15.13     1014574
-13.00     35.98     -15.13     1015076
-13.15     35.98     -15.13     1015579
-13.15     35.98     -15.13     1016082
-13.00     35.98     -15.13     1016585
-13.15     35.98     -15.13     1017088
-13.00     35.98     -15.13     1017590
-13.15     35.85     -15.13     1018093
-13.00     35.98     -15.13     1018596
-13.15     35.98     -15.13     1019099
-13.15     35.98     -15.13     1019601
-13.15     35.85     -15.13     1020104
-13.00     35.98     -15.13     1020607
-13.00     35.85     -15.13     1021110
-13.15     35.85     -15.13     1021613
-13.15     35.85     -15.13     1022116
-13.00     35.85     -15.13     1022619
-13.15     35.85     -15.13     1023122
-13.00     35.85     -15.13     1023625
-13.15     35.98     -15.13     1024128
-13.15     35.98     -15.13     1024630
-13.15     35.98     -15.13     1025133
-13.15     35.98     -15.13     1025636
-13.00     35.98     -15.13     1026139
-13.00     35.98     -15.13     1026641
-13.15     35.85     -15.13     1027144
-13.00     35.98     -15.13     1027647
-13.15     35.85     -15.13     1028150
-13.00     35.98     -15.13     1028653
-13.15     35.98     -15.13     1029155
-13.00     35.98     -15.13     1029658
-13.15     35.98     -15.13     1030161
-13.15     35.98     -15.13     1030664
-13.00     35.98     -15.13     1031166
-13.15     35.85     -15.13     1031669
-13.15     35.98     -15.13     1032173
-13.00     35.98     -15.13     1032676
-13.15     35.98     -15.13     1033179
-13.15     35.98     -15.13     1033681
-13.15     35.98     -15.13     1034184
-13.15     35.98     -15.13     1034687
-13.15     35.98     -15.13     1035190
-13.15     35.98     -15.13     1035693
-13.15     35.98     -15.13     1036195
-13.15     35.98     -15.13     1036698
-13.15     35.98     -15.13     1037201
-13.00     35.98     -15.13     1037704
-13.15     35.98     -15.13     1038206
-13.15     36.10     -15.13     1038709
-13.15     35.98     -15.13     1039212
-13.15     35.98     -15.13     1039715
-13.15     35.98     -15.13     1040218
-13.15     36.10     -15.13     1040720
-13.15     36.10     -15.13     1041224
-13.00     36.10     -15.13     1041727
-13.15     35.98     -15.13     1042230
-13.15     36.10     -15.13     1042733
-13.15     36.10     -15.13     1043235
-13.15     36.10     -15.13     1043738
-13.15     36.10     -15.13     1044241
-13.15     36.10     -15.13     1044744
-13.15     36.10     -15.13     1045246
-13.15     36.10     -15.13     1045749
-13.15     36.10     -15.13     1046252
-13.15     36.10     -15.13     1046755
-13.15     36.10     -15.13     1047258
-13.15     36.10     -15.13     1047760
-13.15     36.10     -15.13     1048263
-13.15     36.10     -15.13     1048766
-13.15     36.10     -15.13     1049269
-13.15     36.10     -15.13     1049772
-13.15     36.10     -15.13     1050274
-13.15     35.98     -15.13     1050777
-13.15     36.10     -15.13     1051281
-13.15     35.98     -15.13     1051784
-13.15     35.98     -15.13     1052286
-13.15     36.10     -15.13     1052789
-13.15     35.98     -15.13     1053292
-13.15     35.98     -15.13     1053795
-13.15     36.10     -15.13     1054298
-13.15     35.98     -15.13     1054800
-13.15     35.98     -15.13     1055303
-13.15     35.98     -15.13     1055806
-13.15     36.10     -15.13     1056309
-13.15     35.98     -15.13     1056812
-13.15     35.98     -15.13     1057314
-13.00     35.98     -15.13     1057817
-13.00     35.98     -15.13     1058320
-13.15     35.98     -15.13     1058823
-13.00     35.98     -15.13     1059325
-13.00     35.85     -15.13     1059828
-13.00     35.98     -15.13     1060331
-13.00     35.98     -15.13     1060834
-13.00     35.98     -15.13     1061338
-13.00     35.85     -15.13     1061840
-13.00     35.85     -15.13     1062343
-13.00     35.85     -15.13     1062846
-13.00     35.85     -15.13     1063349
-13.00     35.85     -15.19     1063852
-13.00     35.85     -15.19     1064354
-13.00     35.98     -15.13     1064857
-12.86     35.98     -15.19     1065360
-13.00     35.85     -15.19     1065863
-13.00     35.85     -15.19     1066365
-13.00     35.85     -15.19     1066868
-13.00     35.85     -15.13     1067371
-13.00     35.85     -15.19     1067874
-13.00     35.85     -15.13     1068377
-13.00     35.85     -15.19     1068879
-13.00     35.85     -15.19     1069382
-12.86     35.85     -15.19     1069885
-13.00     35.85     -15.19     1070388
-13.00     35.85     -15.19     1070891
-13.00     35.85     -15.19     1071393
-13.00     35.85     -15.19     1071896
-13.00     35.85     -15.19     1072399
-12.86     35.85     -15.19     1072902
-13.00     35.85     -15.19     1073405
-13.00     35.73     -15.19     1073908
-12.86     35.73     -15.19     1074411
-12.86     35.73     -15.19     1074914
-12.86     35.73     -15.19     1075417
-12.86     35.73     -15.19     1075919
-12.86     35.73     -15.19     1076422
-12.86     35.73     -15.19     1076925
-12.86     35.73     -15.19     1077428
-12.86     35.73     -15.19     1077931
-12.86     35.73     -15.19     1078433
-12.86     35.73     -15.19     1078936
-12.86     35.73     -15.19     1079439
-12.86     35.73     -15.19     1079942
-12.86     35.85     -15.19     1080444
-12.86     35.73     -15.19     1080947
-12.86     35.73     -15.19     1081450
-12.86     35.73     -15.19     1081953
-13.00     35.73     -15.19     1082456
-12.86     35.85     -15.19     1082958
-13.00     35.73     -15.19     1083461
-12.86     35.85     -15.19     1083964
-12.86     35.73     -15.19     1084467
-12.86     35.73     -15.19     1084969
-12.86     35.73     -15.19     1085473
-13.00     35.73     -15.19     1085976
-12.86     35.73     -15.19     1086479
-12.86     35.73     -15.19     1086982
-12.86     35.73     -15.19     1087484
-12.86     35.73     -15.19     1087987
-13.00     35.73     -15.19     1088490
-12.86     35.73     -15.19     1088993
-12.86     35.60     -15.19     1089496
-12.86     35.73     -15.19     1089998
-12.86     35.73     -15.19     1090501
-12.86     35.73     -15.19     1091004
-12.86     35.73     -15.19     1091507
-12.86     35.73     -15.19     1092009
-12.86     35.73     -15.19     1092512
-12.86     35.73     -15.19     1093015
-12.86     35.73     -15.19     1093518
-12.86     35.73     -15.19     1094021
-12.86     35.73     -15.19     1094523
-12.86     35.73     -15.19     1095026
-12.86     35.60     -15.19     1095529
-12.86     35.73     -15.19     1096032
-12.86     35.60     -15.19     1096536
-12.86     35.73     -15.19     1097038
-12.86     35.60     -15.19     1097541
-12.86     35.60     -15.19     1098044
-12.86     35.73     -15.19     1098547
-12.86     35.73     -15.19     1099049
-12.86     35.60     -15.19     1099552
-12.86     35.60     -15.19     1100055
-12.86     35.60     -15.19     1100558
-12.86     35.60     -15.19     1101061
-12.86     35.60     -15.19     1101563
-12.86     35.60     -15.19     1102066
-12.86     35.73     -15.19     1102569
-12.86     35.60     -15.19     1103072
-12.86     35.60     -15.19     1103575
-12.86     35.60     -15.19     1104077
-12.86     35.60     -15.19     1104580
-12.86     35.60     -15.19     1105083
-12.86     35.60     -15.19     1105586
-12.86     35.60     -15.19     1106088
-12.86     35.60     -15.19     1106591
-12.86     35.60     -15.19     1107094
-13.00     35.60     -15.19     1107597
-12.86     35.60     -15.19     1108100
-12.86     35.60     -15.19     1108602
-12.86     35.60     -15.19     1109105
-12.86     35.60     -15.19     1109609
-12.86     35.60     -15.19     1110112
-12.86     35.60     -15.13     1110615
-12.86     35.60     -15.13     1111117
-12.86     35.60     -15.19     1111620
-12.86     35.60     -15.13     1112123
-12.86     35.48     -15.13     1112626
-12.86     35.60     -15.19     1113128
-12.86     35.60     -15.13     1113631
-13.00     35.48     -15.13     1114134
-12.86     35.60     -15.13     1114637
-12.86     35.60     -15.13     1115140
-12.86     35.60     -15.13     1115642
-12.86     35.48     -15.13     1116145
-12.86     35.48     -15.13     1116648
-12.86     35.60     -15.13     1117151
-12.86     35.48     -15.13     1117654
-12.86     35.48     -15.13     1118156
-12.86     35.48     -15.13     1118659
-12.86     35.48     -15.13     1119162
-12.86     35.48     -15.13     1119666
-12.86     35.48     -15.13     1120168
-12.86     35.48     -15.13     1120671
-12.86     35.48     -15.13     1121174
-12.86     35.48     -15.13     1121677
-12.86     35.48     -15.13     1122180
-12.86     35.48     -15.13     1122682
-12.86     35.48     -15.13     1123185
-12.86     35.48     -15.13     1123688
-12.86     35.48     -15.13     1124191
-12.86     35.60     -15.13     1124694
-12.86     35.60     -15.13     1125196
-12.86     35.60     -15.13     1125699
-12.86     35.48     -15.13     1126202
-12.86     35.60     -15.13     1126705
-12.86     35.48     -15.13     1127207
-12.86     35.48     -15.19     1127710
-12.86     35.60     -15.13     1128213
-12.86     35.60     -15.13     1128716
-13.00     35.48     -15.13     1129220
-12.86     35.48     -15.13     1129722
-12.86     35.48     -15.13     1130225
-12.86     35.48     -15.13     1130728
-12.86     35.48     -15.13     1131231
-12.86     35.48     -15.13     1131734
-12.86     35.48     -15.13     1132236
-12.86     35.48     -15.13     1132739
-12.86     35.48     -15.13     1133242
-12.86     35.48     -15.13     1133745
-12.86     35.48     -15.13     1134247
-12.86     35.35     -15.13     1134750
-12.86     35.48     -15.13     1135253
-12.86     35.48     -15.13     1135756
-12.86     35.48     -15.13     1136259
-12.86     35.48     -15.13     1136761
-12.86     35.48     -15.13     1137264
-12.86     35.48     -15.13     1137767
-12.86     35.48     -15.19     1138270
-12.86     35.35     -15.13     1138774
-12.86     35.35     -15.13     1139276
-12.86     35.35     -15.19     1139779
-12.86     35.35     -15.19     1140282
-12.86     35.35     -15.13     1140785
-12.86     35.35     -15.13     1141287
-12.86     35.35     -15.19     1141790
-12.86     35.35     -15.19     1142293
-12.86     35.48     -15.19     1142796
-12.86     35.35     -15.19     1143299





