22.47     24.27     22.75     0
22.47     24.27     22.75     1002
22.47     24.27     22.75     2004
22.36     24.38     22.75     3007
22.36     24.60     22.75     4011
22.25     24.94     22.75     5013
22.03     25.40     22.69     6016
21.80     25.85     22.56     7018
21.69     26.31     22.44     8022
21.36     26.77     22.25     9024
21.03     27.11     22.06     10027
20.81     27.57     21.87     11029
20.59     27.92     21.62     12033
20.25     28.27     21.31     13035
19.92     28.50     21.06     14038
19.59     28.73     20.75     15040
19.37     28.96     20.44     16044
19.04     29.20     20.19     17046
18.71     29.43     19.81     18049
18.38     29.67     19.50     19051
18.16     29.78     19.19     20055
17.83     29.90     18.81     21057
17.51     30.02     18.50     22060
17.18     30.26     18.19     23062
16.85     30.37     17.75     24066
16.63     30.49     17.50     25068
16.30     30.61     17.19     26071
15.98     30.73     16.75     27073
15.65     30.85     16.44     28077
15.43     30.85     16.12     29079
15.10     30.97     15.75     30082
14.88     31.09     15.44     31084
14.45     31.21     15.06     32088
14.23     31.33     14.75     33090
13.90     31.44     14.44     34093
13.57     31.44     14.00     35095
13.35     31.56     13.69     36099
13.14     31.68     13.44     37101
12.81     31.68     13.06     38104
12.59     31.80     12.75     39106
12.26     31.80     12.44     40110
12.04     31.92     12.06     41112
11.72     32.04     11.81     42115
11.50     32.04     11.56     43117
11.28     32.16     11.19     44121
10.95     32.16     10.94     45123
10.84     32.29     10.69     46126
10.40     32.29     10.38     47128
10.29     32.41     10.06     48132
9.96     32.41     9.75     49134
9.74     32.53     9.50     50137
9.52     32.53     9.25     51139
9.30     32.53     8.88     52143
9.08     32.65     8.63     53145
8.86     32.65     8.44     54148
8.64     32.77     8.13     55150
8.42     32.89     7.88     56153
8.20     32.89     7.63     57155
7.98     32.89     7.31     58159
7.75     32.89     7.06     59161
7.53     33.01     6.88     60164
7.31     33.01     6.56     61166
7.09     33.13     6.38     62169
6.98     33.13     6.13     63172
6.64     33.13     5.88     64175
6.53     33.13     5.69     65177
6.31     33.26     5.44     66180
6.08     33.26     5.19     67182
5.97     33.26     5.00     68186
5.75     33.38     4.69     69188
5.52     33.38     4.50     70191
5.30     33.38     4.31     71193
5.19     33.50     4.13     72196
4.96     33.50     3.88     73199
4.74     33.50     3.69     74202
4.62     33.50     3.44     75204
4.40     33.62     3.25     76207
4.28     33.62     3.06     77209
4.06     33.62     2.88     78212
3.94     33.62     2.69     79215
3.72     33.74     2.50     80218
3.60     33.74     2.31     81220
3.37     33.74     2.13     82223
3.26     33.74     1.94     83225
3.03     33.87     1.81     84229
2.80     33.87     1.63     85231
2.69     33.87     1.44     86234
2.57     33.99     1.19     87236
2.46     33.99     1.06     88239
2.34     33.99     0.88     89241
2.11     33.99     0.69     90245
2.00     34.11     0.56     91247
1.88     34.11     0.31     92250
1.65     34.11     0.19     93252
1.53     34.11     0.06     94255
1.42     34.11     -0.12     95257
1.30     34.24     -0.31     96261
1.19     34.24     -0.37     97263
0.95     34.24     -0.50     98266
0.84     34.24     -0.56     99268
0.72     34.24     -0.63     100271
0.60     34.24     -0.81     101274
0.49     34.24     -0.94     102277
0.37     34.36     -1.06     103279
0.25     34.36     -1.19     104282
0.02     34.36     -1.31     105284
0.02     34.36     -1.44     106288
-0.10     34.36     -1.63     107290
-0.22     34.36     -1.81     108293
-0.34     34.36     -1.94     109295
-0.46     34.36     -2.06     110299
-0.57     34.36     -2.13     111301
-0.69     34.48     -2.31     112304
-0.81     34.48     -2.44     113306
-0.93     34.48     -2.56     114309
-1.05     34.48     -2.69     115312
-1.17     34.48     -2.75     116315
-1.29     34.48     -2.81     117317
-1.41     34.61     -2.94     118320
-1.41     34.48     -3.06     119323
-1.65     34.61     -3.19     120326
-1.77     34.61     -3.31     121328
-1.77     34.61     -3.38     122331
-1.89     34.61     -3.44     123334
-2.01     34.61     -3.56     124337
-2.13     34.73     -3.69     125339
-2.25     34.73     -3.81     126342
-2.37     34.73     -3.88     127345
-2.37     34.73     -4.06     128348
-2.49     34.73     -4.13     129350
-2.61     34.73     -4.19     130353
-2.73     34.73     -4.25     131355
-2.73     34.85     -4.38     132359
-2.86     34.73     -4.38     133361
-2.98     34.85     -4.44     134364
-3.10     34.85     -4.63     135366
-3.10     34.85     -4.75     136370
-3.22     34.85     -4.88     137372
-3.34     34.98     -5.00     138375
-3.34     34.98     -5.00     139377
-3.47     34.98     -5.06     140381
-3.59     34.98     -5.13     141383
-3.59     34.98     -5.13     142386
-3.71     34.98     -5.25     143388
-3.84     34.98     -5.31     144391
-3.84     34.98     -5.44     145394
-3.96     34.98     -5.50     146397
-4.08     34.98     -5.63     147399
-4.08     35.10     -5.63     148402
-4.21     35.10     -5.75     149405
-4.21     35.10     -5.75     150408
-4.33     35.10     -5.81     151410
-4.33     35.10     -5.88     152413
-4.46     35.10     -5.94     153416
-4.58     35.10     -5.94     154419
-4.58     35.10     -6.00     155421
-4.58     35.23     -6.13     156424
-4.71     35.23     -6.19     157426
-4.83     35.23     -6.25     158430
-4.83     35.23     -6.31     159432
-4.96     35.23     -6.31     160435
-5.08     35.23     -6.31     161437
-5.08     35.23     -6.38     162441
-5.08     35.23     -6.44     163443
-5.21     35.23     -6.56     164446
-5.21     35.23     -6.50     165448
-5.33     35.23     -6.50     166451
-5.33     35.23     -6.50     167454
-5.33     35.23     -6.50     168457
-5.46     35.23     -6.56     169459
-5.59     35.23     -6.63     170462
-5.59     35.10     -6.69     171465
-5.59     35.10     -6.69     172468
-5.71     35.10     -6.69     173470
-5.71     35.10     -6.69     174473
-5.84     35.10     -6.69     175475
-5.84     35.10     -6.75     176479
-5.84     35.10     -6.75     177481
-5.97     35.10     -6.81     178484
-5.97     35.10     -6.94     179486
-5.97     35.10     -6.94     180490
-6.09     35.23     -7.00     181492
-6.09     35.10     -6.94     182495
-6.09     35.23     -6.88     183497
-6.22     35.23     -6.94     184500
-6.22     35.23     -7.06     185503
-6.22     35.23     -7.13     186506
-6.35     35.23     -7.19     187508
-6.35     35.23     -7.19     188511
-6.22     35.23     -7.25     189514
-6.35     35.23     -7.31     190517
-6.48     35.23     -7.38     191519
-6.48     35.23     -7.38     192522
-6.48     35.23     -7.44     193524
-6.48     35.35     -7.56     194528
-6.61     35.23     -7.63     195530
-6.61     35.35     -7.69     196533
-6.74     35.23     -7.69     197535
-6.74     35.23     -7.81     198539
-6.74     35.35     -7.88     199541
-6.74     35.35     -7.94     200544
-6.74     35.35     -8.00     201546
-6.74     35.35     -8.06     202550
-6.74     35.35     -8.13     203552
-6.86     35.35     -8.19     204555
-6.86     35.35     -8.19     205557
-6.86     35.35     -8.19     206560
-6.99     35.35     -8.25     207563
-6.99     35.35     -8.25     208566
-6.99     35.35     -8.25     209568
-6.99     35.35     -8.31     210571
-7.12     35.35     -8.31     211574
-7.12     35.35     -8.31     212577
-7.12     35.35     -8.31     213579
-7.12     35.35     -8.31     214582
-7.12     35.35     -8.38     215584
-7.25     35.35     -8.38     216588
-7.25     35.35     -8.44     217590
-7.25     35.35     -8.44     218593
-7.25     35.35     -8.50     219595
-7.38     35.48     -8.56     220599
-7.38     35.48     -8.56     221601
-7.38     35.48     -8.63     222604
-7.38     35.48     -8.63     223606
-7.38     35.48     -8.75     224610
-7.51     35.48     -8.75     225612
-7.51     35.48     -8.81     226615
-7.51     35.48     -8.88     227617
-7.51     35.48     -8.81     228620
-7.51     35.48     -8.81     229623
-7.64     35.48     -8.94     230626
-7.64     35.48     -8.88     231628
-7.64     35.48     -8.88     232631
-7.64     35.60     -8.88     233634
-7.64     35.60     -8.81     234637
-7.64     35.60     -8.94     235639
-7.78     35.60     -8.88     236642
-7.78     35.60     -8.94     237645
-7.78     35.60     -8.94     238648
-7.91     35.60     -8.94     239650
-7.91     35.60     -9.00     240653
-7.91     35.60     -9.00     241655
-7.91     35.60     -9.06     242659
-7.91     35.60     -9.06     243661
-8.04     35.60     -9.06     244664
-8.04     35.60     -9.13     245666
-8.04     35.60     -9.19     246670
-8.04     35.60     -9.19     247672
-8.04     35.60     -9.19     248675
-8.04     35.60     -9.25     249677
-8.17     35.60     -9.25     250680
-8.30     35.73     -9.31     251683
-8.30     35.73     -9.31     252686
-8.30     35.60     -9.38     253688
-8.30     35.60     -9.31     254691
-8.30     35.60     -9.38     255694
-8.30     35.73     -9.38     256697
-8.43     35.73     -9.38     257699
-8.30     35.73     -9.31     258702
-8.43     35.73     -9.38     259705
-8.43     35.73     -9.44     260708
-8.43     35.73     -9.44     261710
-8.43     35.73     -9.50     262713
-8.57     35.73     -9.50     263716
-8.57     35.73     -9.38     264719
-8.57     35.73     -9.38     265721
-8.57     35.60     -9.38     266724
-8.57     35.60     -9.38     267727
-8.57     35.60     -9.31     268730
-8.70     35.60     -9.38     269732
-8.70     35.60     -9.38     270735
-8.70     35.48     -9.31     271737
-8.70     35.60     -9.38     272741
-8.70     35.60     -9.44     273743
-8.70     35.60     -9.44     274746
-8.83     35.60     -9.44     275748
-8.83     35.60     -9.38     276752
-8.83     35.60     -9.44     277754
-8.83     35.60     -9.44     278757
-8.83     35.60     -9.44     279759
-8.83     35.60     -9.50     280763
-8.83     35.60     -9.50     281765
-8.83     35.60     -9.50     282768
-8.97     35.60     -9.44     283770
-8.97     35.60     -9.50     284773
-8.97     35.60     -9.50     285776
-8.97     35.48     -9.50     286779
-8.97     35.60     -9.56     287781
-8.97     35.60     -9.56     288784
-8.97     35.60     -9.50     289787
-9.10     35.48     -9.50     290790
-9.10     35.48     -9.50     291792
-9.10     35.60     -9.50     292795
-9.10     35.48     -9.50     293797
-9.10     35.48     -9.56     294801
-9.10     35.48     -9.56     295803
-9.10     35.48     -9.63     296806
-9.10     35.60     -9.63     297808
-9.24     35.60     -9.69     298812
-9.10     35.48     -9.69     299814
-9.24     35.48     -9.63     300817
-9.24     35.48     -9.75     301819
-9.10     35.48     -9.69     302823
-9.10     35.60     -9.69     303825
-9.24     35.48     -9.75     304828
-9.24     35.60     -9.81     305830
-9.24     35.60     -9.88     306834
-9.24     35.48     -9.88     307836
-9.24     35.48     -9.81     308839
-9.24     35.48     -9.81     309841
-9.24     35.48     -9.81     310845
-9.24     35.48     -9.81     311847
-9.24     35.48     -9.88     312850
-9.24     35.48     -9.81     313852
-9.37     35.48     -9.81     314856
-9.37     35.48     -9.81     315858
-9.37     35.48     -9.81     316861
-9.37     35.48     -9.81     317863
-9.37     35.48     -9.75     318867
-9.37     35.48     -9.75     319869
-9.37     35.48     -9.75     320872
-9.51     35.48     -9.75     321874
-9.37     35.48     -9.81     322878
-9.37     35.60     -9.88     323880
-9.37     35.60     -9.88     324883
-9.37     35.48     -9.94     325885
-9.51     35.48     -9.94     326888
-9.51     35.48     -9.88     327891
-9.51     35.48     -9.88     328894
-9.51     35.48     -9.81     329896
-9.51     35.48     -9.88     330899
-9.51     35.48     -9.88     331902
-9.51     35.48     -9.88     332905
-9.51     35.48     -9.94     333907
-9.51     35.48     -9.94     334910
-9.51     35.48     -9.94     335913
-9.51     35.48     -9.94     336916
-9.51     35.48     -9.94     337918
-9.64     35.48     -9.94     338921
-9.64     35.60     -10.00     339924
-9.51     35.60     -10.06     340927
-9.51     35.48     -10.13     341929
-9.64     35.48     -10.13     342932
-9.64     35.48     -10.19     343936
-9.64     35.48     -10.25     344938
-9.64     35.60     -10.13     345940
-9.64     35.60     -10.19     346944
-9.64     35.60     -10.19     347947
-9.64     35.60     -10.19     348949
-9.78     35.60     -10.25     349953
-9.78     35.60     -10.25     350955
-9.64     35.60     -10.31     351958
-9.78     35.60     -10.31     352960
-9.78     35.60     -10.31     353964
-9.64     35.60     -10.31     354966
-9.78     35.60     -10.31     355969
-9.78     35.60     -10.31     356971
-9.78     35.60     -10.31     357975
-9.78     35.60     -10.31     358977
-9.78     35.60     -10.25     359980
-9.78     35.60     -10.31     360983
-9.78     35.60     -10.31     361986
-9.78     35.73     -10.31     362988
-9.64     35.60     -10.25     363991
-9.78     35.60     -10.31     364994
-9.78     35.60     -10.31     365997
-9.78     35.60     -10.31     366999
-9.78     35.60     -10.31     368003
-9.78     35.60     -10.25     369005
-9.78     35.60     -10.25     370008
-9.78     35.60     -10.31     371010
-9.78     35.60     -10.31     372014
-9.78     35.73     -10.38     373016
-9.91     35.73     -10.38     374019
-9.78     35.60     -10.38     375022
-9.78     35.60     -10.38     376025
-9.91     35.48     -10.31     377027
-9.91     35.60     -10.38     378031
-9.91     35.60     -10.31     379033
-9.91     35.60     -10.31     380036
-9.78     35.60     -10.25     381038
-9.91     35.60     -10.31     382042
-9.91     35.60     -10.31     383044
-9.91     35.60     -10.31     384047
-9.91     35.60     -10.31     385050
-9.91     35.60     -10.31     386053
-9.91     35.48     -10.31     387055
-9.91     35.48     -10.31     388058
-9.91     35.48     -10.31     389061
-9.78     35.60     -10.31     390064
-9.91     35.48     -10.31     391066
-9.91     35.48     -10.38     392070
-9.91     35.48     -10.38     393072
-9.91     35.48     -10.31     394075
-9.91     35.48     -10.31     395077
-9.91     35.48     -10.31     396081
-9.91     35.48     -10.31     397083
-9.91     35.48     -10.25     398086
-9.91     35.48     -10.25     399089
-9.91     35.60     -10.31     400092
-10.05     35.60     -10.38     401094
-9.91     35.60     -10.38     402098
-9.91     35.48     -10.44     403100
-10.05     35.48     -10.44     404103
-10.05     35.60     -10.44     405105
-9.91     35.60     -10.44     406109
-10.05     35.48     -10.38     407111
-10.05     35.48     -10.44     408114
-10.05     35.48     -10.38     409117
-10.05     35.48     -10.44     410120
-9.91     35.48     -10.44     411122
-10.05     35.48     -10.44     412126
-10.05     35.48     -10.44     413128
-10.05     35.60     -10.44     414131
-10.05     35.60     -10.44     415134
-10.05     35.60     -10.50     416137
-10.05     35.60     -10.44     417139
-10.05     35.48     -10.44     418143
-10.05     35.48     -10.44     419145
-10.05     35.48     -10.38     420148
-10.05     35.48     -10.31     421151
-10.05     35.48     -10.31     422154
-10.05     35.48     -10.31     423156
-10.05     35.48     -10.31     424160
-10.05     35.48     -10.38     425162
-10.05     35.48     -10.38     426165
-10.05     35.48     -10.38     427168
-10.05     35.48     -10.38     428171
-10.05     35.60     -10.44     429173
-10.19     35.48     -10.50     430177
-10.05     35.48     -10.50     431179
-10.05     35.60     -10.56     432182
-10.05     35.48     -10.56     433185
-10.05     35.48     -10.50     434188
-10.19     35.60     -10.50     435190
-10.05     35.60     -10.50     436193
-10.05     35.60     -10.50     437196
-10.05     35.60     -10.50     438199
-10.05     35.60     -10.44     439201
-10.19     35.60     -10.44     440205
-10.05     35.60     -10.38     441207
-10.19     35.60     -10.38     442210
-10.19     35.60     -10.38     443213
-10.05     35.60     -10.44     444216
-10.19     35.60     -10.44     445218
-10.05     35.60     -10.38     446222
-10.05     35.60     -10.44     447224
-10.05     35.60     -10.44     448227
-10.05     35.60     -10.38     449230
-10.05     35.60     -10.44     450233
-10.05     35.60     -10.44     451235
-10.19     35.60     -10.38     452239
-10.19     35.60     -10.38     453241
-10.19     35.60     -10.38     454244
-10.19     35.60     -10.38     455247
-10.19     35.60     -10.38     456250
-10.19     35.60     -10.38     457252
-10.19     35.60     -10.38     458256
-10.19     35.60     -10.38     459258
-10.19     35.48     -10.38     460261
-10.19     35.60     -10.44     461264
-10.19     35.60     -10.44     462267
-10.19     35.60     -10.44     463269
-10.19     35.60     -10.50     464273
-10.19     35.60     -10.44     465275
-10.19     35.60     -10.44     466278
-10.19     35.60     -10.44     467281
-10.05     35.60     -10.44     468284
-10.19     35.60     -10.38     469286
-10.19     35.60     -10.31     470290
-10.19     35.60     -10.31     471292
-10.19     35.60     -10.38     472295
-10.19     35.60     -10.31     473298
-10.32     35.60     -10.25     474301
-10.19     35.60     -10.25     475303
-10.19     35.60     -10.25     476307
-10.19     35.60     -10.25     477309
-10.19     35.60     -10.19     478312
-10.19     35.60     -10.19     479315
-10.19     35.60     -10.25     480318
-10.19     35.48     -10.25     481320
-10.32     35.60     -10.25     482324
-10.32     35.60     -10.25     483326
-10.19     35.60     -10.31     484329
-10.19     35.60     -10.31     485332
-10.32     35.60     -10.31     486335
-10.32     35.60     -10.38     487337
-10.19     35.60     -10.38     488341
-10.19     35.60     -10.38     489344
-10.32     35.60     -10.31     490346
-10.19     35.60     -10.31     491350
-10.19     35.60     -10.38     492352
-10.32     35.60     -10.38     493355
-10.32     35.60     -10.31     494358
-10.19     35.60     -10.25     495361
-10.19     35.60     -10.31     496363
-10.32     35.60     -10.31     497367
-10.19     35.60     -10.31     498369
-10.32     35.60     -10.31     499372
-10.19     35.60     -10.31     500374
-10.19     35.60     -10.38     501378
-10.32     35.60     -10.38     502380
-10.32     35.73     -10.38     503383
-10.19     35.60     -10.38     504386
-10.32     35.60     -10.44     505389
-10.19     35.60     -10.50     506391
-10.19     35.60     -10.50     507395
-10.19     35.60     -10.50     508397
-10.32     35.60     -10.44     509400
-10.19     35.60     -10.50     510403
-10.32     35.60     -10.56     511406
-10.19     35.60     -10.56     512408
-10.32     35.60     -10.56     513412
-10.19     35.60     -10.63     514414
-10.19     35.60     -10.63     515417
-10.19     35.60     -10.56     516420
-10.32     35.73     -10.56     517423
-10.32     35.73     -10.63     518425
-10.32     35.73     -10.63     519429
-10.32     35.60     -10.63     520431
-10.32     35.73     -10.63     521434
-10.19     35.73     -10.56     522437
-10.32     35.73     -10.63     523440
-10.19     35.73     -10.69     524442
-10.32     35.73     -10.63     525446
-10.19     35.73     -10.63     526448
-10.19     35.73     -10.63     527451
-10.19     35.73     -10.69     528454
-10.32     35.73     -10.69     529457
-10.19     35.73     -10.69     530459
-10.32     35.73     -10.69     531463
-10.19     35.73     -10.69     532465
-10.32     35.73     -10.69     533468
-10.19     35.73     -10.69     534471
-10.32     35.73     -10.69     535474
-10.19     35.73     -10.63     536476
-10.32     35.73     -10.63     537480
-10.19     35.73     -10.63     538482
-10.32     35.73     -10.56     539485
-10.32     35.85     -10.63     540488
-10.19     35.85     -10.56     541491
-10.19     35.85     -10.56     542493
-10.32     35.85     -10.63     543497
-10.32     35.85     -10.63     544499
-10.32     35.85     -10.69     545502
-10.32     35.85     -10.69     546505
-10.32     35.85     -10.75     547508
-10.32     35.85     -10.69     548510
-10.32     35.85     -10.69     549514
-10.19     35.85     -10.69     550516
-10.32     35.85     -10.69     551519
-10.32     35.85     -10.69     552522


